#Object	Effective temperature	Luminosity	Radius	Chi^2
#Name	Kelvin	Solar luminosities	Solar Radii	
1608002534051520768	3159.395128302276	0.03125925604822204	0.5834746263804811	2.339706790436921e-05
1608004247742692608	5233.496184120886	0.5132279612141909	0.9221247257476367	2.734937548029974e-06
1608003977160533376	5499.950293901202	0.7370717172384306	0.9751497853116434	1.7222774911188156e-06
1608003904145283968	3636.6705833072774	0.09247884627572998	0.8415493086498596	2.695701819178083e-05
1608003118167073792	3190.7550138894294	0.00881511067727283	0.32364486577585416	4.7844526374663615e-05
1608003113872633728	3099.714057445526	0.006766806873482157	0.2852329016856596	8.514350004677468e-05
1608015964413482880	3111.884438339621	0.03977270829761231	0.6713229704170158	2.8559823427974652e-05
1608001640698323712	3981.1005176361505	0.0777346723994795	0.5924617010978639	9.264913621508374e-06
1608013941484658688	3682.463046312332	0.04256727813091391	0.5534535138009026	1.5016299149370348e-05
1608002190454136576	4717.0492599727	0.6727156233755144	1.2670974602364542	4.0044598693819335e-06
1608003152526812416	2875.6718782894313	0.005033297117992888	0.31460629533852086	0.0001427440856148793
1608014005908364928	3029.3753731664037	0.012524887386074931	0.5073069025430429	0.000123565301809083
1608013975844411136	5235.463406032068	0.36226356972704055	0.7366771964190784	1.3612755221191217e-05
1608001911280423680	3189.613152742386	0.00687219114390425	0.27058315159536167	3.771110124279935e-05
1608003285670007808	3778.3025500178337	0.12016280454567534	0.8612457371633806	1.920242735541129e-05
1608004694419302528	4620.087782852352	0.09218963279758097	0.5079242076877657	1.6398597099643317e-05
1608013975844396928	5592.91413327679	2.8721000079259578	1.812563451972598	3.71261299545776e-06
1608004419541554944	2881.5407536545536	0.003285598092058241	0.36982149674020326	0.00017164232452154918
1608004492556609408	4145.708896443248	0.15482260070662546	0.7717130349254787	1.579013256164333e-05
1608014182002826752	6859.408522769809	1.0719780772041545	0.7988978217527901	0.00012829832545827632
1608004767434516480	3500.575551390648	0.03900305054883979	0.644626939019058	1.3459906393769237e-05
1608014078923611520	4663.656094670296	64.83931268632104	13.140944913419052	0.00025146935721704386
1608001876920678016	3645.701330434531	0.06884143730936201	0.7240863660034641	1.5515872511054474e-05
1608016381026068736	3084.651951416163	0.01714613067013411	0.4894466243119095	4.131620067626674e-05
1608003702282627200	5795.2520450923475	1.967353034838524	1.3982403224311373	1.3590196947826738e-06
1608016136212198912	3895.487508252263	0.011858220286075562	0.3269214313805085	2.6126438166420986e-05
1608003599203411712	5030.298959696665	0.1429521370971871	0.5575850616887182	1.1592510154728608e-05
1608016209227377536	3303.594102814095	0.04305415963649754	0.6757436977711293	3.655525089366688e-05
1608001365820431232	4346.905470197089	0.17593797989613955	0.796819755140784	5.570916379342617e-06
1608004797498534784	4251.929456801154	0.08985058363780524	0.6126565330150684	1.560092895802769e-05
1608015453313132544	4863.136556129903	0.2832197993561074	0.7579017755128767	2.9071352055768635e-06
1608016518465023104	5852.3333543445915	1.5976584416981394	1.2893238264228302	1.3566790823681248e-06
1608001194021738368	5180.727463228177	0.48449548229441025	0.8867989987119638	2.276654519402222e-06
1608003805361842560	5587.869487126591	0.9613700275890662	1.0558632937181283	2.114688280699919e-06
1608016552824761856	3080.944421257591	0.011741939679140192	0.4163171583087318	6.731700858780258e-05
1607999819632204928	3791.0998743772507	0.08149401719266851	0.6683897448560255	1.1460867880969143e-05
1608017102580574336	4446.872681379318	0.19898536059618804	0.8015848578488358	1.1118653298308372e-05
1608004595635825152	3280.831285624299	0.036516644774714654	0.5923114721345711	2.542370357756515e-05
1608001159662000512	3321.3586017582566	0.03775220026106104	0.5819203302718986	0.00011702086256393262
1608001262741215744	5700.13586351939	0.740191156935374	1.0170975330591019	1.907574850698436e-05
1608001022223045888	4141.752188222017	0.13337621261203703	0.7172655340239229	5.611973880179961e-06
1608016621544238464	5383.7755412911065	0.4850621827689359	0.8286552501822978	2.2642349118942575e-05
1607921032753054592	5205.556002706289	0.7006732131081966	1.241059673268901	3.1289373360039676e-06
1608000816064616064	4084.8622856335714	0.15057197329106478	0.7842477419349296	7.915276130269027e-06
1608017102580574592	6645.717523824424	1.1997494695177324	0.9286919022203355	0.0001046508405644343
1608000816064615936	5048.035634616972	0.3678876955425699	0.7974047644384628	3.1871363612170315e-06
1608016827702668928	5955.873900690494	1.6720415864868687	1.4443079036518944	6.520799870262757e-05
1608016857766733440	3117.021826431155	0.010180352104965745	0.4260705949488499	2.8898241209200627e-05
1608010535574860800	3499.953822430107	0.0033936953050740532	0.5787977634898961	8.643560913018948e-05
1608000884784092032	4620.615478344262	0.24061101773874538	0.864237839816594	4.1174535159498755e-06
1608017171300420096	2918.5452929197345	0.0022483901444138236	0.40953434226102525	9.7522654070786e-05
1608016823407002112	3092.140577476239	0.01949738594651178	0.5002379931741419	8.146294146643374e-05
1607907804251759360	3078.9761753211496	0.003818498912116707	0.2404461271097978	4.391038099197122e-05
1607921067112792576	5435.193886829256	1.2824608556938226	1.484358751054325	1.1773731801783625e-06
1608016754687523968	3699.720362019434	0.014788776203741128	0.39450831558508626	8.65892927606377e-05
1608016930781884160	2925.7156270276755	0.002391853999691929	0.35968538904108044	0.00014200319586808963
1608016896422160640	4520.678978668875	0.2070382093799978	0.895209321457748	7.935232185617171e-06
1607999712257163520	3148.848612693837	0.01579672581209264	0.4606794272221724	4.6199940148205715e-05
1608000674329794176	2839.1440142149804	0.0018512613871674926	0.22284194940299615	0.00010195201075706949
1608017377458481920	4716.757195671089	0.31789581617569224	0.8937723765289431	5.894038527973035e-06
1608009401708204416	3053.9175245258957	0.01907137748507717	0.5150732695939856	4.259633845688091e-05
1607998067285891200	6041.625543520786	0.48044327568174866	0.6377106397449668	8.544359533093431e-06
1607919654067153664	3944.147135615349	0.0829356158478936	0.7125147992221291	8.628692469351479e-06
1607907048339566720	4597.587500149384	0.24021616613592922	0.7853283078478313	4.541059905827061e-06
1608010849108193536	5663.870944979135	2.2828769339458748	1.5760417347506865	2.6005318906211146e-06
1607997792407652224	3995.5990214645863	0.1304728652029788	0.762957082917315	9.68036953440021e-06
1608018747552465920	2903.0139327049255	0.0027787545795582916	0.4287535932224591	0.00011375157749285275
1607907941692748416	3732.539584650658	0.16356535896404528	0.9757953744484636	8.735639291656754e-06
1608018713192582784	3099.1338796913624	0.01001291305655067	0.34599771738533225	3.689040396915053e-05
1608018854927594624	3285.090922191739	0.011399001448837492	0.3358337225230162	2.212756432131015e-05
1607997758047913728	3645.543222617707	0.05875325890662516	0.6579905188737195	1.1753432822868069e-05
1608009577797888896	5790.2485017657455	1.0602701774983834	1.1253342102394381	1.2825964324859426e-06
1607997998566071040	3767.4842782166525	0.06206153295969785	0.5889524207686065	1.20725961932222e-05
1608016999501361024	4236.255727484822	0.11731652547721502	0.6651121138764011	6.699128928864756e-06
1607997994271722496	3300.32135843765	0.014720888508577157	0.4384797077015287	7.770321222185505e-05
1608022600138715520	5774.8171358362015	0.9098807394217622	1.0080294184600367	1.3411215942409476e-06
1608017033861099520	5800.241467142041	1.0762834548156883	1.1833520658288843	5.042575001410579e-05
1608009818316057600	4695.569444485009	0.4740650899263129	1.0719501691246536	5.5600014203719e-06
1607920551716716800	5506.825081694842	0.3890514974222394	0.7180666258638487	1.4642318434329894e-06
1607907632455102976	4719.484144449234	0.37301077395826643	0.9181001489313734	4.654939842502534e-06
1608010883467947136	5478.280290530529	0.8820951014111506	1.0574677207184913	2.014727611448223e-06
1607907628158753024	3449.2834479548037	0.016885190361982078	0.45182684554422436	3.7798275424559935e-05
1607924331287938176	5143.270865328814	0.37314652527401293	0.9161261178750496	2.0663496983922145e-06
1607997723688162688	5605.969272553921	0.41528577767629593	0.777945128731599	0.00010403680538913779
1608010952187409024	4388.18359375	0.16876492327766796	0.7500987423136227	7.938012133502925e-06
1608009814020771328	2912.8022004597005	0.002273690375742753	0.34518701113294004	0.00021332827414388887
1607921204551745920	5678.861062992364	0.915389922026045	1.035115780016336	1.1113748805045998e-06
1607999510394902784	5004.3289214372635	0.3221310372281378	0.7940496458439056	2.512607821892358e-06
1607919344829501696	4039.4769166596234	0.03901980853393497	0.5015301293247468	1.5081868794368253e-05
1607924331287937792	3609.486745297909	0.04185278576080312	0.6100793272539357	1.0130573130718578e-05
1607920551716716672	6185.827994160354	1.5533238992499694	1.1746601971464181	3.0812070819251046e-05
1607907598095364224	3090.695674517192	0.02010635622112354	0.5110684982642024	2.4852502322647564e-05
1608000197589327104	3380.869710445404	0.028312874663247754	0.48685898150913504	2.6302268632450885e-05
1607919417845362688	4121.4509381353855	0.13161814362114346	0.715297782915214	4.811467623022461e-06
1608010260696776832	5829.426951321075	0.6597699439851641	0.9476902894730413	4.924730106821576e-05
1608018610113375360	3540.909895207733	0.032644279710386706	0.5225779391791557	3.399959393723507e-05
1608010917827685760	3300.2990824053995	0.015320600189134828	0.4072948523504764	5.770691452862773e-05
1607920448637500800	3053.564453125	0.012755334916913023	0.4470283074114645	9.442496113973646e-05
1607997586249208576	6264.645124906674	1.3073927559562883	0.9718642742348874	2.069636939935437e-06
1607997242651826816	3185.4116531379987	0.044649125414085784	0.6879810646242122	2.45048410368835e-05
1607998853263681280	3636.7971315979958	0.05928915400998501	0.6548451348051462	1.4131063712633474e-05
1608005317190344064	4038.4871766741708	0.08285968440694255	0.6188494119426382	2.2274192700780514e-05
1608018992366171904	4709.067189727648	0.234700251070145	0.7952851275890179	3.997994379803566e-06
1607919585348867712	2904.629893898964	0.006371803168648378	1.3927067965874331	8.77794271996043e-05
1607924606165844992	3096.1684500571573	0.018346951932347283	0.4807560952941146	5.766360352863566e-05
1607903784164421888	4267.696368740872	0.1744512939362855	0.8120430097548421	1.592164394657717e-05
1608020499898807936	6119.473237567581	5.031642072197009	2.114643847920305	2.86252093752399e-05
1608005351549084672	3177.652663886547	0.01980084895234795	0.4565263655173454	7.27862378791441e-05
1607920723515408000	6217.509983785203	1.9853344801727335	1.2162967982798485	1.7094865183888264e-06
1608018442610357120	5808.698085788637	1.6025434493941881	1.2908776866913594	1.305490501467976e-06
1607906700445768320	2883.230107650161	0.005333990391381497	0.31755270816400855	0.00023787901558209776
1607999231220822656	3499.8615624010563	0.013907273934451016	0.3850759480616226	9.188823149623292e-05
1607920345558285312	5031.313162813894	0.24472371973350954	0.6858327918422372	2.849106727560734e-06
1608011295784807936	5295.276718400419	0.17818191964709304	0.5946323241080457	3.355584929030214e-05
1608011295784808064	3774.161861909379	0.04982793995615147	0.5252382159659015	1.2445137026957618e-05
1607920620436192768	5573.240534792421	1.8082222852995324	1.4497747129747596	1.0667770028680753e-06
1607924571806106240	4215.278611597023	0.11895559030808499	0.6733160092862093	4.959957175342825e-06
1607919486564840704	3600.1111168786883	0.05284441881122206	0.6424299074177726	1.182063830979175e-05
1607997105212872960	4792.826757910661	0.28967515703302477	0.7846148237278486	4.401849221591073e-06
1608011364504270208	5746.323347091675	1.705392766013995	1.5449356719768252	1.1970353856924203e-06
1608006244903623040	5171.004986297339	2.8549860846168644	2.385634939831965	4.275247375808933e-06
1607907254497980288	3976.4880831353366	0.1342124148397784	0.777992817477657	6.39812996580422e-06
1607920306902179072	3090.158563243167	0.004293708903575513	0.2393825572334673	4.332447813094436e-05
1607907422000275968	3046.4261849876493	0.01092711815174953	0.4380523269666946	6.874125577005982e-05
1607906601662967552	4098.2329429499805	0.10125001633830712	0.636095852373384	4.809048473181042e-06
1608019198524602368	4341.903825236368	0.12499175685038433	0.7091996104168777	9.089718050658123e-06
1608023111239155968	3228.850578251295	0.02865306073065473	0.6245829616495191	5.2567968298927564e-05
1607997139572623872	4835.789177860133	0.22613593938309307	0.7173145046325419	4.652217785168149e-06
1608007099601018240	6527.634889972833	1.1535525432782168	0.8416793329219564	2.745493552630989e-06
1607924022050292992	4388.534070051974	0.16350035120732712	0.703983329373839	7.776086101084072e-06
1608010329416450304	4580.437007098226	0.08267720845106964	0.5023775182939104	8.070987300636429e-06
1607903715444944896	4442.389691323042	0.24235477386800278	0.8771537770267575	3.905277999877885e-06
1608019301603816576	3097.6942359393433	0.01729070348910843	0.4625192400412834	6.342733969954588e-05
1608010058834226944	5537.489654815727	0.5880144444037239	0.8387828190002891	2.7843289959271657e-06
1608020671697729024	4790.400315821171	0.5149259760682889	1.0482540097111597	4.3824121285062925e-06
1608006657220141184	3863.3831597690005	0.07916191437502075	0.6329734019894565	9.778169105554304e-06
1608023386117072256	5276.684486190788	0.35030271393081097	0.7712477927703487	2.135048164217132e-06
1608010368071872640	5990.036943985615	1.9630022625928398	1.3112806571414108	1.2647321433950265e-06
1608023798433689600	4521.392405014194	0.2101296401569904	0.857842898164508	0.00012071371568915266
1608023802729920000	4095.008009970188	0.12649974886876675	0.7149648747403089	7.793605556748961e-05
1607917768577920512	3454.8991837831272	0.010149700732294507	0.3884334334824517	4.607103030429075e-05
1607996933414193792	5079.865437437547	0.34019762674127274	0.8402019485778564	1.2500470171678904e-05
1608019262948402048	5275.120462070736	0.42061209011396	0.78758665533654	2.316130876645609e-06
1608023145598901248	3511.3910707848117	0.043758318150757876	0.6554143955359443	2.0129247330166086e-05
1608018133372714112	3089.4824909046292	0.021986199950737573	0.5386708192422763	3.184582487659314e-05
1607923674156574592	2911.2258549034595	0.0028380371329384682	0.3699518731026124	0.00013900762671432252
1608023974528250368	4667.457674145699	0.5451843333892921	1.1346188620140305	6.977430114123709e-06
1608005175455581824	3658.1174866482615	0.11192582656991024	0.8567353513797843	1.518538096577782e-05
1608005897010124416	5224.623341624392	0.30784054093531543	0.6873628657531026	2.143208889378128e-06
1607907185778503296	4638.44803844986	0.1416923596119817	0.6098283113268322	6.843394594835218e-06
1608024008888347648	2864.6329733729362	0.001826352612559113	0.22967492035297027	0.00012242520973750412
1607918799370071424	5018.094887922343	0.2106923989995286	0.6288158569693184	2.307360453893042e-06
1607924125129496576	5739.713355861604	1.883859651939794	1.396261117803675	2.1690371474826975e-06
1608023248678116480	4431.383286332712	0.26872677495388364	0.887401484937123	8.487359783641703e-06
1608005901305896704	5026.469273306429	0.46006633984691825	1.0519999940542966	2.139003853406246e-06
1608007138256465792	5541.638702019118	1.7725237744930413	1.4528871893402084	4.170180323419137e-06
1607998926279019904	4501.431830227375	0.23715947015602504	0.8643597445773644	5.655207192074707e-06
1608005209815530752	3010.7902023009956	0.004590606180467189	0.3274866477679466	0.0001032695542705155
1608019473402508672	5437.698870019522	0.998537176133958	1.1749607690048693	1.957164082543942e-06
1607905914468183296	3678.4918628633022	0.10136791657805752	0.8824661324541023	1.2476221223810221e-05
1608012670174343680	6124.30113656912	0.811881715229742	0.8029527981644606	4.315393260218952e-06
1608005587777241344	2886.6711314208806	0.006484723677824073	0.3420969743929392	8.241086643856859e-05
1607917764281525888	3239.3444260046817	0.013109108601218939	0.45527869954124567	6.039784931029298e-05
1608023317397598464	4582.475778524531	0.1784134457521458	0.7008259253058409	5.387323467935714e-06
1607952158379249664	4241.583606116474	0.07626395534922113	0.6390809534321464	2.160500933146567e-05
1608005007952712320	3841.738147318829	0.08423124503103448	0.786562245885706	0.00014884477330094848
1608005587772462208	4742.0428220240865	0.1187741997353731	0.5136013142690512	4.794863944778191e-06
1608005007952712448	5923.153686127625	1.1236565480371923	1.1481190288990741	2.0360481126456137e-06
1607903470630027904	2999.893264983257	0.023636638194805697	0.6252213770770751	0.00012366707667200915
1608019366027634816	3327.196530997753	0.024796346299605254	0.519987070287282	6.581777531574915e-05
1608005141095850880	3108.6251219641417	0.013903191115980209	0.44437082443256243	5.0639496592054635e-05
1608024077607465856	5514.905076717259	2.877921473310031	1.8688126205432958	2.9433873455918573e-06
1607925327720339712	4035.3805739735253	0.3887454660863918	1.4049809435197493	9.600281177755314e-06
1607922407142587136	4600.491870767437	0.1728732550784342	0.6635130951379377	8.883439638539643e-06
1607951990876409088	4827.798955589533	0.27134111916149234	0.8871794674398067	4.179946361205763e-06
1607917940376611712	3085.983089375077	0.021664276057981467	0.5441543365679595	3.6435661928142465e-05
1607996795975239680	5751.952121206559	2.633686897912007	1.6688453381809412	1.4056860965320325e-06
1608023283037863552	3213.067617416382	0.011757169538029754	0.435180933023987	4.229049203864044e-05
1607996860398821376	3099.888120791875	0.011445602170889082	0.3717214695879915	6.203142883804694e-05
1607958072550101504	5100.220805320423	0.39046915099852253	0.8699159202576956	3.612841568069001e-06
1607996894758560256	3272.8445620142156	0.013183910737150934	0.3531234533183002	3.028408849732826e-05
1608008272127845120	5001.512652039528	0.38583165377270473	0.9605959351726736	5.432991634204774e-06
1607996413722082304	2954.29674256593	0.01062845472553496	0.4879449723067573	6.154415534613898e-05
1607902684652815872	5009.7665780596435	0.38843329598157394	0.8418317948337778	2.9719029030985526e-06
1608019542121985024	3237.7266454696655	0.026971501999641472	0.5219839028769461	5.389001773798591e-05
1608023321693222528	4522.332936525345	0.272751231319656	0.9534955166155338	5.516452359067451e-06
1607951475480333184	3091.545448101824	0.029637348396560903	0.6133241288257569	3.5895734346494245e-05
1608021500627073408	7659.074087440968	0.0005116428103614391	0.7336885091900124	5.082995595545076e-05
1608005622132205056	3399.7067388455616	0.04537277403050905	0.6397263288962413	2.6931114923287256e-05
1607923953330814080	4834.554425830138	28.314318808625156	7.9570919542428316	2.279317437502116e-06
1608012768957915136	3393.945023417473	0.02267832794777145	0.5011224364316736	5.08208324022471e-05
1608005729507205120	3875.3497281263117	0.08071947450562884	0.6833408563366509	7.547998123516688e-06
1608007511917709440	5363.926816461026	0.8502596665944735	1.0726466694737338	4.188469328703039e-06
1607903406207321344	4087.8159459214658	0.09446727750276554	0.618824512177934	8.969212503871176e-06
1607924812324263680	3034.071013214998	0.009343481717700513	0.40046897931949604	5.313570621029749e-05
1607917906016873216	5950.302709490061	1.7956585615144465	1.396597234251169	1.4395575937880532e-06
1607922063545203200	3735.3750781767303	0.07349873649299458	0.6531050333205477	8.383704161171396e-06
1607918936809011584	4004.094529705617	0.09755156641332392	0.664686655608724	5.9250946935975025e-06
1608021260108905472	3865.5709348386154	0.07659707634678828	0.7184755471469925	1.4138702485181866e-05
1608023523556119552	2857.8247050107166	0.0019041812470664845	0.23273755526424314	8.765252734661753e-05
1607903303128084096	5646.437407135963	0.5642032735844593	0.8813220219475998	2.941106840941259e-06
1608024764802234240	3142.839982075384	0.020379523485029857	0.47970714921490215	3.3051902619408726e-05
1607952059595886336	3991.407874552533	0.08323933322147019	0.608479309884864	7.077271834094708e-06
1607924812324263296	5250.480882567354	0.7823649078603374	1.0742402372212436	1.5903012171604407e-06
1608008684444706176	6281.282338116944	1.450585033601393	1.0182903091815063	2.016175405154662e-06
1607958106909840384	5333.902469824534	1.6272761344189532	1.57841625025979	2.539398147547455e-06
1607918936809011456	5573.626701068133	0.5053186685213893	0.8592807194525948	1.267757334333783e-06
1607921956169622656	3376.941308194364	0.019484557245049345	0.5030598759729129	3.5812059327437916e-05
1607903127034466176	3354.128907993436	0.033426383734480286	0.5393457466273529	0.0001720610594319708
1608024249406167680	3288.5836446424946	0.011529912676303326	0.328974236381806	2.1875683092125958e-05
1607903127032637824	3155.6981393136084	0.019814995508154794	0.4658342859446088	0.00017698884929911855
1607918283974544256	5680.543642938137	0.7370284624776597	0.891005163244372	1.1380542938636202e-06
1607958209989056000	3779.036754154222	0.1044563559024387	0.7608608775993386	7.611149196975103e-06
1608007443198374528	3014.646978378296	0.006375635630400278	0.4042686254742734	5.205185117853744e-05
1608005557708513152	4986.865142445458	0.27709598626405496	0.7523548991457231	3.6465263207135964e-06
1607918352693471872	5642.77470794259	0.8660388630347021	1.142178948073595	1.2714178426100293e-06
1607918279677603840	3121.8048425664892	0.03214930558791745	0.6338257197475082	9.523583890083383e-05
1608007550573339520	3100.197789631784	0.020018153629632288	0.5099742661713511	5.491619935128301e-05
1607951372401117952	3414.3792057875544	0.032886767913320895	0.6317079176183995	0.00011641253343377234
1608007550573339648	3683.3718548715115	0.07030496312425931	0.6787627413363057	1.4755789132669246e-05
1608012979411974400	5712.380661442876	0.9749721226075041	1.0139895949018014	1.6576189301661782e-06
1607958622305916928	3347.9417772218585	0.03426616362482138	0.5489054406381588	2.3088710796832264e-05
1608023557915787776	3088.445156463422	0.022524806256011012	0.5491130103118455	4.206045204106429e-05
1607918627571366016	5936.223469534889	1.2021858332110895	1.0429177554370925	2.129784814493639e-06
1608013043835838464	3010.6688038632274	0.014275780701326766	0.5474498031484535	5.927450085818884e-05
1607996211859686144	5399.833341576159	1.4099053953420586	1.4954889959401503	2.2401867515499227e-05
1608021569346550272	4155.562948269289	0.12067301923980608	0.7915767109010109	3.2163014177129756e-05
1608008783228236160	5698.479775283486	1.67772828309464	1.3435021524768782	1.5607550180878475e-06
1607996349298640256	5418.418506653979	0.6402949023121097	1.076561339558521	6.617665764447124e-05
1607958553586439936	5747.6474030688405	3.3527093249380835	2.1700845338804	1.7299306212013064e-06
1608012017339315072	4183.35224536946	0.45859175361361015	1.3903163573029234	5.5412951306047e-06
1608113447287821184	3665.3695592394797	0.0687303085178985	0.7222376068143169	8.563772919781745e-06
1607917420684136320	4148.288845139905	0.17183209302072136	0.8592798755686369	7.71631905838292e-06
1607923094337344640	5120.035764249042	0.49063714689524507	0.8989859617623085	1.860306207425358e-06
1607902512854123520	5955.470287799835	1.1024196993052195	1.030358335309799	1.3590880656452261e-06
1608007168322216832	3619.712032005191	0.023524458544956845	0.4809080479632764	7.85220123300993e-05
1608011742461758464	3290.1527855817403	0.02118127104680548	0.44392795121611567	3.9797799216003564e-05
1608027101264429184	5137.506581548951	0.27985737746948625	0.6802560244586561	2.832239769923259e-06
1607922299767013760	4666.174789890647	0.22744265819692244	0.7333508064291879	5.676417134041781e-06
1608024421204850432	3144.41459702095	0.02203797275775193	0.4951222051102328	2.6002056055604267e-05
1608113447287813632	4746.214091578731	0.2750996282327214	0.876618808540165	0.00019894149765243852
1607902508557342720	3787.4261326156557	0.09230960707623413	0.7127960731703556	2.595803969666739e-05
1607925190281386112	5359.289097189903	0.6341683532520388	0.9747626088379342	2.604684464048186e-06
1608207451235932672	2948.394536972046	0.007366703362843002	0.3775066224330279	0.0005685920493918165
1608207283732639232	3989.497326775454	0.08078509792447391	0.6559654203495049	3.152960136509143e-05
1608024416909359872	4480.4007006576285	0.226693031098037	0.7958330732617007	1.2587698714522059e-05
1607902925170961664	2932.4131546076387	0.005357702508322742	0.4149908434205116	5.581882722882909e-05
1608207313796112512	3437.889742712723	0.023743696769533557	0.45617441695521327	8.339291468472047e-05
1608009165481030912	3855.8036321774125	0.2575156726614027	1.3517269143483517	0.00018424642453314502
1607923158760480896	3290.1447508018464	0.03141699870003016	0.5659855777790983	4.0077342122631524e-05
1608009165481031040	5022.577678784728	1.072013591500725	1.519228243712879	1.183963700087034e-05
1607925087202170496	5339.018550189212	0.5939134472714563	1.033298053988127	1.717442630005115e-06
1608007683716569856	3092.1301092021167	0.013128963628367647	0.41428495047572667	4.535959260006793e-05
1608012910692513280	5713.773175225215	1.1887492754057316	1.2471642943429773	1.512772730015643e-06
1608012841973036672	3810.2974763140082	0.09378763287193263	0.7078792634554605	7.05266559452883e-06
1607904501422166144	11063.417482376099	0.0009043505080325154	0.7202561429588972	7.280379015847893e-05
1607960237213606400	4675.496239651402	0.3070624505622524	0.8721308273739711	4.899034701353968e-06
1607904505718926080	3195.6214768241625	0.021615514220918074	0.4792270780451721	4.654943543856104e-05
1607917145805899776	4708.974971942371	0.24013934685942995	0.7398185115421134	5.660760646017944e-06
1607902130600214272	3162.366155520067	0.017325614029736237	0.511717147416059	3.778075592930821e-05
1608112755796141440	3005.875600501895	0.006979758487656797	0.4629671092040094	8.674339166778969e-05
1607921445069912064	4659.042757563293	0.2545342029287008	0.8343155814992267	6.822120192724898e-06
1607902444134646656	3177.7781209796376	0.024915909824997157	0.5121581602539622	3.645169262647327e-05
1608008890603143296	3961.96672472317	0.1136227770183718	0.7231809246473149	9.209612764734825e-06
1608013181274812160	5163.40505450964	0.25251649991329234	0.6491947087704203	2.724669494659751e-06
1607957832031933568	4621.44091129303	37.48079964591528	10.089333003456604	5.610273370872326e-05
1608007310055171200	5179.5248568523675	0.40198791350674173	0.8016647318830195	2.1364393132841776e-06
1607923541013943552	5285.621432433254	0.3994634508000197	0.8033261127324907	1.503285825176761e-06
1608007305759424640	3200.2797897359414	0.02147118102192289	0.5156159436521689	5.752460955369254e-05
1608007408838643200	4760.105433873832	0.23725927960251586	0.7198944221356537	7.478973919676794e-06
1608024661723006080	5834.556791689247	1.9456902318510803	1.4143162726062484	2.2695773792822628e-06
1608007344414909952	3500.0782008690294	0.022020519306412776	0.49410780767252876	2.2298140931205625e-05
1607918382756818432	5371.4134910702705	0.12345546819194239	0.42387709525119954	1.0509692939748323e-05
1608025864313862144	4309.362710863352	0.1685924167836444	0.7814546444575174	1.3056807019788507e-05
1608022187821841920	5829.653719853377	0.8163920152433153	0.8912821286382063	2.1028328535094338e-05
1608013563527527424	5399.842844426748	3.1316441406981865	2.3723710771895803	3.669761993509856e-06
1607918451476297984	4682.248705375241	0.15230871268723045	0.601912938283233	3.2804293635303628e-06
1608024936600926848	3899.736805446446	0.0684177254367305	0.578872625343312	8.365399920166351e-06
1607960202853882880	3014.8046366218477	0.008925310863456774	0.49354907399802034	6.651188422116607e-05
1607901310263257984	5652.195937698707	1.2893216478364988	1.1899804276263475	1.7869786735822246e-06
1608027582300766592	3900.0488192359626	0.08675698974443215	0.7041442349904008	1.4983458485577888e-05
1607905227273414528	5351.237656056801	0.5566134093682369	0.9327615038839279	1.5241138993340927e-06
1608027444861812608	4168.5845426387095	0.09723906037559076	0.715281097100946	1.4701032262971564e-05
1607902787732029184	5164.542346782982	0.5123935846560032	0.9247410846233209	2.2389998747778298e-06
1607902100537261952	5788.383504748344	2.353993820910344	1.791587610546197	3.7019223483397956e-06
1607902031817785600	5027.352594076365	0.30202385392710973	0.7899082480631403	3.3617763352648007e-06
1608024730442482688	6046.35959659412	1.5753687840147625	1.239714671368949	1.2194775129092584e-06
1607902237976216192	7433.526472859085	8.217499533018932	1.7365528794449527	2.4643453180025865e-05
1607918455772673152	5304.421419527207	2.479044118083608	2.0059110187801905	1.3565562015388835e-06
1608007340119161984	3439.6837112214416	0.03271026363528806	0.5276312477029003	2.856594646383802e-05
1607918455772673024	4470.023060694803	0.2657092477494293	1.0159957582015062	5.457221542971583e-06
1607905222976676224	3489.8272242872918	0.04252389321750593	0.5670933996180552	2.3392782677551637e-05
1607921479429662720	5130.40184346959	7.020828087216992	3.4263841529312185	1.4339536013184229e-06
1607921685588080256	5583.491033420869	2.3988952490070763	1.662878102218293	3.1042798605714502e-06
1607905227273414400	3289.0991079912055	0.02524558560978829	0.48702794574935737	2.8633456176839082e-05
1607911480745797120	6214.319609999657	2.32046391820343	1.3158431362483862	1.9190628035431936e-06
1607904432702677504	3033.5819052532315	0.005287566607747447	0.372413244348017	0.00011163921429495783
1608026001752816128	5546.631133183837	0.49004598844566966	0.8787151051801877	2.1160711433956957e-06
1607912236660041088	3627.9845848865807	0.0595804786098366	0.6685787826846551	1.0002620139373586e-05
1608027646724787584	3633.4992380579934	0.09935467659737827	0.8350822246854771	2.4106308536563258e-05
1607905055474739584	4525.46206674393	0.2934263204118246	0.9188524497066203	6.560746744499552e-06
1607960095478877440	3800.119991712272	0.06190616365281923	0.6390652273547317	1.9774672389437488e-05
1608012287921670656	2936.4079173636856	0.001995545813873086	0.26217662839313305	0.00010104139024950041
1608009062401816448	4747.332100050116	0.2736684583060322	0.7773657549903135	5.595580163473935e-06
1608111072168949248	3264.8768482077867	0.006749175070076044	0.27506900589523403	2.914784129690045e-05
1607960340292837120	5632.2693494345	1.0999715566310853	1.1075015239809014	1.5738378667650152e-06
1607959133406168832	3399.822739396477	0.012719221905977521	0.34170956762677235	5.0523423875480265e-05
1607960340292836992	4962.8626064019045	0.3353529660786912	0.8884914877443398	3.2001136869791662e-06
1608009062401816576	5856.279699190054	0.5906114760537265	0.7666251427259774	1.9353506628962147e-06
1608007825451247488	4469.021139215911	0.15938381484166392	0.7528293872295884	8.495581624335702e-06
1608013593591780224	3197.8829465080344	0.008124688065505106	0.294418387645502	4.397800342804973e-05
1607922578941278080	3586.0195500403643	0.07354298916885998	0.719587602186892	1.484713577298529e-05
1608007928530462720	4851.602141093463	0.693388582802198	1.1874069625012384	2.985404842970079e-05
1607922986961080704	3328.148395307362	0.034811704554679836	0.6810169230065429	6.197518510190448e-05
1607904230841018880	8635.656635761261	51.185530502841196	3.212806711409463	4.887111475870712e-06
1608026036112554752	5382.561230936553	0.8043970599484188	1.0513997092544032	2.4131428114030494e-06
1608026207911233024	2980.9091185824946	0.005934655344718823	0.3206666054029028	5.2143414417997076e-05
1607905188616931968	3100.095180887729	0.0304287730104604	0.5946336794774801	4.791517868724987e-05
1608111175248169088	5749.577047921266	0.4885545733243414	0.7091818848970765	1.534997809852757e-06
1607922986961080832	3096.2458745902404	0.022966705985542832	0.5304635219221969	3.4895558712421506e-05
1607904982458496640	3339.8651080951095	0.03737469585633729	0.576259007376955	3.073153444400589e-05
1607922574644916992	4149.51140104793	0.12932024217061316	0.8070533804376182	8.61294002319578e-06
1608035759918528640	5673.754620781401	1.8248792449666595	1.5148949216294503	1.4995033837195603e-06
1607922578941277696	5157.140879404906	0.3081467986711923	0.7452810023911113	2.196265974617851e-06
1607922785099698816	5077.729702241959	0.36532599645958375	0.8014065661098663	2.473110298544226e-06
1608110767228227968	3482.6121938973665	0.030592515132190082	0.49009130316354	1.166192034488592e-05
1607901275903540736	4863.011824244168	0.3794563904547245	0.9103066695057987	3.4524237363490855e-06
1608027822818935552	4641.355058556655	0.38199242252310933	1.016675682543853	7.839851131903432e-06
1608110762931303168	3500.0294768222375	0.01768189254325893	0.4421102137489604	0.0001460941823960804
1608029162848732416	5223.855208173045	0.5849980800884187	1.0039841387215043	2.2003329999222104e-06
1608027749804015616	4615.616778724361	0.3725624226254466	0.9594069707324763	8.878816848110496e-06
1607901207184067200	4751.4636105299	0.19313530636505302	0.7025478451874079	3.513948367350859e-06
1607912163644159104	3012.4691426754	0.010861972554622588	0.5348242418956766	6.941216116961149e-05
1607903917306592640	3373.573901660129	0.05799009299823495	0.7209789584146105	3.145436442571529e-05
1608026104832018432	3300.011012109462	0.037347195620823344	0.5909033639825947	2.4112860037723156e-05
1608013700966481280	5518.990902900696	0.6741809572097324	0.9224048256025885	1.7907178674802658e-06
1608110561069789824	6011.167343016132	0.7456272209499696	0.8867914862141619	4.509042828388345e-05
1608013700966481408	5539.594030380249	0.643503208857125	0.8765767675075788	1.8473800188161857e-06
1607916664769912576	3445.5405546425027	0.029249392023667706	0.5268639404340151	1.9695391804272905e-05
1607959206421470080	5331.946320311545	0.49987923412174573	0.9600295529391917	2.3236435258043806e-05
1607912163644158336	2936.8278915359406	0.004791879173384939	0.3184422848226996	0.00010025933979255185
1607912438522071552	5474.539368781261	0.48649436732526463	0.8837274970304605	2.0764110703089483e-06
1608032766325649280	3153.1258777948096	0.025782897271486676	0.5337868628274751	3.8094989213003155e-05
1608026414069677312	6141.424983087927	2.4102921659222942	1.373233406596092	1.7193943304322635e-06
1608032839340767616	5124.038778245449	3.088530300561703	2.2473376671808287	1.877880808165005e-06
1607912129284420224	3106.2455054279417	0.01261529797498755	0.43744377300612486	5.398306452148234e-05
1608032495743396480	4779.956084821606	0.4406262465519855	1.1056156929784833	8.044869516038392e-06
1607959240781541120	5099.598552903626	0.8142954568488266	1.2123410569523878	6.330015326881158e-06
1608032491447728640	3283.77890358679	0.028165598776424647	0.5144636812651101	1.81627424943775e-05
1607899038223747200	4225.9052104167495	0.1081759211697886	0.7225993947918948	1.0215756738500564e-05
1607915363396219392	3099.727121866308	0.011749099738106015	0.37522788475039554	4.5410037767579226e-05
1608110939026912128	6877.171460688114	0.8393287261049988	0.6916889351762205	0.0001286588411927729
1608032564462860544	5199.864660424537	0.5599982000899051	0.9521139631121212	4.1619344890348545e-06
1607903917306587264	3849.486875832081	0.0709687071447885	0.6784453303564313	1.2203423314109656e-05
1608036137875651072	3771.8618965148926	0.053846646471984075	0.5496444766685404	1.5374732388396646e-05
1608029265927947904	5668.057691231661	3.4450358508799708	2.129974792231626	2.2773041690967447e-06
1608110522413126272	3029.8717296417453	0.011865536993361023	0.47651448770949295	8.425439928877367e-05
1608110595429527936	4799.850236556958	0.609537903819182	1.1659187281572998	1.0654250848093948e-05
1608029437726639488	3098.3044082840206	0.03777546536784017	0.6783704202691152	4.150841513338572e-05
1608032869404867968	5256.81416971609	0.30182593207255465	0.6674276491961696	6.256368246378439e-06
1607916939647127296	3130.8447439463635	0.025368682979524684	0.5400372005931556	7.311346599465613e-05
1607899283038692992	4376.355628379824	0.2346454262816434	0.8478610330634121	1.6238574524840072e-05
1607912335442850304	3100.1917108660564	0.01254798976338946	0.48210512168556624	0.00014641535329804758
1607899248678937728	5863.89151965268	2.0517069208713683	1.3940515654067167	1.1189754594312164e-06
1607911068428936192	3104.926703486126	0.029891803318925943	0.5908117911228695	4.59923783798041e-05
1607903882946847744	3191.162981434609	0.01840171577256084	0.44086823709457534	2.7094224726413905e-05
1607984426469419392	6010.797798130661	1.728444190150067	1.3345933990148247	1.8363375582491777e-05
1607959721817546752	3250.3328427672386	0.0334607456427197	0.67928818593468	5.0914945346522974e-05
1607916875224699264	6187.868452646071	1.7595305550868117	1.1785450421337673	2.9070151866878785e-06
1608029433431207552	3086.69804032892	0.007697322352684098	0.323285938788242	0.0004317438862405332
1608111007746389120	3073.4054651437327	0.017199403238648037	0.5327275134257556	0.0004797485569255615
1607899248679488000	3659.8219871520996	0.03500690690710366	0.5121183031055055	1.308237361030522e-05
1608036889494402304	3210.8452983316965	0.034724523191567463	0.5994509200923958	4.128418076142887e-05
1608104651194789888	3700.118789076805	0.07982360516476307	0.692525975144144	1.8754463013044833e-05
1608029261632517760	2919.9827725812793	0.005704148951036906	0.6260758438232085	0.00010537830252161889
1608110801587958272	3077.430075109005	0.010710204630341216	0.40772273841446866	4.1884734647151266e-05
1608104616835051392	3137.124168657465	0.03698388322864884	0.6430536773242179	3.325602200579217e-05
1607915702697227392	3639.8900639265776	0.055314971659456764	0.7167889315523811	2.8999381667064403e-05
1608029334647425152	3493.3242697989044	0.023740620676607527	0.42260565767425257	1.5283070113008294e-05
1607910965349737600	3672.079116255045	0.006977020341172856	0.70709269948098	3.202627320663569e-05
1608104646897863936	3661.2886503338814	0.036071197177345686	0.5824895569205363	1.571339021558491e-05
1608035893061862912	3087.2459313855506	0.006778244808006333	0.3048774399389897	5.8649895595805484e-05
1608037168667787264	3091.547204008093	0.013960641994049595	0.42490001678680456	3.3450675846185785e-05
1608036958213887744	2603.789656609297	0.0025128241086911935	0.2675154782608223	0.00015201574343995324
1608104715617343616	4399.8456515639555	0.2151615193504795	0.8286832601942803	6.429704957237414e-06
1608029433431213056	3319.949999861419	0.0195057124359229	0.43492838190287597	0.00019027841976384166
1607898252246541824	6262.24685984198	2.210960749721008	1.335861599669623	1.5607905810442043e-05
1608036167939890816	3665.124383214861	0.03675706555773912	0.5169843213655214	1.8182639388346938e-05
1608104612538123648	3107.097580380505	0.01575039896696265	0.4870060619693285	4.154981622619289e-05
1607900313830866176	3126.8451430581626	0.02251352915848539	0.5050259066268402	0.00010429991150578926
1608029295992260992	3193.21573349589	0.007130625365880973	0.3030991859403345	5.462576510660128e-05
1607900726147726080	5021.8087146407925	0.42380687412723494	0.9666062767065586	2.07072732109353e-06
1607916737785754368	4239.471107721329	0.17897517587671397	0.789202729496645	5.769296449457194e-06
1608048988417785728	5226.107534949551	0.5446417525591791	0.9719197528105026	3.3552691035057317e-06
1607911682607487360	3666.4879616349936	0.050078337759009946	0.6482774259436539	1.5474541517854796e-05
1608031495015294976	4743.8463217020035	0.1950617801041924	0.7452682159407389	6.575662559334155e-06
1608031808548629376	4230.163683095598	283.0564128021351	34.676062918619074	4.105908812338168e-05
1608029369007163264	5746.58718991479	0.8374792413685721	0.9405524432994474	1.4143241361307533e-06
1608032701901814400	5282.55453890597	0.5534654640588983	0.979878335458419	2.1446150529724567e-06
1607915221660884224	3213.013209073688	0.011516871688421672	0.4227801420978116	5.307836337358175e-05
1608029403366902016	3085.332687543705	0.015774718243303922	0.4717558267412954	4.1237115764064884e-05
1607899141302958720	3274.4536621010047	0.02481202358109799	0.49098789914129853	3.8096767450399315e-05
1607900829226940928	4315.3819584949815	0.19331201715318064	0.7926222257830656	5.933785255149381e-06
1608026581574036352	3201.2673609890044	0.007996695541949912	0.37717186302737965	7.076905350675766e-05
1608037271747002880	5293.087124358863	0.5986785720942186	0.9399094307725091	3.0019407774164992e-06
1607897943008917120	5557.6298783230595	0.725740740587457	1.021936529688341	1.2993612810104607e-06
1607899935873743744	5309.595370553434	2.2520521944483276	1.7846530460210326	6.606942554792527e-06
1608031529374823936	6279.320776858076	2.6218279693644164	1.4306034470911382	3.1750517567060545e-05
1607984117231788544	6102.009770036966	1.472592026131765	1.2805897055012867	1.175091937113962e-06
1608029708309128192	3370.06927159091	0.009605180142629897	0.40014402496552964	5.338232290075455e-05
1607911824343180032	4876.77269116044	0.23524790362556083	0.771412136431498	2.7742817912696758e-06
1607916119310463360	5727.449864863884	0.6839580588673958	0.8450962167463052	1.4926576650406095e-06
1608033286017366784	5386.325823375955	0.527321043169481	0.8381779394380326	2.689668090905515e-06
1608037340466479744	5635.006168652326	1.2631800455313136	1.3422717769802401	1.494089195778775e-06
1607894988071397120	5823.796207306441	1.3583383655982595	1.358665715995971	1.4267034291071527e-06
1607910896630243968	3948.1636646413244	0.07967960373113667	0.7177433183290842	1.0250079003401184e-05
1607915191597527296	4693.961424920708	0.4716529269895399	1.0441081261127545	3.3335231533357867e-06
1608049263295693056	5743.609788391477	1.0799943670897079	1.1578393490439591	1.3299908154408222e-06
1608026585868356480	5182.439771294594	0.4146896185094665	0.8498416035304606	1.9450143817965324e-06
1608049263295693184	3524.395474791527	0.09738640815986904	0.9295284225260871	1.5159125106850128e-05
1607898080447849728	5536.5759797730425	0.4735803528201813	0.810804705981665	2.767968245948923e-06
1608105750706417792	5985.423811676446	1.0315461595526518	1.026736881562361	3.214554482329417e-05
1608036653271712768	3427.2024123871233	0.031527559235591945	0.5048041406248956	2.9433549249155483e-05
1607910548736096384	3184.930523565272	0.018427034908572063	0.4406689668569951	4.8374756076565174e-05
1607894919351940864	3007.717673170846	0.006036949366729605	0.6522290193777217	0.00011384761975575938
1607983464396759808	4913.7328378041275	0.2476604665840544	0.7392648583317031	4.595731757529054e-06
1608036378393820160	4684.130770708434	0.23592771389029168	0.7400621852980381	8.518785768785053e-06
1608036374099792512	3099.798542819917	0.03207115761464443	0.6527519071422717	0.0005964620491572958
1608029781324024192	4393.616240024567	0.11396515317264427	0.6545404609231564	3.482782211023182e-05
1607915122878050432	4490.121747844387	0.19920190610611155	0.7406891748183209	7.271515420422575e-06
1607894953711658368	3894.0036044747103	0.090331996050683	0.6656899329045707	8.453810634663606e-06
1608036653271726976	3038.6881320506654	0.009903602346578855	0.4131364116740752	8.36592748981064e-05
1608049087201555840	3240.2942061424255	0.028076825181313242	0.5285095249934028	3.478370411906737e-05
1608104853056381696	3157.248709903797	0.0059935231191835334	0.294003465395476	4.647918693024075e-05
1608036653271727232	3286.146354675293	0.04667721174869553	0.663323527048774	2.1675576748310977e-05
1607915084221923840	3098.9749771764036	0.012398807106196653	0.38482715434777887	6.349930943444448e-05
1608104754274004352	4435.983362048864	0.15939048805603667	0.705684198797734	2.191998552798741e-05
1608033320377105664	5409.380369647988	0.8946890613960277	1.090429329761916	1.6983434544818235e-06
1607910449951600512	3023.7362369225593	0.009953981068963598	0.442427306781851	9.360830601645223e-05
1608104067079236864	5494.4318922789535	1.2695746897686078	1.2918255354098642	3.232274805579583e-06
1607898527124447872	3589.7732940874994	0.07742940454348414	0.7275742798651241	1.3583589359360678e-05
1608104818696556800	3380.037632267922	0.02330720769434166	0.5236164751068464	1.4910143300776047e-05
1608104131501777408	4915.642814766616	0.18509956201377567	0.602502948773938	5.236445824782851e-06
1607898488467911936	3639.5382189005613	0.03614017332725901	0.5079353514247752	1.3220167958219563e-05
1607984632627864832	5775.663502435782	0.7079206045206198	0.8641976972579063	1.486245303245515e-06
1608105578907725312	5122.972320020199	0.6142547786901379	1.20303852851814	2.4750619269264846e-06
1607913611049561856	5700.010611210018	2.1462203900361336	1.8533481561540504	3.967798914372757e-05
1607898424045232384	4924.887061966583	0.3659859036410292	0.9458710728639772	2.391326589881441e-06
1607983494460899456	3154.5271947979927	0.0047310644987448485	0.22943299774076722	0.00010099285794979135
1608037507969721600	3346.4570309224655	0.030710380090112892	0.6312364739507583	5.0722910786644244e-05
1607910411297134976	3651.6660813242197	0.010079967416156757	0.35062082152894064	4.4006408626119803e-05
1608105681986940544	3317.1381645578003	0.011218045456999101	0.39836131241448886	0.00025385576157795347
1608104440739431936	3589.2769642313942	0.05076570470737008	0.6041072848112929	1.713338886092563e-05
1607910381234168192	6075.3471358715615	2.625832561408378	1.4991115359600635	1.4069474729418764e-06
1607913336171654784	5244.96593791293	0.5821523147266793	0.9295474857831633	3.18228832262429e-06
1607894678833771392	4750.11765462812	0.18065391067351208	0.6717688542559097	4.648682725921949e-06
1607894678833777152	3620.7799828681163	0.06904012375656944	0.7804485758083318	4.676824031945686e-05
1607897839929680640	3692.221799539402	0.19315012831632083	1.1288262701552234	9.162316064682655e-06
1608049190280785536	3711.7338448483497	0.08141212438546859	0.7731830031680803	1.0244148722835705e-05
1607898458404971008	5083.894221120863	0.310637797689001	0.7404773455387553	1.7178838768049893e-05
1607897766913394176	2973.9381241239607	0.016383539178973814	0.4827781126678085	7.131638796351123e-05
1607984731411370624	3954.6662986278534	0.05270947321466592	0.5618059687782802	1.716181117583151e-05
1607914500106376960	3399.9049532413483	0.012386980028106835	0.32888894305479527	3.907589530560968e-05
1607916188029939712	4700.75089156453	9.69399467619649	4.809592920150295	3.965581457312075e-06
1608104234580990976	3434.2805908620358	0.03228164078219661	0.5302262757790703	2.3683801858720692e-05
1607913301811916288	6022.341421429301	1.7011225993231756	1.2023725510165773	1.2473441671705966e-06
1608050362807307392	4733.82651746273	0.311922990864502	0.9733206514511235	4.253586761975219e-06
1607894850632462848	4769.075443055481	5.077843575072028	3.3537902536136754	3.717641896296509e-06
1607983872417710080	5611.028387692495	0.42793195417150254	0.7104664833109285	1.9531656194588595e-06
1607913370531392768	5621.485287090763	1.5055872236358028	1.3751880354332897	2.027615975798212e-06
1607897771210204160	6111.311312173493	1.839584991835869	1.4872110013302555	6.244665181412923e-05
1608049465158700288	3092.15175330326	0.025897709546837667	0.5749652097010313	4.1832789187119045e-05
1607913576689823104	2913.2939993590117	0.0034444075465030013	0.6004547480126309	0.0001468064485458534
1607983803698403328	3923.590518143028	0.070924448908736	0.6895193761331754	8.148287507513276e-06
1607984662691886080	3658.427086211741	0.04006407835358286	0.522754429268258	1.6023815633390345e-05
1607894777616147072	3282.71156297531	0.02174281156065226	0.45182382689961886	5.06823185586425e-05
1608032083426536832	2908.571874126792	0.00748981632734296	0.48803684822954924	0.000101969472969992
1608049572533339392	4298.534921984574	0.1574182156962312	0.7242725085582052	7.002686559142021e-06
1607910003277045888	6217.165289260447	1.9436115823845508	1.2680621430955314	2.6322855805630397e-06
1607983911073366912	3899.9191057810094	0.05593848886757388	0.5241445625521586	2.111226075572471e-05
1607983597539962624	4197.782191274018	0.0903184856709754	0.7108243597751209	2.6519821764781576e-05
1607985079304449152	5655.802244645893	1.0290750889023517	1.1103850059429137	2.070333363792874e-06
1608102447874587392	3652.4706493597478	0.04290777094612993	0.5590566040416747	1.6878913632131796e-05
1607914465746636288	3177.1711962437257	0.012576767042393525	0.36537241895246764	7.680594733409802e-05
1608037645408686976	3400.146199250885	0.04706103743550494	0.6859037377169935	2.1188051020191474e-05
1608036756350942592	5600.542356062215	0.8333237284474276	1.0148240806889361	1.4768150518028545e-06
1608104303300472320	3071.1327314644586	0.010258005983790331	0.41621707072933034	7.568129565378437e-05
1608037645408688128	2908.346325159073	0.00375415342009561	0.3927309193991285	0.00010103981188197894
1608049778691769728	2958.2740721270966	0.014393394656271366	0.5508485395263822	8.621734227623797e-05
1607908899468639360	3145.2093781670555	0.011936751942266526	0.41186642491225783	0.00013329941757708687
1607909178643324800	5256.223758049309	0.25234915659757157	0.6171670027364325	2.7323073311915583e-06
1608102520891009792	5793.454997241497	1.0882444989743003	1.0417624467700848	1.3158733690526234e-06
1607984009856860288	4876.914694011211	0.236959351362606	0.6854226907123447	5.259808867397591e-06
1607913439250869248	5400.174506856129	0.4908838574289771	0.8826142727978126	1.3289823850767768e-06
1608033659678866048	5469.685015389696	0.13259192581297075	0.4298895546788194	1.4813527178009244e-05
1608102688392760832	3408.3167805714766	0.009159637563470019	0.3516447721341243	3.976534833021687e-05
1608102692689701504	5792.3888947623345	0.7055748247558276	0.8388726418216137	1.6913771902357484e-06
1607983670555190912	5701.3353653252125	0.5213138880477729	0.7465769405361068	2.045473910606314e-06
1608033595255025280	3925.750340614468	0.06364364301622787	0.6565608150192287	1.722299523099541e-05
1607909865838091904	4515.070396568917	0.23294294021291906	0.8239205655123506	9.06987782431394e-06
1607913228802689920	3290.7183334976435	0.010939490126695614	0.3503492591919045	0.0003898044648870486
1607897290173865600	3085.1843744236976	0.011204989280116312	0.39624482293496727	5.482591887787847e-05
1607983666259449984	3750.746022433159	0.02728686758503913	0.5010352586159776	3.080753968076069e-05
1608037924582033280	5249.708137661219	0.48516984070471847	1.0055477231731915	2.2559219520786223e-06
1607986586837280512	3147.7918332908303	0.016412903787610733	0.5175062802435908	5.56044997906391e-05
1607986316255030784	4125.259051600588	252.27992644057971	34.34722875647519	0.00017284555355296242
1608033973212147584	5721.220857496955	1.7749914061919612	1.3639865240805331	1.6313042941782181e-06
1608039333331306624	5348.818502584618	0.8258568632854844	1.1074035690372257	1.7389840571009889e-06
1607985452965880576	3002.4754521623254	0.009239103779969109	0.4441630937845526	6.309028259385392e-05
1607985521685363712	3556.547255583282	0.03700822832954381	0.5551555442436662	2.39288143688795e-05
1608038092085279872	3300.162468123017	0.0556680178348391	0.8016093531161262	2.4120870476578906e-05
1608049744332032000	3999.706533900462	0.12917753587581995	0.8984907722659189	1.2782371437269003e-05
1607908731966725632	5900.112360483035	2.0532539384547785	1.5521582148421422	1.1084149183740273e-06
1607985281167186176	3012.771633826196	0.00871616744946416	0.47694047763844705	8.272558789278952e-05
1607986797291707648	4542.206583445659	0.11258383929233691	0.658813264413383	7.983440046819456e-06
1607894232157170560	5069.841871596873	0.3162568365583254	0.863413057277525	2.585612269656819e-06
1608103787904490240	3099.958884716034	0.012222085411684926	0.37689954700185324	0.0003090890608508207
1608038405618384512	5537.861064572644	1.0501825361753114	1.1549489047776302	2.2647328221046305e-06
1607896053223283840	4407.609311796259	0.12572655248815598	0.6697577435781379	5.639699793581112e-06
1607986728571891712	5520.5899975210195	0.9224861793408157	1.114237285245115	2.8914437833247046e-06
1608051148785901696	3093.563669244759	0.007993431950809754	0.3191137672864595	3.392377860455227e-05
1608103482963683712	5807.752948254347	1.4021447430952465	1.1759543200993556	0.0006651621982774623
1607908624590723712	3425.2390588168055	0.034306349763152125	0.583134468519879	4.6697895849542406e-05
1608050942627742080	3571.9805053435266	0.02374954058716971	0.5145854368549746	0.0001201424547730171
1608038199459954432	5268.005878794647	0.3124938441356027	0.6759073612184012	3.50923374688518e-06
1608035480745163008	5682.317442055792	0.6232621904724289	0.8199455322510226	1.5017194342980355e-06
1607913817207990400	4230.5658012628555	0.12573322362132702	0.7581195447306054	1.0899631550744449e-05
1608038405618370944	3700.0133816013113	0.04941166030233707	0.5770325483632296	2.1556456286420538e-05
1607896637338835840	5126.094911294058	0.5888470253608631	1.0627735904595845	2.0253009060381085e-06
1607982158726702976	5780.225774645805	2.085857378274499	1.4473244053710292	4.4133982533093105e-06
1608103448603945216	8185.253158654086	4.266184743955829	1.0639641812757936	0.0033599712046496048
1607912992574269440	6114.526804386405	4.424358416984419	1.876929028515782	1.0764339792530366e-06
1607896671698574336	5533.736999095709	0.5170949442396195	0.8926218526297366	2.05736960431344e-06
1607896637338835712	8472.422082396224	0.0009382357097596923	3.842886392547474	1.9389510737814102e-05
1607982261805918336	4113.507145047188	0.16793366344462174	0.9387880785954088	1.173187689767141e-05
1607894193500571392	3973.370591782441	0.09215545869129921	0.7057113510610611	3.728018251282227e-05
1607908693310460032	2905.6896060705185	0.0046241883829379726	0.687322980593707	0.00011147964526629056
1607914019070138624	3016.30613301415	0.006366889137644034	0.39454805259227316	4.952304519212481e-05
1608034145010840064	5927.126597497845	0.6968799004047481	0.7974137561300868	2.512972390917626e-06
1608102142933886080	4631.014498500153	0.15685424621597824	0.6522551272263852	7.038422655472701e-06
1608050843843645568	3321.672461956041	0.05285744243272815	0.8057903913805017	3.129602866935232e-05
1608103070646822272	4603.675015629269	0.7362469972450495	1.5200054345214071	0.0023351572819011613
1607982364885133824	5615.193924780033	10.30117713532249	3.497932563488509	1.0382317090752267e-05
1608102207356907648	3098.657007738948	0.005328652568900744	0.2547188574128309	5.768900848507688e-05
1607912683336623744	4160.52372104532	0.11589234387802626	0.6643969197736578	5.78048761088813e-06
1607895670972262144	2928.4335676832416	0.0027127313666545196	0.26965063275191864	7.419777082555468e-05
1608103654762379776	5506.382565703243	1.123504008774733	1.1900281194299562	0.004209210921208096
1607986007017401216	3159.7594968903286	0.015261221288908904	0.40935992146850103	3.374199029604666e-05
1607896602979097216	5608.136329179397	1.2362688001330027	1.3420727284550382	1.1367849409781844e-06
1608035313241931776	5686.207893902974	0.7016931932232967	0.8826662607351903	1.592899314611859e-06
1607986934730322176	5085.764872521395	24.97312735005885	6.935623407320217	5.432704993494072e-05
1608039505129998848	5309.27133937832	0.7092370812112149	1.055605763626442	3.276203853207008e-06
1607892754688419968	4658.084161801235	0.22062734505531498	0.7269148653542898	1.0304895890687816e-05
1608102108574147584	5037.9426280691405	0.6032063886160773	1.1540582984388617	2.0482915777780842e-06
1607986002721722496	3300.795954745263	0.043936607985707844	0.758550461172757	3.6673851809217724e-05
1607982399244872448	3339.725617878139	0.01098777505811281	0.378258578427048	3.984889094626701e-05
1608039505129998976	5200.013579335064	0.7175236926298443	1.1158398379307033	2.165843583497396e-06
1608103031990829312	3038.3861752598023	0.035350799833919505	0.7431702035050257	0.0037039175907305016
1608103036287083776	6330.687120090079	1.1658153717238011	1.0309400820208257	0.00015301141406901968
1608039676928691200	5599.933920037001	4.671169508891133	2.3071227883715846	2.689355106588151e-06
1607895533530372352	3184.2158979165833	0.012079665468575368	0.35679296801398996	4.9755292301074025e-05
1607909590960184576	3689.5637477980927	0.008437414645084835	0.3143763109124572	2.0018514829328888e-05
1608034522967949440	4676.406410173513	0.19830313691494988	0.7701473329112719	5.3820415906168956e-06
1608102001198464768	4062.594116384571	0.04431873269996207	0.5453288199107381	2.6000203665253138e-05
1607889417497736832	3049.315734039992	0.005431929860422336	0.31927321363968425	0.00012481190805667728
1607895636609579904	3000.3290235064924	0.0027231116314401535	0.2922802183081309	9.584716553918049e-05
1607985732139494400	3287.7401629532687	0.06458985731037473	0.7814588648302776	2.5304058784910767e-05
1607885844084940160	2909.2850569140865	0.0028377235816869025	0.31125613996336415	9.776360296116497e-05
1608051565398151552	5394.560441338399	0.41641046105445423	0.7424567719732925	2.27741313043128e-06
1607885844084939904	3776.240022588754	0.058130737201351194	0.6461060787109879	1.1061738859720632e-05
1608039638273550720	4480.254722202517	0.11449162298969073	0.6203901413612986	1.0459219821693708e-05
1607895537827207680	3077.6084613829153	0.0063814203788696185	0.31373068624168055	5.435726466974129e-05
1608038714856030464	3940.488912910223	0.08125878824681451	0.6290680725586779	1.278975060972301e-05
1608052351376776192	3054.256666395813	0.0075235392985515	0.3149225764296382	4.934479163489442e-05
1607889387434009984	4100.395031680819	0.1576762580675795	0.8593188961525211	1.4705713522503195e-05
1608035725558792576	3093.3696856698953	0.029724478972255514	0.6074553157575787	2.9268256831846756e-05
1607890486945637888	4002.8321836033138	0.07665664355414828	0.6434926192351426	6.605660300713563e-06
1607896431180404992	4117.22351828852	0.13519269951072374	0.7305814450793229	4.947343407977948e-06
1608034282449793920	4921.40461304225	0.2980254517638546	0.7755649093071137	3.6806276226391927e-06
1608038921014447488	5510.887752058916	0.7527087758694223	1.001040835065606	1.6919861131544336e-06
1608078327338711552	3094.0579400304705	0.024756803864143865	0.5537827921694531	3.931160826410362e-05
1607896431180404864	5209.7345285641495	0.34202645834091666	0.7482015913142249	2.5127458146802293e-06
1607987342751680384	3151.597725955071	0.02880027110626638	0.647773490805772	2.9695624922570234e-05
1607908212273837440	4479.411220941693	0.1673074069093589	0.7099051855534586	1.5074400434647765e-05
1607886084603109760	3700.3060262301005	0.04445894920281727	0.5741972881672698	3.455758571423753e-05
1607885814021233536	4156.887904214673	0.12485533950689333	0.7694717503975946	5.07144744272663e-06
1607895572186965376	4408.364270034945	0.2675510556803605	0.9433888029003964	7.402544134151439e-06
1607987072169276160	6243.380564954714	1.8830872763440387	1.4265573936403901	6.465297098496339e-05
1608078228555992064	3651.3793425424956	0.029914286711751777	0.5023451446049756	2.271109364232444e-05
1608041253180776320	4828.2283041626215	5.49375562965838	3.4609142293451716	2.548857175409849e-06
1607895189932968704	5103.157036565244	0.3656748529981827	0.778029445298508	7.361290701867329e-06
1607982532388113792	3751.9875009788666	0.014852089529263833	0.3794928221591663	0.0003989520448623522
1607985972657663616	4968.845854084939	0.2603115043747165	0.7684457238766965	4.777744693180789e-06
1608040157965054976	6383.36221647769	1.931834171127077	1.2388652863031362	2.2318955434988554e-05
1607986178816078464	5265.318670128181	0.6515591503230304	1.028201275449098	2.001834718496298e-06
1608038951078782848	3059.795050250832	0.006337520744636263	0.3045278540791982	8.878751710133223e-05
1607889348778258048	3262.9969381541014	0.06288155096189565	0.8083449885474728	3.818848754038969e-05
1608103169429604224	3465.7891374081373	0.046245336616904734	0.6203008895594099	0.00012033279967785072
1607982639763370752	4935.060336254537	0.19646620474063828	0.6507703929231384	1.1247020769168397e-05
1607982536683826304	5691.407955531031	1.314320922606291	1.2460159421214898	1.368328487285847e-05
1608044830889447424	5842.432856978849	1.2721423018855171	1.1457577590932402	1.0292775265625383e-06
1607889245699041792	3238.032584129178	0.017250513979648323	0.4574435030592936	3.512078817342442e-05
1608039844431502080	5255.468318797648	0.5919818449986957	0.9804012024851955	2.8951810036579587e-06
1608044826594046080	3889.1502480662894	0.11153207678403153	0.9055502707423868	1.7330389676910892e-05
1607982875985521280	3419.6824934659526	0.029537564592339506	0.5121555065438507	4.844751195991601e-05
1607890418226160512	3099.828139320016	0.013285235604497158	0.40163275387696595	5.7457442803970075e-05
1607885706645982976	3069.9576588434866	0.00904364878614949	0.3809455293669137	7.966401931038597e-05
1607991843877267200	3405.245104812202	0.019322368685342144	0.4371744215999725	2.9543925577011246e-05
1608041635433792128	3175.685594245442	0.026562729091379904	0.5284041833316486	2.571600654738516e-05
1607890418226160384	4159.616809040308	0.17520136139951445	0.825474705779988	7.243911758561042e-06
1608052493111087744	3793.2045325031504	0.06770072623729319	0.6085377305216703	3.973922770873379e-05
1608079602945516160	5818.447875373968	1.414422704161946	1.305622824393185	1.215365781718182e-06
1608052076498877824	3899.72244877732	0.045995246889923014	0.5485091386174581	1.5331549463868284e-05
1607885745301756416	4884.837620258331	0.3328818053814797	0.8090750616289428	6.167265769274329e-06
1607884886308297472	5398.7801003828645	0.4773578244185972	0.7943449626135993	1.8321496399597904e-06
1608052076498877952	3237.7800394408405	0.040230310316655644	0.7434228041751265	3.3514720229977476e-05
1608040570281902848	5731.676214959007	0.7204163740231352	1.015533749404156	1.3224137760179908e-06
1608040570281902976	4493.9182233510655	0.2127206946960485	0.7875837787068409	7.386663653204605e-06
1607884886308297344	3789.756336994469	0.087614817582413	0.693112810081314	2.083731748491604e-05
1608041562418890624	3100.1452882261947	0.009798931188892126	0.4494188284684582	8.033157195256314e-05
1607889967253813888	3299.899049839005	0.0073001702571263835	0.26714480554510267	0.00013086307121192733
1608079671664993024	3629.935375098139	0.03909052373915421	0.5522830093196918	2.2008969809861287e-05
1607895052494005120	3714.8164579906734	0.12507558890279488	0.9772707770693143	1.2834100169231507e-05
1607993286986436608	2939.3197835118917	0.0032871700882632334	0.3026487495270462	0.00013004161184498455
1608045655523168512	4442.155081992969	0.5431826832783235	1.4810266214420984	4.612319922774253e-06
1608079499866300544	5187.759471071877	0.35258633990031624	0.7397794990443334	4.366845509962818e-06
1608082622310525824	3073.6334323883057	0.0033604240952668156	0.4432447618486316	0.00029461659759164743
1607988549638041472	6059.653607010841	1.3538118289240522	1.0584585268442166	1.0143747112686632e-06
1608045689882919936	5700.021124621853	0.41338951045145483	0.750939556493186	4.78926527389532e-06
1608044929673279744	3374.1255350061692	0.030661451493912563	0.5459669138259753	3.092900952032053e-05
1608079190628654848	3240.099237919785	0.02576518799436735	0.506488594719633	4.176244574077314e-05
1608052183873442816	6218.895850822446	1.0447113983701357	0.8831441343490645	2.2890111539379405e-06
1608045999120552064	5417.447044135333	0.5715455077503622	0.9493744249195751	1.7387593825953975e-06
1608079465506562048	5529.815473360941	2.192544793592364	1.7292379974291043	9.500292422972518e-06
1608079259348131712	4800.34238755703	0.21277596145014113	0.7933486953052219	4.010838643689546e-06
1607991985611879424	5552.01869716082	0.6940686721023498	0.9439468675707141	1.6041638204548796e-06
1607895091151157632	3903.5442418253297	0.17648951499571888	0.9977446702535117	4.819293892256674e-05
1607890001613573120	1521.3623046875	0.008081838669400074	1.2958184366853323	0.001757142450877655
1607872619881715456	5500.073904234159	1.2772677164347366	1.387709312207888	1.4488428387350158e-06
1608079568585777408	6088.366857869551	1.1901111959507686	0.9821607805369175	1.6100047768973063e-06
1608082523523277312	5571.523739483091	2.2730740172670543	1.817674261762551	0.0003398114330853696
1607988579702093952	3090.588403722504	0.010889191880573055	0.3782046790941344	4.786659642300639e-05
1608079534226044928	3745.691965345759	0.1806921877840455	1.0936642460689023	1.7149164147006742e-05
1607993394361136640	5825.840131820878	0.8942136448652594	0.9662921251805069	1.2765145972783963e-06
1607988961954902784	5863.913962841034	0.9185031724735152	0.9339641683568102	1.574766661414791e-05
1607872619881715328	5285.148681197315	0.42833869840244093	0.845403508947785	2.1496895721055033e-06
1607988957659920512	5604.951982316561	0.23028792447287574	0.5200183241553138	6.820931994463434e-06
1607884645790143744	4017.434452883899	0.12588823770688898	0.8000885537434432	9.519342787532419e-06
1607993050763752832	5524.901000942336	0.43934301413295	0.7719899777180995	1.9105774948231613e-06
1608045037047878016	3436.3542112748837	0.026202501858962227	0.5352091403765715	2.4733986008349874e-05
1607988583997780480	4339.564174285624	0.10822312846818746	0.6799400208555588	1.3060354499850744e-05
1608041768577333760	3077.1197507478064	0.020134168002962426	0.5562011125006028	4.447593935500005e-05
1607871589089582848	6899.664554618648	1.0405820253548503	0.7701340079132984	0.00025529880457462653
1607889627952177408	5477.023352086544	1.8149643787699425	1.6733387410634963	1.913096456103093e-06
1607889554936685056	3085.488080327923	0.00597341070007352	0.2902148791196168	6.630208642869464e-05
1607871623449321472	6154.68391809336	0.9974288869928948	0.8808779067340983	0.00015858194024433755
1607988893235426176	3133.2629644777626	0.04695746200287874	0.7249751933987421	2.9421611043800202e-05
1607884263543335296	2815.1933482289314	0.0016560503075454189	0.1912183019483109	0.00015584079262276587
1607872757320668288	5464.151892793598	0.868314227894934	1.0537111771590877	3.737223913109949e-06
1607872757320668160	5916.819277298637	2.9812897481176583	1.8620128221666599	3.996862447842957e-06
1608077575720966272	5814.426954144437	1.2353884757985398	1.1652236161058886	1.1617879056929228e-06
1608041047022808192	4317.663010791875	0.13543723399897367	0.7153134683389518	1.1988180898264588e-05
1608042150829868416	2867.680554986	0.007016053118751654	0.8089829343100213	0.0001649229606990222
1607993493144873984	3073.8728839857504	0.009799695214445606	0.39930520018545834	6.772965999739449e-05
1607871760888256000	6068.323845990708	3.5600799999865425	1.8749651136403578	6.210197574189535e-06
1608082553586566016	3776.881790161133	0.0505542231402696	0.5510278041733716	6.143791416520968e-05
1607993527504609024	3071.3742716691922	0.007626264067262961	0.35845196277313396	5.204997517416751e-05
1608058025027882368	5247.789993609331	0.12157984908120308	0.44259230354765305	8.080009706248994e-06
1607885156890161920	3067.1286044991575	0.0057486941009030484	0.3218476209552103	4.5689940036231516e-05
1607872379363545856	5375.657210461213	0.6991194587827767	1.0393674374139965	1.716648793873961e-06
1607988721436734592	5414.7748314309865	0.23233775801229148	0.6768823238669148	7.902440512729814e-06
1608041910311699968	4746.420216327533	0.2442791559445026	0.7635497124814892	4.682692482494365e-06
1607992432288462592	3928.648181617027	0.0758401056092083	0.6287915754926828	7.655647410932165e-06
1607992329209263488	4100.211235648021	0.0758617159976957	0.6655380585488885	1.09684977535636e-05
1608077884958595584	5518.130519329134	0.7476538164388311	1.0509725438748494	4.112445705564725e-06
1607888386711967872	3171.075031926739	0.02832064143348363	0.5638044703728403	4.133609532366554e-05
1607871726528516992	5344.463766487315	5.47095133040649	2.7710314384793606	3.617662330013373e-06
1607988648421576064	4680.601088225376	0.08885018610056357	0.4779050705368225	6.489063865560168e-05
1608076063892474624	5614.506563087925	0.7551454329857717	1.0238372070113628	1.14446836645084e-06
1608077880662793600	5777.872657669941	1.9521928257090997	1.5824886441076207	1.5704011068032342e-05
1608078709592316928	5573.096307420783	0.5336611866776603	0.7892535461388039	4.953500390013762e-06
1607888386705846528	3622.43715992372	0.048956395946701384	0.6524483790754854	2.3849859380139064e-05
1607888111827938688	3750.6629472970963	0.07928290076521213	0.7504925804858895	1.5976197454622074e-05
1607992363569002112	3375.5764953239122	0.036851390808959064	0.561404014260321	2.3079068312616242e-05
1607887016612075648	3592.257585413754	0.07186861207687727	0.7212526149943359	2.097877534342542e-05
1608057952014152320	3591.8898917734623	0.048362202742719	0.577414831033067	2.757976681615762e-05
1608076403194043904	6076.8393985927105	5.7602432449896135	2.2254736642036366	3.220344624145982e-05
1607885195545942016	5284.8897014558315	0.9889563210568841	1.2316321853034933	2.38264280278523e-06
1608040913879287680	3280.164423226379	0.05598352755273974	0.725848369518294	1.9705284276820147e-05
1607992363569002368	5751.314664110541	2.0191504702680674	1.4394871691715911	1.7821550146096813e-06
1607885122530421248	4600.077548227273	0.03378722972563332	0.3345227933303542	4.1841922354209924e-05
1608078915750746880	3969.0709144994617	0.1331879266391865	0.7809498304814224	6.837647283971602e-06
1607993944116951168	7643.318273127079	0.00036792332347781515	0.6079765938127274	9.408155058673737e-05
1608058158172585472	3322.038400762249	0.025645679832795427	0.5658392847443025	4.735558769502057e-05
1607887252834210560	4632.43801232893	0.7536326471036283	1.3532705157346816	6.926334827309262e-06
1607989511710721536	5741.523821450392	0.7954826817995754	0.9067036026577205	2.3679017687786353e-06
1607993664943585152	5152.54133194685	0.708701174349408	1.0629034843759104	1.9110324883715757e-06
1607883919939580160	3534.4194921897724	0.036105015770065224	0.5415973641930135	2.0705740141135598e-05
1607872241924592128	6377.129480810836	1.1598925394872999	0.8845205062666079	3.453066766354506e-06
1607888287922380672	5923.327885980252	1.2695025526519148	1.2134654701079528	3.970469917615332e-06
1608057986373892864	3615.714916586876	0.11218857421019914	0.943086494186854	3.9506873354428135e-05
1608042356988299264	3728.4635753167095	0.05806867868467548	0.6502463364447069	1.5324079950872157e-05
1607992501007955968	5553.859392850427	1.7005956408405616	1.579769406127177	1.3151348474478134e-06
1607872035766705920	3100.286765085184	0.02614852581918846	0.6253239277344466	0.00010775886476616858
1608082008125673600	5733.452699426562	0.3687946555197471	0.7147229184843951	0.0024121952821602685
1608075926453521024	3148.705701998406	0.05185258136767277	0.7611780790436725	0.0005371739935801521
1607989477351306496	2916.06711409986	0.002663506420987475	0.325031481546335	8.630184715882821e-05
1607989546070456448	3011.602061893791	0.00770345324313092	0.43521706952516076	8.915505683490826e-05
1608075995172997632	4932.542602259491	0.905383276331655	1.4798680372455753	3.5269230619699804e-06
1608076265755128832	3354.7679075360065	0.04352250431061347	0.6352495695010915	1.938835439918546e-05
1608045273270677760	3083.2305430434644	0.006559279350987675	0.3071247676043507	5.9000319910653345e-05
1608080736816862720	4039.919958114624	0.14385437733225162	0.8941769562185913	1.751268698989775e-05
1607882854787684992	3787.482594875619	0.04811525419159989	0.6226736900092211	2.8708299078825548e-05
1607882618566123136	3778.5686889712815	0.08124531761055798	0.6758826848164673	2.1313381387814217e-05
1608077094684612608	4740.983043238521	0.2060170741378056	0.7968112340408557	6.265239179247524e-06
1607988407903420672	3649.701982159313	0.06448207702589147	0.7246969021462628	6.787660406885924e-05
1607887875605520000	5078.430915694626	0.8748292424459962	1.2144452532685286	2.7617164130632144e-06
1607994253354596608	5541.482775146142	1.0384911329227327	1.2354596866083816	1.2983659251519565e-06
1608043795801928320	3382.4839896988124	0.03673049802756468	0.5585624643081312	2.7025564512672183e-05
1608046755034796544	5322.129672393203	1.144408933531339	1.5058904415568946	3.2808074018943877e-06
1607872001406423296	3500.0153259158833	0.04530668058093478	0.6838011326419186	1.4112650899422704e-05
1607888219202903808	3678.2615493546473	0.06376217793005025	0.6336214168288579	1.8315385716860432e-05
1607871211132440960	4618.011821508408	0.26113735109269476	0.96724638593143	4.734428496031275e-06
1608058574784780416	5700.079164560884	1.795545452300327	1.6142386055726414	1.0894762766999557e-06
1608042666225957632	5663.439654098474	1.0067275424192168	1.0478542905479524	1.7310831493680883e-06
1607883786796668800	3574.4123158830917	0.08213788196658177	0.7515971898789149	1.3570214291985256e-05
1608076991605410176	5995.271871939185	1.7003756308867277	1.2150599923673358	9.792615333601688e-07
1607995387225963008	5861.848357915878	2.4371209902916835	1.5203505022437915	1.244928046969301e-06
1607994077260424832	3020.4661251604557	0.003236709216404401	0.2550530779036241	7.603306123287704e-05
1607995211131820032	3274.851542150136	0.016932549560126242	0.42024233217550927	4.264373365620811e-05
1607870764455841664	5321.14619188942	0.470183999882429	0.9522508847505431	1.6192265882086422e-06
1607887046675774976	3066.1705525656	0.0031284093251584258	0.28949323800601295	0.00010629682952286582
1607995284146748032	3179.833955448121	0.011377496940800176	0.34770202762521185	4.9883073187002e-05
1608058677863995648	3388.6087766534183	0.028766464426540673	0.5104092366862041	4.8455156832506565e-05
1608042838024636544	3576.9415367022157	0.06627360723399695	0.7195698640457998	1.7299715695067956e-05
1608075514136659968	3808.0502565868665	0.08810435915310799	0.6887827138356731	9.245822410116149e-06
1608075514136660096	5837.690415121615	0.47356936556781765	0.6777514581482945	5.053847085488872e-06
1608077266483304192	6276.4115066553495	1.430428822940741	1.0131070652122087	2.0180864675902845e-06
1607883546278500096	5000.048241807381	0.3177204871925261	0.8846888466299553	3.966537196918653e-06
1608076613648274816	3869.138326048851	0.11774940520740271	0.807821660940099	7.868848108742052e-06
1608080599377909120	3901.1570520536043	0.11567449242258973	0.8037331445049918	0.00010836993554767007
1608043658362971904	3557.9668241739273	0.024129582320541198	0.5160994264997467	2.0193670342434334e-05
1607883752436930176	5158.801956946772	0.2957872967134849	0.8121247257792036	3.1239283409706364e-06
1608077266483304064	4456.585810147226	0.1605550237308254	0.7572047164155808	9.181730718545628e-06
1608058677863995776	5063.933458328247	0.7720162885974531	1.210968196107451	0.00025549958254109166
1608042765009761664	3489.3726519076154	0.027670437972358138	0.5650662400159997	3.0038186418021942e-05
1607887497648412160	3989.537394940853	0.11498236590006101	0.7171358193563202	1.6089541564229427e-05
1607871108053243392	4189.430224746466	0.023758896053882605	0.411106028473918	0.0005145826513195876
1608047064272442112	3999.905929309316	0.12229628424923324	0.737366020632304	1.0126005862912734e-05
1608047854546424448	3524.5009470451623	0.04884154322894504	0.6776682018603577	1.2619202229215804e-05
1608058677863995904	5778.236486786045	1.5919890447201432	1.421831312052615	2.203937186185674e-05
1607882481126624768	5007.729157060385	0.46558016821250353	1.0859341965193254	3.2091677773663515e-06
1607994115915659776	5596.83080789051	1.890504656214845	1.4691311339669806	1.3166926281699476e-06
1607883370183876096	2978.539843345061	0.0010923988370965395	0.18981465698380498	0.00012728367219989824
1608058467410238976	3472.58877241984	0.020764734607532663	0.4570280292739337	2.732365197200045e-05
1608077330907030912	3484.719517256599	0.03027979892539397	0.47854555999421955	3.1129944815778064e-05
1608058780943211136	4375.034146954858	0.13988339511086217	0.7428256590822007	1.9500246451999697e-05
1608048193848465664	6111.117974650115	0.9057336473142709	0.8518607328083398	4.295956346759711e-06
1607869699303969792	5921.112529435195	2.096569785464102	1.3841796056666007	6.717558706710823e-07
1607990714301561088	4899.032516463194	2.480679180106071	2.2037672467801572	4.109943739204612e-06
1608058707928410752	3200.20517410303	0.007105483944774676	0.3678544062340508	0.0003095723961570695
1608079907887409792	5532.513515598112	0.9293074329780399	1.1791521890784493	5.601809577099472e-06
1608047957625639808	3772.500334926881	0.08833916916958362	0.7035323769233168	1.4031883508022883e-05
1608047953330295296	3913.9755852520466	0.07211410316129453	0.6799804863861024	1.486008628443328e-05
1608048159488726272	8650.584741868079	0.00043951470404839023	0.5554602582830672	6.803536832055213e-05
1608058746583473280	5470.301722576842	0.24159275981362058	0.5530476134780398	2.4339882883054072e-06
1608043246046110976	5182.627420425415	0.16887655718462014	0.5539160869155221	3.6786637549536024e-06
1608060017893793024	4358.008172479458	0.10964336782419727	0.6712732857619648	9.215795959895714e-06
1608044001960359808	5318.795474257349	0.23552497200366476	0.5758715796107939	3.843089511350219e-06
1608047236071489664	5094.454934503301	0.4637654890472992	0.8792714238373305	2.090835975873057e-06
1607886363777045760	4862.082512145862	3.728440795493557	2.752078982693147	3.0447824240920244e-06
1607870588361063936	3155.0864274054766	0.02221272976931804	0.4980634223813251	2.983316565459564e-05
1608075651574329600	5600.272124203548	0.9009363767347067	1.1226626186809667	1.5091482904842893e-06
1608076922885920000	5133.101219829696	0.7219126352511456	1.0806626835107236	2.076291943421436e-06
1607995967046102272	3091.5821378678083	0.024792600849028356	0.560152482833641	3.815791963145287e-05
1607883133961639040	3106.505547463894	0.03267671539565026	0.6177805372535256	2.871065935896729e-05
1607887360209458176	5000.2245259111805	0.5365600785604205	1.1036924736702867	3.041628859915049e-06
1608046926833489152	5318.8017750531435	1.1002160470283724	1.2951628008007532	5.3248189654765605e-06
1608044281133648256	5326.909259324893	0.3123626208412102	0.6606233230510558	3.651665367645729e-06
1608047991985378432	4651.643347006757	0.21079972247398324	0.7110880000998258	7.875544853748893e-06
1607995662103870592	5877.082833241275	1.132738353234283	1.1454264247772554	8.412395547983278e-06
1608075612923794688	3003.6951521784067	0.006107490872806786	0.4236796659350893	8.542719854456887e-05
1607870244763459840	7336.541162894719	2.6656084364871195	1.1220439549992733	0.0009986268730926887
1607994906189626368	3994.046578882262	0.08442520496548557	0.6131541670594086	1.772769842107483e-05
1607883065242176384	4662.271546237171	0.28967240510750536	0.8766481577024122	4.235103829898677e-06
1607881995794205312	3341.6687104990706	0.03247603674035474	0.5366468099808427	2.8854377245222506e-05
1607870352138980608	3725.527140167542	0.07790590420763256	0.6747790827114725	1.2275046142365923e-05
1607991504575543936	4729.709961090703	0.22006780344288834	0.7972203485800546	5.398415936947665e-06
1607994837470149888	3012.0698090083897	0.0067694684171732316	0.43179864539978485	5.113739537406875e-05
1607994901894192640	3820.824432000518	0.1524130311807212	1.0374768291556382	1.0705826993533272e-05
1608060047958211072	4291.775048963609	0.25338776977757477	0.91819887148762	1.295519230146875e-05
1607882030153944832	6000.208017948535	1.094263291696272	0.9745345684311808	1.7137726414364377e-06
1607882201952639872	3157.1337272319943	0.013678974630486222	0.45551610444520774	0.00011076296294570323
1608047304790611456	4169.5220947265625	0.21247817893881327	0.8926164406413768	7.745675922674009e-06
1607882962162946816	4200.274345348589	0.1651308116185199	0.8140370011329812	9.733195577959621e-06
1607996040060992896	6899.90456698928	1.5392396462337667	0.9934275364436791	0.00016234107491601505
1608047579668518528	5196.094231945899	0.43340550442977555	0.8370932461752072	1.9774091286479836e-06
1608043319060974208	5403.745740652084	0.8677726424953983	1.199861353735986	1.470447529437641e-06
1608079740384465920	6015.771207183134	2.308722388237946	1.4039380168608022	2.4693682244746632e-06
1608076506273288960	4100.327098667622	0.044952265451661914	0.5268685734619429	1.5134369467421185e-05
1607870214700026624	5748.550539883581	1.0451371989071128	1.045637903340727	1.5889857326454534e-06
1608047339150350080	3371.030894380383	0.026808165404797343	0.47805900819131836	2.4592898737496548e-05
1608070630758025728	3287.6656397966144	0.012703873011452415	0.3670156794548945	6.913878240270956e-05
1607996108780456832	3099.8403149162186	0.007123263049994426	0.2959019968084611	0.000140507701459501
1607869969885761536	4713.416620409698	0.051260167387726256	0.40552905305798387	2.1250838563846977e-05
1607881755276338048	2932.3391796648502	0.010001140126117858	0.4933658874890509	5.7247678865754677e-05
1607881690850535168	3003.615706972778	0.007556815261092058	0.5793616561175904	7.927382992770875e-05
1607882927803208192	5520.334916934371	1.1959849547816903	1.2029687185483937	1.8152509568636017e-06
1607991642014500736	3264.921283721924	0.026189507136878058	0.4984071903247698	3.004185928666453e-05
1607995039333156736	3592.9907504971197	0.05970689028784533	0.6347715250907853	1.723972254251652e-05
1607870107324719872	3277.927300603187	0.027010130199700937	0.503544836699371	3.9717147934165554e-05
1607881415974719872	4648.8824666594155	0.17379300231729497	0.7722028992652435	3.0762452360742724e-05
1607995799542824448	4348.472587504657	0.1769650204520955	0.7649175277565408	6.791387841530627e-06
1608070600694059264	3999.9671407276765	0.09849403591666354	0.6611383685219658	8.804463309163582e-06
1607880591340998912	5720.152234360285	1.5804037278294147	1.322185469520831	1.278032214451151e-06
1607881484692104832	6768.709370235956	2.542606682084662	1.3741815738570142	9.52467357131349e-05
1608080839896076288	4595.444120168686	0.27507978827225216	0.8528574563893337	0.00011398325385351283
1607882167592897024	3279.3793650483713	0.04727043361000026	0.6751204247283225	3.45531841739604e-05
1608044173759065728	3253.008245676756	0.03049336319173487	0.5484100393662462	3.23956831761997e-05
1608044418571594240	2991.003005532548	0.00414828283770885	0.2501709523414118	7.499585584307219e-05
1607996074420718720	4102.932276594802	0.1171708840314048	0.8245430548879235	1.2824421047236364e-05
1608074208466588416	2896.944019398652	0.00262037459623575	0.22824348690576413	0.00012035362139231665
1608048674884810880	3199.7160747810267	0.012062692378502887	0.35843738631599353	4.4130864024266053e-05
1608070600694059136	4649.628036310896	0.18828301752072701	0.7774752631409525	8.135234990481762e-06
1608060361491542656	5586.106125045335	0.9028473634757381	1.030307106216777	1.2688608614724176e-05
1607877121007978112	3095.655731046063	0.008857819169391226	0.33477843521150497	7.618463495146986e-05
1608074139747111424	5084.734173181932	0.5700813104633349	1.051211934808889	7.6201273066734664e-06
1608048743604291584	5793.648953991942	0.57561879641972	0.7582651422891244	2.5497655140902075e-06
1607990611222346624	6133.618478776407	0.537034044040827	0.6571914526126229	6.642487248897283e-06
1608073830509465984	4023.160806794185	0.15328191118097045	0.9652088440269158	1.5627053969229613e-05
1608047717107827072	4801.629021239933	4.668722807502255	3.4488848742259997	3.054021042546393e-06
1608074139747111552	3672.510628712189	0.03632216910410232	0.5606375500410701	3.4112515738734876e-05
1607991465920328448	3037.7979873114964	0.008691929355878127	0.43058029708185264	7.215200848991208e-05
1607880277807299328	3391.6928972757887	0.05115166669304708	0.7579034625669219	1.6795698901458145e-05
1607876262013978368	3584.2750330804847	0.040385582541474514	0.554690300687276	2.0908568560926106e-05
1608419489475759360	3057.8520715342165	0.0052100297086759865	0.2732310153456781	6.511502630450694e-05
1608370316395280512	3344.9298175252625	0.053866262852146574	0.7590650023529583	3.1402061320424014e-05
1608069363743491712	5820.806030538515	1.6206897011522903	1.3067007205931558	7.410490468308403e-06
1608070497614843776	3740.6693645752966	0.06980158453366724	0.719040707221833	1.6641109255373302e-05
1607881622133136768	5500.065706986934	0.8160598645082795	1.196911008573062	1.6007670561297611e-06
1607877017928222336	3358.068690940272	0.08050544536952843	0.897120036201168	2.997203614011359e-05
1607877017928222208	3922.5329705886543	0.15419321444470438	0.8579491743502327	2.9988763407083755e-05
1607880522621521792	5475.727885589004	0.7615302929949439	0.97542052074979	2.353313442884432e-06
1607864201745811328	5217.861765995622	0.4977992978427468	1.0009197790301672	4.366864073649852e-06
1608367022156427136	4692.2385470476	0.38505642891492375	0.9815750083429824	7.146019484679756e-06
1607881347255229696	4960.0474464241415	0.17559628178174852	0.6478850195446683	3.052900808453829e-06
1608069638621398528	3085.748531303834	0.010570779802438191	0.3847215298178486	4.57646118805684e-05
1608048610460669952	4362.029477208853	0.3350201249040707	1.017086238084935	6.34550090708886e-06
1608069187648999808	3074.0801676083356	0.02037985400129797	0.5037077747101103	4.1815492305161655e-05
1608370492489983872	2908.9945999905467	0.004818736261910434	0.5183636642558234	7.773144949287915e-05
1608371592001597440	2768.7379246694036	0.001494004071631941	0.17902828935713969	0.00012373913407452691
1608068917066892672	4492.3845790326595	0.19124867763173067	0.7300826212674411	5.696076213288115e-06
1608365677830539008	4178.512552130269	0.18326535534115188	0.8248560277515437	1.0326324331950203e-05
1608365883988969088	5526.556782309635	2.2728696011221285	1.7777131845086145	2.515716264437643e-06
1608366815997997056	3574.3116338923573	0.06409777262928507	0.6907458163522046	1.740125815045719e-05
1608422852435309568	2912.973990999162	0.005175718900511646	0.531162416008967	0.00013653429100580596
1608418527404208384	5766.096488274634	1.2793342501843497	1.1566401190502988	1.4699741746250898e-06
1608422788011746560	3290.190121307969	0.04250612003577856	0.6330328951608453	2.927001655105764e-05
1608070669413535360	4425.064245178364	0.3532688046126927	1.1630073728321926	6.900926874231574e-06
1608060597714036992	3666.2172918688157	0.044934395116697556	0.6096445916340013	9.670355433166038e-05
1607877151071093888	4398.364386102185	0.1439291701861797	0.659138042403616	1.2390499990543378e-05
1608423062889653376	3951.760743241757	0.07802514293611787	0.646993726370096	6.709115741360284e-06
1608048576100931712	4490.784192737192	0.2277663729893497	0.7923568556396223	1.2918571408151346e-05
1608048571807243392	4266.164953750267	0.2388337564354331	0.901286137096303	1.4284423896073329e-05
1607881175454456576	3086.063593199724	0.02601652400924723	0.6032782285963261	0.00017989793062526073
1608371248404228224	4353.826674325392	0.1924543440748863	0.7761693799483155	8.47054314980303e-06
1608074036667895808	5200.160649139434	1.1987411408288353	1.445055789266357	1.8530385345262286e-06
1608370217612077056	5713.473061887635	1.7730678074139516	1.3670032025255816	2.002200532423584e-06
1608074036667895552	5212.721549253911	0.6265384042420256	1.0088449489062763	2.3826764503181168e-06
1607876949208745088	3423.2332457747543	0.04968432348173016	0.6299106889089181	1.68047750722094e-05
1607863926867920768	5266.2431086206925	0.6694461894467788	1.0089388994374529	1.6182898402538146e-05
1608070321520373888	3314.465270843357	0.04283018104407627	0.6964899667489243	2.707820600877186e-05
1607876120278928640	3379.9830567929894	0.044047381473968604	0.6152001593953335	4.230870396779509e-05
1607875815337379200	5644.486205726862	0.9200328260574144	1.0141842020188114	1.4633749928813536e-06
1607876055855547648	5161.171140521765	0.39024296545446113	0.8683413460701278	1.957013425552497e-06
1608367224018824448	4009.282951299101	0.09617791441303435	0.6705781187918529	9.28639371128658e-06
1608418626187467648	3730.2533637732267	0.07097847524607664	0.6433761304051809	1.2731705916451594e-05
1608370251971815680	4811.240135922562	0.28473627007966357	0.8076094202816074	3.091888321041336e-06
1608366884717474176	4948.277393183671	0.2613443007255746	0.7832178288803051	3.6343978886839578e-06
1608418630483423744	5322.866354713915	0.7871994499510454	1.2012066854444081	5.145673203290824e-06
1608418832345901568	3544.427290581807	0.03063813898001319	0.5655149010892763	6.226845888278605e-05
1608424231121199232	3102.0085158676375	0.026226003526389208	0.6211568719133759	6.316040553744997e-05
1607876055855547392	5307.962221595517	0.8655919115504946	1.2289516569803103	1.82089708992777e-06
1608060735152995840	3093.152129917871	0.005206560211667647	0.2541372471510439	0.0009207568805849004
1608069054505845888	4086.0466244083364	0.11293048210515344	0.6771489202725702	6.037409317422874e-06
1607880763139689984	3245.4785781598184	0.033230697467487705	0.5694798795403131	4.1065200007877536e-05
1608069879139566848	5409.8958992317785	0.2451681071102902	0.6638483656868898	5.6585272292243076e-06
1608074479048735104	3684.1849330812693	0.06265416218358939	0.6190881204103268	8.19232052331193e-05
1608422994170177152	3018.0297069018707	0.007511828928948356	0.40987546223391164	6.632406303104753e-05
1608419729995032448	5496.465143976384	0.5151312229028687	0.8137511046496927	2.788346652207887e-05
1608069054505845760	5354.496695846319	0.6232162821540083	1.0291634953809186	1.9025564839454425e-06
1608370904806844800	5810.926532642916	0.5790912823803306	0.7562516350698727	2.1117314788252524e-06
1607876498235843328	4499.81744563207	0.3563361022521779	1.0621144162914902	6.030040292976016e-05
1608074448984739072	3472.3011009022593	0.15328319317870878	1.0752625912595493	5.043752938237532e-05
1608423269048084224	4382.5609856355	0.13491756596063076	0.660888902112926	8.735785606440233e-06
1607879938505968768	4199.811062961817	0.17514549791173423	0.9528949033590187	1.2135906551948156e-05
1608423921883112960	3923.413368292968	0.1143456392597584	0.769731996269471	1.059557858569044e-05
1607881038017584128	3403.618218319025	0.05740124489118978	0.832590981227127	2.0881648948898296e-05
1607879663628061568	5621.047928780317	1.1527750595922057	1.1383384615670067	1.4488615097820236e-06
1607876639971085312	3085.6386682391167	0.02494369642380862	0.5888805293691055	5.4453295241943376e-05
1608371690784843520	2899.7319352719933	0.008446489438872665	0.3658625746190814	0.03133463246571105
1608422955514537344	3552.2748124599457	0.046123171593219936	0.6564906697313035	2.503425320886602e-05
1608073452552343040	4882.383641446941	0.18688102563696585	0.6858203409699009	4.092370336084092e-06
1608371695080827392	3575.4663630388677	0.034478858609923266	0.4983758402728927	5.406596414906259e-05
1608371695080827520	3342.977442042902	0.022251933871915958	0.4450834549111679	4.602868609163417e-05
1608423028530374272	5928.7416583742015	3.562879731835173	1.8029092190706137	1.348133402439631e-06
1608070115361935872	3743.311283136718	0.062103255013861734	0.6760366997883822	2.6403764436965803e-05
1608370866151110784	2827.574636368081	0.002416082177834356	0.21942341659319378	0.0001651631491556413
1608435977855411328	2928.6056863423437	0.006191614748748312	0.3794557520874634	0.0010865019282257768
1607875471739995008	3268.9366539595358	0.033400851160306416	0.6098094508594724	2.8223160646278128e-05
1607876708690561664	4846.216273494065	0.3003144867932715	0.8603940276648653	9.445284986092261e-06
1608371763800304384	4092.290119402751	0.09860363690702006	0.6322050003111142	1.1851771342033804e-05
1608371763800290176	5449.593954086304	0.7506324239970666	0.9917154221391778	1.471715038780263e-06
1607876708691117056	3644.285628218204	0.026441132943564007	0.5184120416803121	3.6727292747160534e-05
1607863647694038400	3024.326797478716	0.0017985016618098937	0.22110820500836192	0.00010031161241385266
1607875437380256256	5935.653114318848	0.2145950544323726	0.44188944499146826	8.331371542292204e-06
1608424299840676352	3585.922408218612	0.04988555868913758	0.6237499334600329	1.1350011167968907e-05
1608423303407822976	4676.987951528281	0.25218126763942456	0.7708817006906379	3.4677150089541374e-06
1607875437380256384	3453.3194372663274	0.033620691351667634	0.552938302043353	1.7916446551491283e-05
1607876365093192064	3329.6370615251362	0.014834313378122953	0.43448192507129135	3.0832812055203916e-05
1608073413896827904	3572.5085803493857	0.05841120011659916	0.6622031903672433	1.9190139238737298e-05
1608366536824046720	3312.6567626022734	0.026886324878315937	0.5219004464387076	4.0411646394500584e-05
1608420142311893248	3606.144311454118	0.06901883562487936	0.792192460039801	1.1717520641731425e-05
1608424093681789056	3624.3561346527713	0.10343959327562796	0.9190363121866048	2.651144644140143e-05
1608067607101029760	3379.8590369030717	0.08839186515174687	0.8625067880954375	2.1772761637945184e-05
1608420348470323584	5552.168372645974	0.7260182972984657	0.9467183529468478	1.4641348149042248e-06
1607878491101202304	3021.4921164824045	0.00614651368567833	0.363206040706643	0.00011957944954103115
1607879594908572544	3820.02518146066	0.1370617512197925	0.8514613026962105	9.421207978749154e-06
1608367400112471296	3039.76400077343	0.0033667226479560677	0.32045425178685966	5.841420444333236e-05
1608420069296504064	4000.2385625289753	0.06556782750706719	0.6509786385562565	1.1109178256719562e-05
1608067336518926976	5204.0701260833885	0.5060882059104564	0.9862068581142133	1.8862745766781525e-06
1608371862583544064	3247.3306275496725	0.0026982192218052703	0.16323373522316253	7.548231807442454e-05
1608068642188971264	5332.127902340144	0.8590395590094939	1.2052859848195072	2.6002290685179286e-06
1608370763071897216	4694.235173030756	0.1921841688605172	0.7167702315031901	5.963012702883365e-06
1607863377112105856	5746.335608884692	0.5654369376114218	0.9181716940935386	0.00012364542650331248
1608423612645468672	6224.776222274231	2.5697223475747775	1.3794427668107705	2.0369446057760955e-06
1607875609178947456	4827.652132331859	0.4164583090701036	0.9278136056951253	4.691315367024705e-06
1608424432983310720	2989.1053311154246	0.004313370166202942	0.2582127330654031	7.834459989219093e-05
1608424402919434624	3317.16639388731	0.033265238701989434	0.5525649501204335	3.483859782007819e-05
1608367773774656384	5174.417740702629	0.1726929634874349	0.5204598702148865	4.219969087481078e-06
1608424505998649856	3539.104794356972	0.02540013228243622	0.4669586671706207	3.99656034157897e-05
1607878456741448320	3176.3579419464804	0.010871398457952977	0.33893224498513713	5.946169206395899e-05
1608423681364961792	3017.2519606465357	0.007685168404786919	0.440726925554399	0.00010940861890943181
1608366300601922048	5059.0003399550915	0.4574188922569976	0.9125565184729488	3.272768020214832e-06
1608436115294377984	3064.4327256269753	0.004179000964265435	0.26297948142125854	0.0007602363306053312
1608371007886060416	4983.422584831715	0.3957094905094728	0.9235958636883849	2.8286477570928312e-06
1608366365025352832	3922.355262567289	0.11452511356764476	0.7403654541275237	1.0821189783001026e-05
1608372481058829312	3194.9496746098157	0.019510940131292644	0.5157010361872932	9.649356189734143e-05
1608420520269016192	3996.16945406422	0.09777393905170123	0.6595006167935566	1.3118296978876777e-05
1608423647005207296	4979.434700017737	0.4316225880390798	0.9088620298873781	2.549750849258215e-06
1607878388021898368	2907.094017788768	0.0026401069366162	0.5412189395461098	0.00022117564298419702
1608369251243408512	3018.6525297374465	0.01249500711628899	0.5303576219252548	5.631948325276811e-05
1608423750084422528	4812.703611049801	0.22748722693058915	0.7821422109784238	3.481764632130246e-06
1608423750084422656	5633.838081546128	0.7359285205625384	0.9540492749210127	1.1905062613105956e-06
1608366334961660544	3747.4805211578496	0.08554050269216046	0.7657156598557158	9.64338989380259e-06
1608067405238403584	5319.791526023982	0.5292415315286999	0.9097774373463847	1.6824345572544058e-06
1607874097350459008	4462.8748986907885	0.1760828590303694	0.7969046490532249	7.65745296287652e-06
1607879423109880576	3832.723367214203	0.1279088260625737	0.8173929427019945	1.3601447701354798e-05
1608067160424426496	5616.632745859679	0.3083562443505397	0.591406533608214	5.549549029236538e-06
1608420275454951936	3954.6499460935593	0.035417708364490215	0.48383848010142233	1.2545950672100413e-05
1608068470390279040	4200.251449090138	0.1514267658097559	0.8164734145820586	8.495222561842473e-06
1608369221179665792	5406.445947726024	0.6015646627076611	0.8892076488259275	2.523760584887433e-06
1608071867708598016	3444.2982924036914	0.04831420899687723	0.7213501037843193	2.384347136566253e-05
