# File generated by CMD 3.7 (http://stev.oapd.inaf.it/cmd) on Thu Mar  2 15:14:24 CET 2023
# isochrones based on PARSEC release v1.2S +  COLIBRI S_37 + S_35 + PR16
# Basic references: Bressan et al. (2012), MNRAS, 427, 127 + Chen et al. (2014, 2015), MNRAS, 444, 2525 + MNRAS, 452, 1068 + Tang et al. (2014), MNRAS, 445, 4287 + Marigo et al. (2017), ApJ, 835, 77 + Pastorelli al. (2019), MNRAS, 485, 5666 + Pastorelli al. (2020), MNRAS, in press
# Thermal pulse cycles included 
# On RGB, assumed Reimers mass loss with efficiency eta=0.2
# LPV periods and growth rates added cf. Trabucchi et al. (2019)
# but fundamental-mode LPV periods are from Trabucchi et al. (2021)
# Photometric system: <i>UBVRIJHK</i> (cf. Maiz-Apellaniz 2006 + Bessell 1990)
# Using YBC version of bolometric corrections as in Chen et al. (2019)
# O-rich circumstellar dpmod60alox40 dust from Groenewegen (2006)
# C-rich circumstellar AMCSIC15 dust from Groenewegen (2006)
# IMF: Kroupa (2001, 2002) + Kroupa et al. (2013) canonical two-part-power law IMF corrected for unresolved binaries 
# Kind of output: isochrone tables
# Zini     MH   logAge Mini        int_IMF         Mass   logL    logTe  logg  label   McoreTP C_O  period0  period1  period2  period3  period4  pmode  Mloss  tau1m   X   Y   Xc  Xn  Xo  Cexcess  Z 	 mbolmag  Umag    Bmag    Vmag    Rmag    Imag    Jmag    Hmag    Kmag
0.0152 0.01508 9.77815 0.0900000036 1.0816895926    0.090 -3.424  3.3623  5.217    1  0.000  0.545     0.00     0.00     0.00     0.00     0.00 -1 -3.89e-17      0.00 7.085e-01 2.762e-01 2.746e-03 7.408e-04 6.719e-03 -1.000 1.527e-02 13.329 22.606 19.982 18.145 15.991 13.741 11.239 10.624 10.335
0.0152 0.01508 9.77815 0.1000000015 1.1711064122    0.100 -3.241  3.3882  5.184    1  0.000  0.545     0.00     0.00     0.00     0.00     0.00 -1 -5.84e-17      0.00 7.083e-01 2.764e-01 2.746e-03 7.408e-04 6.719e-03 -1.000 1.527e-02 12.873 22.087 19.499 17.671 15.529 13.285 10.783 10.170 9.877
0.0152 0.01508 9.77815 0.1144301444 1.2814583400    0.114 -3.046  3.4139  5.150    1  0.000  0.545     0.00     0.00     0.00     0.00     0.00 -1 -8.91e-17      0.00 7.079e-01 2.769e-01 2.746e-03 7.408e-04 6.719e-03 -1.000 1.527e-02 12.384 21.533 18.982 17.164 15.035 12.796 10.296 9.683 9.386
0.0152 0.01508 9.77815 0.1200000122 1.3193155232    0.120 -2.977  3.4230  5.138    1  0.000  0.545     0.00     0.00     0.00     0.00     0.00 -1 -1.03e-16      0.00 7.077e-01 2.770e-01 2.746e-03 7.408e-04 6.719e-03 -1.000 1.527e-02 12.212 21.021 18.582 16.787 14.732 12.544 10.137 9.524 9.225
0.0152 0.01508 9.77815 0.1400000006 1.4384526719    0.140 -2.793  3.4432  5.102    1  0.000  0.545     0.00     0.00     0.00     0.00     0.00 -1 -1.52e-16      0.00 7.073e-01 2.774e-01 2.746e-03 7.408e-04 6.719e-03 -1.000 1.527e-02 11.753 19.472 17.363 15.656 13.840 11.823 9.726 9.110 8.810
0.0152 0.01508 9.77815 0.1545518041 1.5120283320    0.155 -2.688  3.4533  5.081    1  0.000  0.545     0.00     0.00     0.00     0.00     0.00 -1 -1.89e-16      0.00 7.070e-01 2.777e-01 2.746e-03 7.408e-04 6.719e-03 -1.000 1.527e-02 11.491 18.724 16.755 15.086 13.378 11.448 9.488 8.871 8.574
0.0152 0.01508 9.77815 0.1599999964 1.5372931554    0.160 -2.652  3.4568  5.073    1  0.000  0.545     0.00     0.00     0.00     0.00     0.00 -1 -2.04e-16      0.00 7.069e-01 2.779e-01 2.746e-03 7.408e-04 6.719e-03 -1.000 1.527e-02 11.400 18.466 16.545 14.886 13.216 11.319 9.406 8.788 8.491
0.0152 0.01508 9.77815 0.2000000030 1.6938790862    0.200 -2.435  3.4756  5.028    1  0.000  0.545     0.00     0.00     0.00     0.00     0.00 -1 -3.17e-16      0.00 7.061e-01 2.786e-01 2.746e-03 7.408e-04 6.719e-03 -1.000 1.527e-02 10.857 17.130 15.424 13.825 12.336 10.606 8.908 8.289 8.000
0.0152 0.01508 9.77815 0.2500000000 1.8403257998    0.250 -2.227  3.4919  4.982    1  0.000  0.545     0.00     0.00     0.00     0.00     0.00 -1 -4.81e-16      0.00 7.055e-01 2.792e-01 2.746e-03 7.408e-04 6.719e-03 -1.000 1.527e-02 10.337 16.021 14.462 12.897 11.542 9.966 8.429 7.807 7.529
0.0152 0.01508 9.77815 0.3000000119 1.9529139769    0.300 -2.064  3.5027  4.942    1  0.000  0.545     0.00     0.00     0.00     0.00     0.00 -1  -3.8e-16      0.00 7.052e-01 2.795e-01 2.746e-03 7.408e-04 6.719e-03 -1.000 1.527e-02 9.930 15.288 13.808 12.276 10.993 9.500 8.047 7.422 7.154
0.0152 0.01508 9.77815 0.3300637305 2.0094772907    0.330 -1.970  3.5080  4.910    1  0.000  0.545     0.00     0.00     0.00     0.00     0.00 -1 -5.72e-16      0.00 7.078e-01 2.769e-01 2.746e-03 7.408e-04 6.719e-03 -1.000 1.527e-02 9.694 14.900 13.455 11.941 10.692 9.238 7.824 7.197 6.933
0.0152 0.01508 9.77815 0.3500000238 2.0434175133    0.350 -1.911  3.5113  4.890    1  0.000  0.545     0.00     0.00     0.00     0.00     0.00 -1    -8e-16      0.00 7.090e-01 2.757e-01 2.746e-03 7.408e-04 6.719e-03 -1.000 1.527e-02 9.547 14.663 13.239 11.736 10.506 9.076 7.684 7.055 6.794
0.0152 0.01508 9.77815 0.4000000358 2.1185024810    0.400 -1.767  3.5224  4.848    1  0.000  0.545     0.00     0.00     0.00     0.00     0.00 -1 -1.28e-15      0.00 7.091e-01 2.756e-01 2.746e-03 7.408e-04 6.719e-03 -1.000 1.527e-02 9.187 14.048 12.670 11.194 10.022 8.671 7.351 6.716 6.464
0.0152 0.01508 9.77815 0.4500000477 2.1822809714    0.450 -1.618  3.5346  4.799    1  0.000  0.545     0.00     0.00     0.00     0.00     0.00 -1  -1.8e-15      0.00 7.092e-01 2.755e-01 2.746e-03 7.408e-04 6.719e-03 -1.000 1.527e-02 8.814 13.442 12.094 10.646 9.528 8.257 7.009 6.364 6.121
0.0152 0.01508 9.77815 0.5000000000 2.2374541529    0.500 -1.461  3.5495  4.749    1  0.000  0.545     0.00     0.00     0.00     0.00     0.00 -1  -2.6e-15      0.00 7.092e-01 2.755e-01 2.746e-03 7.408e-04 6.719e-03 -1.000 1.527e-02 8.423 12.819 11.483 10.062 9.002 7.824 6.656 5.999 5.769
0.0152 0.01508 9.77815 0.5120975971 2.2495870584    0.512 -1.419  3.5544  4.736    1  0.000  0.545     0.00     0.00     0.00     0.00     0.00 -1 -2.87e-15      0.00 7.124e-01 2.724e-01 2.717e-03 7.330e-04 6.648e-03 -1.000 1.511e-02 8.317 12.650 11.312 9.897 8.852 7.706 6.563 5.903 5.676
0.0152 0.01508 9.77815 0.5500000119 2.2836582633    0.550 -1.292  3.5690  4.698    1  0.000  0.545     0.00     0.00     0.00     0.00     0.00 -1 -3.88e-15      0.00 7.231e-01 2.623e-01 2.622e-03 7.076e-04 6.419e-03 -1.000 1.457e-02 7.999 12.155 10.803 9.401 8.400 7.356 6.284 5.614 5.400
0.0152 0.01508 9.77815 0.6000000238 2.3211213258    0.600 -1.123  3.5930  4.663    1  0.000  0.545     0.00     0.00     0.00     0.00     0.00 -1  -5.7e-15      0.00 7.252e-01 2.603e-01 2.605e-03 7.030e-04 6.377e-03 -1.000 1.451e-02 7.578 11.481 10.097 8.726 7.785 6.901 5.927 5.238 5.057
0.0152 0.01508 9.77815 0.6499999762 2.3520353107    0.650 -0.952  3.6221  4.643    1  0.000  0.545     0.00     0.00     0.00     0.00     0.00 -1 -8.29e-15      0.00 7.271e-01 2.584e-01 2.589e-03 6.987e-04 6.339e-03 -1.000 1.442e-02 7.151 10.757 9.334 8.042 7.170 6.448 5.567 4.876 4.740
0.0152 0.01508 9.77815 0.7000000477 2.3779267258    0.700 -0.787  3.6519  4.630    1  0.000  0.544     0.00     0.00     0.00     0.00     0.00 -1 -1.19e-14      0.00 7.290e-01 2.567e-01 2.574e-03 6.947e-04 6.304e-03 -1.000 1.429e-02 6.738 9.850 8.528 7.367 6.588 6.017 5.233 4.585 4.487
0.0152 0.01508 9.77815 0.7287374735 2.3909727519    0.729 -0.695  3.6688  4.623    1  0.000  0.540     0.00     0.00     0.00     0.00     0.00 -1 -1.45e-14      0.00 7.302e-01 2.556e-01 2.544e-03 6.916e-04 6.281e-03 -1.000 1.427e-02 6.507 9.228 8.073 6.998 6.286 5.775 5.052 4.454 4.369
0.0152 0.01508 9.77815 0.7500000000 2.3998889087    0.750 -0.628  3.6809  4.617    1  0.000  0.537     0.00     0.00     0.00     0.00     0.00 -1 -1.68e-14      0.00 7.310e-01 2.548e-01 2.523e-03 6.894e-04 6.266e-03 -1.000 1.421e-02 6.340 8.778 7.759 6.743 6.080 5.601 4.923 4.367 4.287
0.0152 0.01508 9.77815 0.7526655197 2.4009658673    0.753 -0.620  3.6821  4.615    1  0.000  0.537     0.00     0.00     0.00     0.00     0.00 -1 -1.71e-14      0.00 7.312e-01 2.546e-01 2.522e-03 6.891e-04 6.263e-03 -1.000 1.420e-02 6.320 8.734 7.726 6.715 6.057 5.581 4.907 4.355 4.275
0.0152 0.01508 9.77815 0.7891705036 2.4148772754    0.789 -0.512  3.6983  4.592    1  0.000  0.537     0.00     0.00     0.00     0.00     0.00 -1  -2.2e-14      0.00 7.332e-01 2.526e-01 2.505e-03 6.846e-04 6.222e-03 -1.000 1.414e-02 6.050 8.126 7.285 6.347 5.750 5.310 4.690 4.186 4.115
0.0152 0.01508 9.77815 0.8000000119 2.4187244405    0.800 -0.480  3.7030  4.586    1  0.000  0.537     0.00     0.00     0.00     0.00     0.00 -1 -2.36e-14      0.00 7.338e-01 2.521e-01 2.500e-03 6.832e-04 6.210e-03 -1.000 1.411e-02 5.971 7.953 7.161 6.243 5.662 5.231 4.627 4.137 4.068
0.0152 0.01508 9.77815 0.8038548231 2.4200651212    0.804 -0.469  3.7047  4.583    1  0.000  0.537     0.00     0.00     0.00     0.00     0.00 -1 -2.43e-14      0.00 7.341e-01 2.518e-01 2.498e-03 6.827e-04 6.204e-03 -1.000 1.410e-02 5.943 7.894 7.118 6.207 5.631 5.203 4.605 4.120 4.051
0.0152 0.01508 9.77815 0.8342920542 2.4301525857    0.834 -0.381  3.7172  4.561    1  0.000  0.537     0.00     0.00     0.00     0.00     0.00 -1 -2.99e-14      0.00 7.361e-01 2.499e-01 2.481e-03 6.782e-04 6.164e-03 -1.000 1.401e-02 5.722 7.434 6.787 5.926 5.392 4.987 4.429 3.980 3.917
0.0152 0.01508 9.77815 0.8500000238 2.4350346840    0.849 -0.336  3.7235  4.549    1  0.000  0.537     0.00     0.00     0.00     0.00     0.00 -1 -3.34e-14      0.00 7.372e-01 2.489e-01 2.473e-03 6.759e-04 6.144e-03 -1.000 1.395e-02 5.609 7.209 6.624 5.787 5.272 4.878 4.340 3.908 3.847
0.0152 0.01508 9.77815 0.8519626856 2.4356301539    0.851 -0.330  3.7243  4.547    1  0.000  0.537     0.00     0.00     0.00     0.00     0.00 -1 -3.38e-14      0.00 7.373e-01 2.487e-01 2.471e-03 6.755e-04 6.141e-03 -1.000 1.394e-02 5.595 7.182 6.604 5.771 5.257 4.864 4.329 3.898 3.838
0.0152 0.01508 9.77815 0.8803973198 2.4439158051    0.880 -0.248  3.7348  4.522    1  0.000  0.536     0.00     0.00     0.00     0.00     0.00 -1 -4.13e-14      0.00 7.397e-01 2.465e-01 2.452e-03 6.703e-04 6.094e-03 -1.000 1.386e-02 5.391 6.799 6.321 5.528 5.044 4.669 4.165 3.763 3.706
0.0152 0.01508 9.77815 0.9000000358 2.4492786175    0.899 -0.192  3.7417  4.503    1  0.000  0.536     0.00     0.00     0.00     0.00     0.00 -1 -4.75e-14      0.00 7.413e-01 2.449e-01 2.438e-03 6.666e-04 6.061e-03 -1.000 1.376e-02 5.251 6.541 6.128 5.364 4.901 4.537 4.055 3.669 3.616
0.0152 0.01508 9.77815 0.9126253724 2.4525926731    0.912 -0.156  3.7459  4.490    1  0.000  0.536     0.00     0.00     0.00     0.00     0.00 -1 -5.21e-14      0.00 7.427e-01 2.436e-01 2.427e-03 6.637e-04 6.035e-03 -1.000 1.371e-02 5.160 6.376 6.008 5.261 4.810 4.453 3.983 3.607 3.556
0.0152 0.01508 9.77815 0.9275829792 2.4563849761    0.927 -0.113  3.7507  4.473    1  0.000  0.536     0.00     0.00     0.00     0.00     0.00 -1 -5.82e-14      0.00 7.443e-01 2.421e-01 2.414e-03 6.602e-04 6.003e-03 -1.000 1.366e-02 5.053 6.186 5.867 5.140 4.703 4.354 3.897 3.532 3.483
0.0152 0.01508 9.77815 0.9418004155 2.4598615023    0.941 -0.072  3.7550  4.456    1  0.000  0.536     0.00     0.00     0.00     0.00     0.00 -1 -6.47e-14      0.00 7.458e-01 2.406e-01 2.401e-03 6.567e-04 5.972e-03 -1.000 1.361e-02 4.951 6.016 5.737 5.028 4.602 4.259 3.814 3.459 3.412
0.0152 0.01508 9.77815 0.9500000477 2.4618122009    0.949 -0.049  3.7574  4.446    1  0.000  0.536     0.00     0.00     0.00     0.00     0.00 -1 -6.89e-14      0.00 7.467e-01 2.397e-01 2.394e-03 6.547e-04 5.954e-03 -1.000 1.357e-02 4.891 5.920 5.662 4.963 4.544 4.205 3.766 3.416 3.370
0.0152 0.01508 9.77815 0.9557832479 2.4631649053    0.955 -0.032  3.7590  4.438    1  0.000  0.536     0.00     0.00     0.00     0.00     0.00 -1  -7.2e-14      0.00 7.476e-01 2.389e-01 2.387e-03 6.528e-04 5.938e-03 -1.000 1.353e-02 4.849 5.853 5.609 4.917 4.502 4.165 3.731 3.385 3.340
0.0152 0.01508 9.77815 0.9684790969 2.4660694397    0.968  0.005  3.7624  4.420    1  0.000  0.536     0.00     0.00     0.00     0.00     0.00 -1 -7.95e-14      0.00 7.494e-01 2.371e-01 2.372e-03 6.488e-04 5.901e-03 -1.000 1.345e-02 4.757 5.711 5.495 4.817 4.412 4.080 3.655 3.316 3.273
0.0152 0.01508 9.77815 0.9807203412 2.4687882351    0.980  0.041  3.7656  4.403    1  0.000  0.536     0.00     0.00     0.00     0.00     0.00 -1 -8.75e-14      0.00 7.513e-01 2.354e-01 2.357e-03 6.447e-04 5.865e-03 -1.000 1.336e-02 4.668 5.578 5.386 4.722 4.324 3.998 3.581 3.249 3.207
0.0152 0.01508 9.77815 1.0000000000 2.4729154477    1.000  0.098  3.7702  4.373    1  0.000  0.536     0.00     0.00     0.00     0.00     0.00 -1 -1.02e-13      0.00 7.543e-01 2.325e-01 2.332e-03 6.381e-04 5.805e-03 -1.000 1.318e-02 4.526 5.373 5.215 4.571 4.185 3.866 3.462 3.140 3.101
0.0152 0.01508 9.77815 1.0098149776 2.4749470661    1.009  0.127  3.7723  4.357    1  0.000  0.536     0.00     0.00     0.00     0.00     0.00 -1 -1.09e-13      0.00 7.563e-01 2.306e-01 2.316e-03 6.337e-04 5.766e-03 -1.000 1.313e-02 4.453 5.272 5.129 4.494 4.114 3.799 3.400 3.083 3.044
0.0152 0.01508 9.77815 1.0211833715 2.4772441827    1.021  0.160  3.7746  4.337    1  0.000  0.535     0.00     0.00     0.00     0.00     0.00 -1 -1.18e-13      0.00 7.587e-01 2.283e-01 2.296e-03 6.284e-04 5.718e-03 -1.000 1.303e-02 4.369 5.159 5.030 4.406 4.032 3.720 3.327 3.015 2.977
0.0152 0.01508 9.77815 1.0318018198 2.4793372688    1.031  0.191  3.7764  4.317    1  0.000  0.535     0.00     0.00     0.00     0.00     0.00 -1 -1.27e-13      0.00 7.610e-01 2.261e-01 2.277e-03 6.233e-04 5.673e-03 -1.000 1.293e-02 4.291 5.058 4.941 4.325 3.956 3.647 3.259 2.951 2.914
0.0152 0.01508 9.77815 1.0427334309 2.4814409516    1.042  0.222  3.7780  4.297    1  0.000  0.535     0.00     0.00     0.00     0.00     0.00 -1 -1.37e-13      0.00 7.633e-01 2.239e-01 2.258e-03 6.182e-04 5.627e-03 -1.000 1.282e-02 4.214 4.961 4.854 4.245 3.880 3.574 3.189 2.885 2.849
0.0152 0.01508 9.77815 1.0499999523 2.4828114860    1.049  0.243  3.7789  4.283    1  0.000  0.535     0.00     0.00     0.00     0.00     0.00 -1 -1.44e-13      0.00 7.648e-01 2.224e-01 2.246e-03 6.149e-04 5.598e-03 -1.000 1.276e-02 4.163 4.899 4.796 4.192 3.829 3.525 3.142 2.840 2.804
0.0152 0.01508 9.77815 1.0646334887 2.4855063298    1.063  0.287  3.7804  4.252    1  0.000  0.535     0.00     0.00     0.00     0.00     0.00 -1 -1.59e-13      0.00 7.686e-01 2.189e-01 2.216e-03 6.069e-04 5.525e-03 -1.000 1.259e-02 4.053 4.771 4.677 4.080 3.721 3.419 3.041 2.742 2.707
0.0152 0.01508 9.77815 1.0788661242 2.4880468603    1.078  0.332  3.7820  4.218    1  0.000  0.535     0.00     0.00     0.00     0.00     0.00 -1 -1.79e-13      0.00 7.700e-01 2.175e-01 2.206e-03 6.040e-04 5.500e-03 -1.000 1.252e-02 3.939 4.641 4.554 3.964 3.609 3.310 2.935 2.640 2.605
0.0152 0.01508 9.77815 1.0809192657 2.4884070023    1.080  0.339  3.7822  4.213    1  0.000  0.535     0.00     0.00     0.00     0.00     0.00 -1 -1.82e-13      0.00 7.701e-01 2.174e-01 2.205e-03 6.038e-04 5.498e-03 -1.000 1.251e-02 3.923 4.622 4.536 3.947 3.592 3.294 2.919 2.625 2.590
0.0152 0.01508 9.77815 1.0922535658 2.4903671624    1.091  0.377  3.7829  4.183    1  0.000  0.534     0.00     0.00     0.00     0.00     0.00 -1 -2.01e-13      0.00 7.706e-01 2.169e-01 2.202e-03 6.032e-04 5.493e-03 -1.000 1.250e-02 3.828 4.520 4.436 3.851 3.499 3.201 2.829 2.535 2.501
0.0152 0.01508 9.77815 1.1000000238 2.4916801480    1.099  0.403  3.7831  4.160    1  0.000  0.534     0.00     0.00     0.00     0.00     0.00 -1 -2.16e-13      0.00 7.707e-01 2.168e-01 2.203e-03 6.034e-04 5.495e-03 -1.000 1.248e-02 3.762 4.452 4.368 3.785 3.433 3.135 2.763 2.471 2.436
0.0152 0.01508 9.77815 1.1020735502 2.4920280008    1.101  0.410  3.7831  4.154    1  0.000  0.534     0.00     0.00     0.00     0.00     0.00 -1  -2.2e-13      0.00 7.705e-01 2.170e-01 2.205e-03 6.042e-04 5.502e-03 -1.000 1.250e-02 3.744 4.433 4.350 3.767 3.415 3.118 2.746 2.453 2.419
0.0152 0.01508 9.77815 1.1121250391 2.4936931085    1.111  0.446  3.7829  4.121    1  0.000  0.534     0.00     0.00     0.00     0.00     0.00 -1 -2.42e-13      0.00 7.688e-01 2.186e-01 2.224e-03 6.095e-04 5.549e-03 -1.000 1.264e-02 3.654 4.346 4.260 3.677 3.325 3.027 2.654 2.361 2.327
0.0152 0.01508 9.77815 1.1207779646 2.4950990565    1.119  0.478  3.7820  4.089    1  0.000  0.534     0.00     0.00     0.00     0.00     0.00 -1 -2.65e-13      0.00 7.671e-01 2.201e-01 2.242e-03 6.147e-04 5.595e-03 -1.000 1.277e-02 3.574 4.275 4.184 3.598 3.244 2.946 2.571 2.276 2.241
0.0152 0.01508 9.77815 1.1242249012 2.4956521957    1.123  0.491  3.7816  4.075    1  0.000  0.534     0.00     0.00     0.00     0.00     0.00 -1 -2.76e-13      0.00 7.665e-01 2.207e-01 2.248e-03 6.166e-04 5.611e-03 -1.000 1.280e-02 3.542 4.247 4.154 3.566 3.212 2.912 2.536 2.241 2.206
0.0152 0.01508 9.77815 1.1299172640 2.4965571732    1.128  0.513  3.7802  4.050    2  0.000  0.534     0.00     0.00     0.00     0.00     0.00 -1 -2.95e-13      0.00 7.644e-01 2.227e-01 2.269e-03 6.225e-04 5.663e-03 -1.000 1.291e-02 3.488 4.207 4.107 3.513 3.156 2.855 2.475 2.177 2.141
0.0152 0.01508 9.77815 1.1390994787 2.4979950725    1.137  0.548  3.7768  4.005    2  0.000  0.534     0.00     0.00     0.00     0.00     0.00 -1 -3.29e-13      0.00 7.587e-01 2.281e-01 2.319e-03 6.362e-04 5.786e-03 -1.000 1.320e-02 3.401 4.158 4.039 3.431 3.067 2.760 2.371 2.066 2.029
0.0152 0.01508 9.77815 1.1472400427 2.4992477420    1.146  0.576  3.7709  3.957    2  0.000  0.535     0.00     0.00     0.00     0.00     0.00 -1 -3.65e-13      0.00 7.498e-01 2.366e-01 2.391e-03 6.559e-04 5.961e-03 -1.000 1.360e-02 3.330 4.156 4.003 3.370 2.993 2.676 2.272 1.954 1.914
0.0152 0.01508 9.77815 1.1499999762 2.4996678137    1.148  0.584  3.7680  3.938    2  0.000  0.535     0.00     0.00     0.00     0.00     0.00 -1 -3.78e-13      0.00 7.460e-01 2.403e-01 2.421e-03 6.641e-04 6.034e-03 -1.000 1.376e-02 3.310 4.172 4.001 3.356 2.971 2.650 2.238 1.913 1.872
0.0152 0.01508 9.77815 1.1528155804 2.5000939761    1.151  0.591  3.7640  3.916    2  0.000  0.535     0.00     0.00     0.00     0.00     0.00 -1 -3.92e-13      0.00 7.417e-01 2.444e-01 2.456e-03 6.732e-04 6.116e-03 -1.000 1.393e-02 3.293 4.204 4.008 3.346 2.953 2.625 2.202 1.868 1.825
0.0152 0.01508 9.77815 1.1570185423 2.5007256896    1.155  0.590  3.7540  3.879    2  0.000  0.536     0.00     0.00     0.00     0.00     0.00 -1 -4.05e-13      0.00 7.340e-01 2.517e-01 2.516e-03 6.890e-04 6.260e-03 -1.000 1.426e-02 3.296 4.338 4.075 3.372 2.954 2.610 2.159 1.802 1.755
0.0152 0.01508 9.77815 1.1602652073 2.5012100684    1.159  0.575  3.7421  3.847    2  0.000  0.536     0.00     0.00     0.00     0.00     0.00 -1 -4.05e-13      0.00 7.274e-01 2.581e-01 2.567e-03 7.024e-04 6.382e-03 -1.000 1.450e-02 3.331 4.543 4.187 3.438 2.991 2.628 2.143 1.757 1.705
0.0152 0.01508 9.77815 1.1621475220 2.5014894711    1.160  0.563  3.7330  3.824    2  0.000  0.536     0.00     0.00     0.00     0.00     0.00 -1 -4.02e-13      0.00 7.237e-01 2.616e-01 2.595e-03 7.098e-04 6.449e-03 -1.000 1.467e-02 3.363 4.706 4.281 3.497 3.029 2.651 2.138 1.728 1.674
0.0152 0.01508 9.77815 1.1633764505 2.5016713271    1.162  0.555  3.7266  3.807    2  0.000  0.537     0.00     0.00     0.00     0.00     0.00 -1 -4.01e-13      0.00 7.215e-01 2.637e-01 2.611e-03 7.142e-04 6.489e-03 -1.000 1.478e-02 3.382 4.823 4.348 3.538 3.054 2.666 2.133 1.706 1.649
0.0152 0.01508 9.77815 1.1644603014 2.5018313483    1.163  0.550  3.7209  3.789    2  0.000  0.537     0.00     0.00     0.00     0.00     0.00 -1 -4.04e-13      0.00 7.197e-01 2.654e-01 2.624e-03 7.175e-04 6.519e-03 -1.000 1.484e-02 3.394 4.925 4.402 3.571 3.072 2.674 2.123 1.681 1.621
0.0152 0.01508 9.77815 1.1655132771 2.5019864834    1.164  0.549  3.7155  3.769    2  0.000  0.537     0.00     0.00     0.00     0.00     0.00 -1 -4.11e-13      0.00 7.183e-01 2.669e-01 2.635e-03 7.201e-04 6.544e-03 -1.000 1.485e-02 3.397 5.016 4.447 3.595 3.082 2.675 2.106 1.648 1.587
0.0152 0.01508 9.77815 1.1668086052 2.5021768826    1.165  0.558  3.7100  3.738    2  0.000  0.537     0.00     0.00     0.00     0.00     0.00 -1 -4.32e-13      0.00 7.166e-01 2.685e-01 2.645e-03 7.227e-04 6.567e-03 -1.000 1.490e-02 3.374 5.085 4.467 3.594 3.068 2.651 2.063 1.589 1.526
0.0152 0.01508 9.77815 1.1683547497 2.5024035136    1.167  0.580  3.7047  3.696    2  0.000  0.537     0.00     0.00     0.00     0.00     0.00 -1 -4.74e-13      0.00 7.147e-01 2.703e-01 2.654e-03 7.253e-04 6.591e-03 -1.000 1.493e-02 3.320 5.121 4.458 3.564 3.023 2.596 1.990 1.502 1.436
0.0152 0.01508 9.77815 1.1689598560 2.5024920213    1.167  0.592  3.7031  3.678    2  0.000  0.537     0.00     0.00     0.00     0.00     0.00 -1 -4.97e-13      0.00 7.139e-01 2.711e-01 2.657e-03 7.261e-04 6.599e-03 -1.000 1.497e-02 3.290 5.119 4.442 3.542 2.996 2.567 1.955 1.462 1.395
0.0152 0.01508 9.77815 1.1699811220 2.5026411610    1.168  0.617  3.7010  3.644    2  0.000  0.536     0.00     0.00     0.00     0.00     0.00 -1 -5.46e-13      0.00 7.125e-01 2.725e-01 2.659e-03 7.280e-04 6.610e-03 -1.000 1.500e-02 3.228 5.089 4.396 3.488 2.937 2.504 1.885 1.386 1.318
0.0152 0.01508 9.77815 1.1714630127 2.5028570360    1.170  0.657  3.6984  3.594    3  0.000  0.533     0.00     0.00     0.00     0.00     0.00 -1  -6.3e-13      0.00 7.100e-01 2.749e-01 2.647e-03 7.374e-04 6.625e-03 -1.000 1.504e-02 3.126 5.029 4.317 3.399 2.842 2.403 1.776 1.269 1.200
0.0152 0.01508 9.77815 1.1729805470 2.5030774535    1.171  0.704  3.6963  3.540    3  0.000  0.520     0.00     0.00     0.00     0.00     0.00 -1 -7.43e-13      0.00 7.070e-01 2.779e-01 2.589e-03 7.845e-04 6.638e-03 -1.000 1.509e-02 3.010 4.947 4.219 3.293 2.731 2.288 1.653 1.139 1.069
0.0152 0.01508 9.77815 1.1742271185 2.5032580243    1.172  0.746  3.6948  3.493    3  0.000  0.500     0.00     0.00     0.00     0.00     0.00 -1 -8.61e-13      0.00 7.042e-01 2.806e-01 2.492e-03 8.909e-04 6.647e-03 -1.000 1.513e-02 2.906 4.866 4.128 3.196 2.630 2.185 1.543 1.025 0.955
0.0152 0.01508 9.77815 1.1756104231 2.5034578861    1.174  0.796  3.6932  3.436    3  0.000  0.475     0.00     0.00     0.00     0.00     0.00 -1 -1.03e-12      0.00 7.010e-01 2.838e-01 2.372e-03 1.039e-03 6.655e-03 -1.000 1.516e-02 2.780 4.770 4.017 3.077 2.508 2.059 1.412 0.889 0.818
0.0152 0.01508 9.77815 1.1766625643 2.5036095391    1.175  0.838  3.6919  3.390    3  0.000  0.460     0.00     0.00     0.00     0.00     0.00 -1 -1.19e-12      0.00 6.986e-01 2.862e-01 2.297e-03 1.133e-03 6.660e-03 -1.000 1.521e-02 2.676 4.689 3.925 2.978 2.406 1.955 1.303 0.777 0.705
0.0152 0.01508 9.77815 1.1778719425 2.5037834710    1.176  0.889  3.6904  3.332    3  0.000  0.446     0.00     0.00     0.00     0.00     0.00 -1 -1.43e-12      0.00 6.961e-01 2.887e-01 2.232e-03 1.216e-03 6.665e-03 -1.000 1.518e-02 2.546 4.589 3.810 2.856 2.280 1.825 1.168 0.637 0.565
0.0152 0.01508 9.77815 1.1787536144 2.5039100138    1.177  0.931  3.6891  3.287    3  0.000  0.439     0.00     0.00     0.00     0.00     0.00 -1 -1.66e-12      0.00 6.944e-01 2.904e-01 2.194e-03 1.264e-03 6.668e-03 -1.000 1.521e-02 2.444 4.510 3.720 2.759 2.180 1.723 1.061 0.527 0.454
0.0152 0.01508 9.77815 1.1797987223 2.5040597323    1.178  0.984  3.6873  3.227    3  0.000  0.432     0.00     0.00     0.00     0.00     0.00 -1    -2e-12      0.00 6.928e-01 2.920e-01 2.161e-03 1.305e-03 6.670e-03 -1.000 1.524e-02 2.311 4.411 3.606 2.636 2.052 1.591 0.922 0.383 0.310
0.0152 0.01508 9.77815 1.1806755066 2.5041851022    1.179  1.033  3.6856  3.171    3  0.000  0.428     0.00     0.00     0.00     0.00     0.00 -1 -2.38e-12      0.00 6.917e-01 2.931e-01 2.142e-03 1.330e-03 6.672e-03 -1.000 1.525e-02 2.188 4.322 3.501 2.522 1.934 1.469 0.794 0.250 0.176
0.0152 0.01508 9.77815 1.1815086603 2.5043040351    1.180  1.084  3.6837  3.113    3  0.000  0.425     0.00     0.00     0.00     0.00     0.00 -1 -2.86e-12      0.00 6.908e-01 2.939e-01 2.126e-03 1.349e-03 6.674e-03 -1.000 1.526e-02 2.060 4.232 3.393 2.404 1.811 1.342 0.660 0.110 0.035
0.0152 0.01508 9.77815 1.1822561026 2.5044105688    1.180  1.134  3.6817  3.054    3  0.000  0.423     0.00     0.00     0.00     0.00     0.00 -1 -3.43e-12      0.00 6.903e-01 2.945e-01 2.117e-03 1.362e-03 6.675e-03 -1.000 1.526e-02 1.934 4.147 3.287 2.288 1.690 1.216 0.527 -0.029 -0.105
0.0152 0.01508 9.77815 1.1829442978 2.5045085209    1.181  1.186  3.6795  2.995    3  0.000  0.422     0.00     0.00     0.00     0.00     0.00 -1 -4.12e-12      0.00 6.899e-01 2.948e-01 2.111e-03 1.369e-03 6.675e-03 -1.000 1.526e-02 1.806 4.062 3.181 2.171 1.567 1.089 0.391 -0.171 -0.248
0.0152 0.01508 9.77815 1.1835325956 2.5045921507    1.181  1.234  3.6774  2.938    3  0.000  0.421     0.00     0.00     0.00     0.00     0.00 -1 -4.92e-12      0.00 6.898e-01 2.950e-01 2.108e-03 1.373e-03 6.675e-03 -1.000 1.525e-02 1.685 3.985 3.083 2.063 1.452 0.970 0.264 -0.305 -0.383
0.0152 0.01508 9.77815 1.1840726137 2.5046688331    1.182  1.283  3.6751  2.880    3  0.000  0.421     0.00     0.00     0.00     0.00     0.00 -1 -5.88e-12      0.00 6.897e-01 2.950e-01 2.107e-03 1.374e-03 6.675e-03 -1.000 1.525e-02 1.562 3.909 2.983 1.953 1.336 0.848 0.134 -0.441 -0.521
0.0152 0.01508 9.77815 1.1845570803 2.5047375588    1.182  1.332  3.6728  2.822    3  0.000  0.421     0.00     0.00     0.00     0.00     0.00 -1 -7.02e-12      0.00 6.898e-01 2.950e-01 2.106e-03 1.375e-03 6.675e-03 -1.000 1.525e-02 1.441 3.836 2.887 1.846 1.222 0.729 0.006 -0.576 -0.657
0.0152 0.01508 9.77815 1.1850022078 2.5048006469    1.183  1.380  3.6704  2.765    3  0.000  0.421     0.00     0.00     0.00     0.00     0.00 -1 -8.38e-12      0.00 6.898e-01 2.950e-01 2.106e-03 1.375e-03 6.675e-03 -1.000 1.525e-02 1.320 3.764 2.791 1.738 1.108 0.610 -0.122 -0.712 -0.794
0.0152 0.01508 9.77815 1.1853978634 2.5048566776    1.183  1.427  3.6680  2.708    3  0.000  0.421     0.00     0.00     0.00     0.00     0.00 -1 -9.95e-12      0.00 6.898e-01 2.950e-01 2.106e-03 1.375e-03 6.675e-03 -1.000 1.525e-02 1.203 3.699 2.700 1.637 0.999 0.496 -0.246 -0.842 -0.927
0.0152 0.01508 9.77815 1.1857627630 2.5049083148    1.183  1.473  3.6656  2.652    3  0.000  0.421     0.00     0.00     0.00     0.00     0.00 -1 -1.18e-11      0.00 6.898e-01 2.950e-01 2.106e-03 1.376e-03 6.676e-03 -1.000 1.525e-02 1.087 3.635 2.611 1.536 0.892 0.383 -0.368 -0.973 -1.059
0.0152 0.01508 9.77815 1.1861057281 2.5049568146    1.184  1.519  3.6631  2.596    3  0.000  0.420     0.00     0.00     0.00     0.00     0.00 -1  -1.4e-11      0.00 6.898e-01 2.950e-01 2.105e-03 1.376e-03 6.676e-03 -1.000 1.525e-02 0.972 3.574 2.524 1.436 0.785 0.270 -0.491 -1.103 -1.191
0.0152 0.01508 9.77815 1.1864351034 2.5050033623    1.184  1.564  3.6606  2.542    3  0.000  0.420     0.00     0.00     0.00     0.00     0.00 -1 -1.65e-11      0.00 6.898e-01 2.950e-01 2.105e-03 1.376e-03 6.676e-03 -1.000 1.526e-02 0.860 3.515 2.439 1.340 0.681 0.161 -0.610 -1.229 -1.319
0.0152 0.01508 9.77815 1.1868504286 2.5050620142    1.184  1.607  3.6583  2.490    3  0.000  0.420     0.00     0.00     0.00     0.00     0.00 -1 -1.94e-11      0.00 6.898e-01 2.950e-01 2.105e-03 1.376e-03 6.676e-03 -1.000 1.526e-02 0.753 3.464 2.360 1.249 0.583 0.057 -0.723 -1.350 -1.441
0.0152 0.01508 9.77815 1.1869363785 2.5050741461    1.184  1.612  3.6580  2.483    3  0.000  0.420     0.00     0.00     0.00     0.00     0.00 -1 -1.99e-11      0.00 6.898e-01 2.950e-01 2.105e-03 1.376e-03 6.676e-03 -1.000 1.526e-02 0.739 3.459 2.350 1.237 0.570 0.044 -0.737 -1.365 -1.456
0.0152 0.01508 9.77815 1.1871989965 2.5051112022    1.184  1.580  3.6602  2.524    3  0.000  0.420     0.00     0.00     0.00     0.00     0.00 -1 -1.78e-11      0.00 6.898e-01 2.949e-01 2.105e-03 1.377e-03 6.676e-03 -1.000 1.526e-02 0.819 3.483 2.402 1.301 0.642 0.121 -0.652 -1.273 -1.363
0.0152 0.01508 9.77815 1.1873692274 2.5051352123    1.184  1.546  3.6625  2.568    3  0.000  0.420     0.00     0.00     0.00     0.00     0.00 -1 -1.56e-11      0.00 6.898e-01 2.949e-01 2.104e-03 1.377e-03 6.676e-03 -1.000 1.526e-02 0.906 3.520 2.464 1.374 0.721 0.205 -0.559 -1.173 -1.261
0.0152 0.01508 9.77815 1.1874063015 2.5051404403    1.184  1.538  3.6630  2.578    3  0.000  0.420     0.00     0.00     0.00     0.00     0.00 -1 -1.51e-11      0.00 6.898e-01 2.949e-01 2.104e-03 1.377e-03 6.676e-03 -1.000 1.526e-02 0.926 3.529 2.479 1.391 0.739 0.224 -0.537 -1.149 -1.237
0.0152 0.01508 9.77815 1.1874549389 2.5051472983    1.185  1.546  3.6625  2.567    3  0.000  0.420     0.00     0.00     0.00     0.00     0.00 -1 -1.55e-11      0.00 6.898e-01 2.949e-01 2.104e-03 1.377e-03 6.676e-03 -1.000 1.526e-02 0.905 3.518 2.463 1.373 0.720 0.204 -0.559 -1.173 -1.261
0.0152 0.01508 9.77815 1.1877243519 2.5051852749    1.185  1.592  3.6599  2.511    3  0.000  0.420     0.00     0.00     0.00     0.00     0.00 -1 -1.83e-11      0.00 6.898e-01 2.949e-01 2.104e-03 1.377e-03 6.676e-03 -1.000 1.526e-02 0.789 3.460 2.376 1.274 0.613 0.091 -0.682 -1.304 -1.394
0.0152 0.01508 9.77815 1.1879936457 2.5052232148    1.185  1.639  3.6572  2.453    3  0.000  0.420     0.00     0.00     0.00     0.00     0.00 -1 -2.17e-11      0.00 6.898e-01 2.949e-01 2.104e-03 1.377e-03 6.676e-03 -1.000 1.526e-02 0.673 3.420 2.296 1.177 0.506 -0.022 -0.807 -1.437 -1.529
0.0152 0.01508 9.77815 1.1882432699 2.5052583660    1.185  1.685  3.6545  2.397    3  0.000  0.420     0.00     0.00     0.00     0.00     0.00 -1 -2.57e-11      0.00 6.898e-01 2.949e-01 2.104e-03 1.378e-03 6.676e-03 -1.000 1.526e-02 0.558 3.385 2.220 1.082 0.401 -0.134 -0.929 -1.567 -1.661
0.0152 0.01508 9.77815 1.1884746552 2.5052909336    1.185  1.730  3.6517  2.340    3  0.000  0.420     0.00     0.00     0.00     0.00     0.00 -1 -3.04e-11      0.00 6.898e-01 2.949e-01 2.104e-03 1.378e-03 6.676e-03 -1.000 1.526e-02 0.445 3.353 2.145 0.988 0.297 -0.245 -1.051 -1.697 -1.792
0.0152 0.01508 9.77815 1.1886878014 2.5053209211    1.185  1.775  3.6489  2.284    3  0.000  0.420     0.00     0.00     0.00     0.00     0.00 -1  -3.6e-11      0.00 6.898e-01 2.949e-01 2.104e-03 1.378e-03 6.676e-03 -1.000 1.526e-02 0.331 3.324 2.071 0.896 0.195 -0.355 -1.172 -1.826 -1.924
0.0152 0.01508 9.77815 1.1888805628 2.5053480301    1.185  1.820  3.6461  2.228    3  0.000  0.420     0.00     0.00     0.00     0.00     0.00 -1 -4.26e-11      0.00 6.898e-01 2.949e-01 2.103e-03 1.378e-03 6.676e-03 -1.000 1.526e-02 0.221 3.299 2.002 0.807 0.095 -0.462 -1.291 -1.953 -2.053
0.0152 0.01508 9.77815 1.1890605688 2.5053733361    1.185  1.864  3.6433  2.172    3  0.000  0.420     0.00     0.00     0.00     0.00     0.00 -1 -5.03e-11      0.00 6.898e-01 2.949e-01 2.103e-03 1.378e-03 6.676e-03 -1.000 1.526e-02 0.109 3.275 1.932 0.718 -0.005 -0.570 -1.410 -2.081 -2.183
0.0152 0.01508 9.77815 1.1892267466 2.5053966902    1.185  1.909  3.6404  2.117    3  0.000  0.420     0.00     0.00     0.00     0.00     0.00 -1 -5.94e-11      0.00 6.898e-01 2.949e-01 2.103e-03 1.378e-03 6.676e-03 -1.000 1.526e-02 -0.002 3.253 1.864 0.630 -0.104 -0.677 -1.529 -2.209 -2.313
0.0152 0.01508 9.77815 1.1893777847 2.5054179101    1.185  1.953  3.6375  2.061    3  0.000  0.420     0.00     0.00     0.00     0.00     0.00 -1 -7.01e-11      0.00 6.898e-01 2.949e-01 2.103e-03 1.378e-03 6.676e-03 -1.000 1.526e-02 -0.112 3.235 1.799 0.546 -0.199 -0.782 -1.646 -2.335 -2.441
0.0152 0.01508 9.77815 1.1895182133 2.5054376339    1.185  1.997  3.6346  2.005    3  0.000  0.420     0.00     0.00     0.00     0.00     0.00 -1 -8.28e-11      0.00 6.898e-01 2.949e-01 2.103e-03 1.379e-03 6.676e-03 -1.000 1.526e-02 -0.223 3.219 1.734 0.462 -0.295 -0.888 -1.765 -2.462 -2.571
0.0152 0.01508 9.77815 1.1896450520 2.5054554444    1.185  2.040  3.6316  1.950    3  0.000  0.420     0.00     0.00     0.00     0.00     0.00 -1 -9.75e-11      0.00 6.898e-01 2.949e-01 2.103e-03 1.379e-03 6.676e-03 -1.000 1.526e-02 -0.331 3.178 1.672 0.376 -0.389 -0.990 -1.879 -2.581 -2.694
0.0152 0.01508 9.77815 1.1897619963 2.5054718616    1.185  2.084  3.6286  1.894    3  0.000  0.420     0.00     0.00     0.00     0.00     0.00 -1 -1.15e-10      0.00 6.898e-01 2.949e-01 2.103e-03 1.379e-03 6.677e-03 -1.000 1.526e-02 -0.440 3.133 1.609 0.291 -0.480 -1.091 -1.993 -2.699 -2.818
0.0152 0.01508 9.77815 1.1898688078 2.5054868531    1.185  2.127  3.6256  1.840    3  0.000  0.420     0.00     0.00     0.00     0.00     0.00 -1 -1.35e-10      0.00 6.898e-01 2.949e-01 2.103e-03 1.379e-03 6.677e-03 -1.000 1.526e-02 -0.547 3.086 1.548 0.208 -0.570 -1.190 -2.105 -2.816 -2.940
0.0152 0.01508 9.77815 1.1899669170 2.5055006204    1.185  2.169  3.6226  1.785    3  0.000  0.420     0.00     0.00     0.00     0.00     0.00 -1 -1.59e-10      0.00 6.898e-01 2.949e-01 2.103e-03 1.379e-03 6.677e-03 -1.000 1.526e-02 -0.653 3.038 1.486 0.126 -0.659 -1.289 -2.217 -2.932 -3.061
0.0152 0.01508 9.77815 1.1900591850 2.5055135657    1.184  2.212  3.6196  1.729    3  0.000  0.420     0.00     0.00     0.00     0.00     0.00 -1 -1.87e-10      0.00 6.898e-01 2.949e-01 2.103e-03 1.379e-03 6.677e-03 -1.000 1.526e-02 -0.761 2.987 1.423 0.043 -0.749 -1.388 -2.330 -3.050 -3.185
0.0152 0.01508 9.77815 1.1901423931 2.5055252379    1.184  2.255  3.6165  1.675    3  0.000  0.420     0.00     0.00     0.00     0.00     0.00 -1  -2.2e-10      0.00 6.898e-01 2.949e-01 2.103e-03 1.379e-03 6.677e-03 -1.000 1.526e-02 -0.866 2.936 1.363 -0.035 -0.833 -1.483 -2.440 -3.164 -3.305
0.0152 0.01508 9.77815 1.1902190447 2.5055359887    1.184  2.296  3.6134  1.621    3  0.000  0.420     0.00     0.00     0.00     0.00     0.00 -1 -2.58e-10      0.00 6.898e-01 2.949e-01 2.102e-03 1.379e-03 6.677e-03 -1.000 1.526e-02 -0.971 2.885 1.303 -0.113 -0.918 -1.578 -2.549 -3.278 -3.426
0.0152 0.01508 9.77815 1.1902912855 2.5055461195    1.184  2.339  3.6103  1.565    3  0.000  0.420     0.00     0.00     0.00     0.00     0.00 -1 -3.03e-10      0.00 6.898e-01 2.949e-01 2.102e-03 1.379e-03 6.677e-03 -1.000 1.526e-02 -1.077 2.834 1.242 -0.192 -1.004 -1.674 -2.660 -3.394 -3.549
0.0152 0.01508 9.77815 1.1903549433 2.5055550454    1.183  2.379  3.6072  1.513    3  0.000  0.420     0.00     0.00     0.00     0.00     0.00 -1 -3.54e-10      0.00 6.898e-01 2.949e-01 2.102e-03 1.379e-03 6.677e-03 -1.000 1.526e-02 -1.178 2.783 1.186 -0.262 -1.081 -1.764 -2.766 -3.504 -3.666
0.0152 0.01508 9.77815 1.1904165745 2.5055636861    1.183  2.421  3.6040  1.458    3  0.000  0.420     0.00     0.00     0.00     0.00     0.00 -1 -4.15e-10      0.00 6.898e-01 2.949e-01 2.102e-03 1.379e-03 6.677e-03 -1.000 1.526e-02 -1.283 2.769 1.136 -0.330 -1.161 -1.859 -2.877 -3.624 -3.791
0.0152 0.01508 9.77815 1.1904718876 2.5055714401    1.182  2.462  3.6008  1.404    3  0.000  0.420     0.00     0.00     0.00     0.00     0.00 -1 -4.85e-10      0.00 6.898e-01 2.949e-01 2.102e-03 1.379e-03 6.677e-03 -1.000 1.526e-02 -1.384 2.771 1.091 -0.393 -1.238 -1.952 -2.986 -3.741 -3.913
0.0152 0.01508 9.77815 1.1905223131 2.5055785082    1.182  2.502  3.5976  1.352    3  0.000  0.420    10.50     7.72     5.45     4.17     3.39  4 -5.66e-10      0.00 6.898e-01 2.949e-01 2.102e-03 1.379e-03 6.677e-03 -1.000 1.526e-02 -1.484 2.769 1.050 -0.450 -1.309 -2.043 -3.093 -3.857 -4.034
0.0152 0.01508 9.77815 1.1905707121 2.5055852916    1.181  2.543  3.5943  1.297    3  0.000  0.420    11.75     8.52     5.98     4.59     3.73  4 -6.63e-10      0.00 6.898e-01 2.949e-01 2.102e-03 1.379e-03 6.677e-03 -1.000 1.526e-02 -1.587 2.766 1.009 -0.505 -1.379 -2.136 -3.204 -3.976 -4.158
0.0152 0.01508 9.77815 1.1906137466 2.5055913227    1.181  2.582  3.5911  1.245    3  0.000  0.420    13.09     9.36     6.55     5.03     4.08  4 -7.72e-10      0.00 6.898e-01 2.949e-01 2.102e-03 1.379e-03 6.677e-03 -1.000 1.526e-02 -1.685 2.766 0.972 -0.558 -1.446 -2.225 -3.309 -4.091 -4.277
0.0152 0.01508 9.77815 1.1906535625 2.5055969022    1.180  2.621  3.5878  1.193    3  0.000  0.420    14.57    10.29     7.16     5.51     4.48  4 -8.98e-10      0.00 6.899e-01 2.949e-01 2.102e-03 1.379e-03 6.677e-03 -1.000 1.526e-02 -1.782 2.764 0.939 -0.603 -1.507 -2.312 -3.414 -4.204 -4.396
0.0152 0.01508 9.77815 1.1906919479 2.5056022808    1.180  2.661  3.5844  1.139    3  0.000  0.420    16.28    11.33     7.86     6.05     4.92  3 -1.05e-09      0.00 6.899e-01 2.949e-01 2.102e-03 1.379e-03 6.677e-03 -1.000 1.526e-02 -1.882 2.762 0.908 -0.646 -1.566 -2.400 -3.522 -4.321 -4.518
0.0152 0.01508 9.77815 1.1907263994 2.5056071079    1.179  2.699  3.5811  1.087    3  0.000  0.420    18.11    12.44     8.59     6.63     5.39  3 -1.22e-09      0.00 6.899e-01 2.949e-01 2.102e-03 1.380e-03 6.677e-03 -1.000 1.526e-02 -1.977 2.761 0.880 -0.687 -1.623 -2.485 -3.626 -4.433 -4.635
0.0152 0.01508 9.77815 1.1907585859 2.5056116174    1.178  2.737  3.5777  1.035    3  0.000  0.420    20.15    13.66     9.39     7.25     5.90  3 -1.41e-09      0.00 6.899e-01 2.949e-01 2.102e-03 1.380e-03 6.677e-03 -1.000 1.526e-02 -2.072 2.758 0.859 -0.715 -1.670 -2.568 -3.729 -4.545 -4.752
0.0152 0.01508 9.77815 1.1907888651 2.5056158593    1.177  2.775  3.5742  0.983    3  0.000  0.420    22.44    15.01    10.28     7.95     6.47  3 -1.64e-09      0.00 6.899e-01 2.949e-01 2.102e-03 1.380e-03 6.677e-03 -1.000 1.526e-02 -2.167 2.755 0.844 -0.737 -1.711 -2.649 -3.834 -4.658 -4.870
0.0152 0.01508 9.77815 1.1908172369 2.5056198338    1.176  2.813  3.5707  0.931    3  0.000  0.420    24.99    16.50    11.25     8.71     7.09  3  -1.9e-09      0.00 6.899e-01 2.949e-01 2.102e-03 1.380e-03 6.677e-03 -1.000 1.526e-02 -2.262 2.758 0.832 -0.755 -1.751 -2.730 -3.938 -4.770 -4.988
0.0152 0.01508 9.77815 1.1908493042 2.5056243258    1.175  2.858  3.5663  0.867    3  0.000  0.420    28.48    18.50    12.55     9.73     7.92  3 -2.28e-09      0.00 6.899e-01 2.949e-01 2.102e-03 1.380e-03 6.677e-03 -1.000 1.526e-02 -2.376 2.758 0.833 -0.755 -1.782 -2.822 -4.065 -4.906 -5.131
0.0152 0.01508 9.77815 1.1908788681 2.5056284668    1.174  2.903  3.5619  0.804    3  0.000  0.420    32.45    20.74    14.00    10.88     8.85  3 -2.73e-09      0.00 6.899e-01 2.949e-01 2.102e-03 1.380e-03 6.677e-03 -1.000 1.526e-02 -2.488 2.758 0.838 -0.748 -1.807 -2.913 -4.192 -5.041 -5.274
0.0152 0.01508 9.77815 1.1909059286 2.5056322570    1.172  2.947  3.5575  0.742    3  0.000  0.420    36.88    23.21    15.58    12.13     9.87  2 -3.26e-09      0.00 6.899e-01 2.949e-01 2.102e-03 1.380e-03 6.677e-03 -1.000 1.526e-02 -2.598 2.757 0.857 -0.724 -1.821 -2.996 -4.315 -5.173 -5.413
0.0152 0.01508 9.77815 1.1909309626 2.5056357631    1.170  2.991  3.5530  0.679    3  0.000  0.420    41.91    25.95    17.34    13.52    11.01  2 -3.88e-09      0.00 6.899e-01 2.949e-01 2.102e-03 1.380e-03 6.677e-03 -1.000 1.526e-02 -2.707 2.755 0.887 -0.685 -1.824 -3.074 -4.437 -5.304 -5.551
0.0152 0.01508 9.77815 1.1909544468 2.5056390521    1.169  3.034  3.5485  0.617    3  0.000  0.420    47.62    29.02    19.29    15.06    12.27  2 -4.63e-09      0.00 6.899e-01 2.949e-01 2.102e-03 1.380e-03 6.677e-03 -1.000 1.526e-02 -2.815 2.755 0.927 -0.632 -1.818 -3.147 -4.559 -5.434 -5.689
0.0152 0.01508 9.77815 1.1909760237 2.5056420738    1.166  3.077  3.5439  0.556    3  0.000  0.420    54.04    32.42    21.44    16.77    13.67  2  -5.5e-09      0.00 6.899e-01 2.949e-01 2.102e-03 1.380e-03 6.677e-03 -1.000 1.526e-02 -2.921 2.754 0.986 -0.554 -1.797 -3.207 -4.680 -5.563 -5.825
0.0152 0.01508 9.77815 1.1909962893 2.5056449117    1.164  3.119  3.5392  0.494    3  0.000  0.420    61.38    36.24    23.85    18.69    15.23  2 -6.55e-09      0.00 6.899e-01 2.949e-01 2.102e-03 1.380e-03 6.677e-03 -1.000 1.526e-02 -3.027 2.755 1.053 -0.466 -1.769 -3.263 -4.801 -5.691 -5.962
0.0152 0.01508 9.77815 1.1910148859 2.5056475159    1.162  3.160  3.5345  0.433    3  0.000  0.420    69.58    40.44    26.48    20.78    16.94  2 -7.77e-09      0.00 6.899e-01 2.949e-01 2.102e-03 1.380e-03 6.677e-03 -1.000 1.526e-02 -3.130 2.756 1.148 -0.344 -1.721 -3.302 -4.921 -5.817 -6.097
0.0152 0.01508 9.77815 1.1910324097 2.5056499697    1.159  3.201  3.5298  0.372    3  0.000  0.420    78.88    45.13    29.40    23.12    18.85  2 -9.22e-09      0.00 6.899e-01 2.949e-01 2.102e-03 1.380e-03 6.677e-03 -1.000 1.526e-02 -3.233 2.760 1.249 -0.216 -1.669 -3.337 -5.039 -5.941 -6.230
0.0152 0.01508 9.77815 1.1910485029 2.5056522231    1.156  3.241  3.5250  0.312    3  0.000  0.420    89.19    50.24    32.57    25.65    20.92  2 -1.09e-08      0.00 6.899e-01 2.949e-01 2.102e-03 1.380e-03 6.677e-03 -1.000 1.526e-02 -3.332 2.763 1.382 -0.048 -1.595 -3.340 -5.155 -6.061 -6.360
0.0152 0.01508 9.77815 1.1910637617 2.5056543596    1.152  3.280  3.5202  0.252    3  0.000  0.420   100.95    55.98    36.11    28.49    23.24  2 -1.29e-08      0.00 6.899e-01 2.949e-01 2.102e-03 1.380e-03 6.677e-03 -1.000 1.526e-02 -3.431 2.771 1.525 0.130 -1.514 -3.338 -5.271 -6.182 -6.491
0.0152 0.01508 9.77815 1.1910778284 2.5056563291    1.148  3.319  3.5154  0.193    3  0.000  0.420   114.03    62.26    39.97    31.59    25.78  1 -1.52e-08      0.00 6.899e-01 2.949e-01 2.102e-03 1.380e-03 6.677e-03 -1.000 1.526e-02 -3.527 2.779 1.704 0.364 -1.398 -3.293 -5.383 -6.299 -6.618
0.0152 0.01508 9.77815 1.1910912991 2.5056582152    1.144  3.356  3.5105  0.134    3  0.000  0.420   128.59    69.14    44.17    34.97    28.54  1 -1.79e-08      0.00 6.899e-01 2.949e-01 2.102e-03 1.380e-03 6.677e-03 -1.000 1.526e-02 -3.621 2.789 1.887 0.602 -1.278 -3.244 -5.492 -6.414 -6.743
0.0152 0.01508 9.77815 1.1911073923 2.5056604683    1.138  3.400  3.5048  0.065    3  0.000  0.420   148.17    78.23    49.69    39.42    32.18  1 -2.18e-08      0.00 6.899e-01 2.949e-01 2.102e-03 1.380e-03 6.677e-03 -1.000 1.526e-02 -3.731 2.791 2.066 0.835 -1.163 -3.191 -5.621 -6.547 -6.888
0.0152 0.01508 9.77815 1.1911073923 2.5056604683    1.138  1.713  3.6698  2.413    4  0.000  0.429     0.00     0.00     0.00     0.00     0.00 -1    -1e-30      0.00 6.866e-01 2.980e-01 2.158e-03 1.337e-03 6.708e-03 -1.000 1.534e-02 0.488 2.953 1.971 0.902 0.278 -0.221 -0.958 -1.545 -1.629
0.0152 0.01508 9.77815 1.1912673712 2.5056828627    1.138  1.723  3.6690  2.399    4  0.000  0.429     0.00     0.00     0.00     0.00     0.00 -1    -1e-30      0.00 6.866e-01 2.980e-01 2.158e-03 1.338e-03 6.708e-03 -1.000 1.534e-02 0.462 2.950 1.956 0.882 0.255 -0.246 -0.986 -1.575 -1.660
0.0152 0.01508 9.77815 1.1914312840 2.5057058005    1.139  1.728  3.6687  2.394    4  0.000  0.429     0.00     0.00     0.00     0.00     0.00 -1    -1e-30      0.00 6.866e-01 2.981e-01 2.158e-03 1.338e-03 6.708e-03 -1.000 1.534e-02 0.451 2.945 1.948 0.872 0.244 -0.257 -0.998 -1.588 -1.673
0.0152 0.01508 9.77815 1.1916002035 2.5057294314    1.139  1.727  3.6690  2.395    4  0.000  0.429     0.00     0.00     0.00     0.00     0.00 -1    -1e-30      0.00 6.866e-01 2.981e-01 2.158e-03 1.339e-03 6.709e-03 -1.000 1.534e-02 0.451 2.940 1.945 0.871 0.244 -0.257 -0.997 -1.586 -1.671
0.0152 0.01508 9.77815 1.1917679310 2.5057528879    1.139  1.726  3.6694  2.398    4  0.000  0.429     0.00     0.00     0.00     0.00     0.00 -1    -1e-30      0.00 6.866e-01 2.981e-01 2.158e-03 1.339e-03 6.709e-03 -1.000 1.534e-02 0.455 2.934 1.944 0.872 0.246 -0.253 -0.992 -1.580 -1.664
0.0152 0.01508 9.77815 1.1919361353 2.5057764035    1.139  1.724  3.6698  2.402    4  0.000  0.429     0.00     0.00     0.00     0.00     0.00 -1    -1e-30      0.00 6.865e-01 2.981e-01 2.158e-03 1.339e-03 6.709e-03 -1.000 1.534e-02 0.460 2.928 1.944 0.874 0.250 -0.248 -0.986 -1.572 -1.656
0.0152 0.01508 9.77815 1.1921076775 2.5058003778    1.139  1.722  3.6702  2.406    4  0.000  0.429     0.00     0.00     0.00     0.00     0.00 -1    -1e-30      0.00 6.865e-01 2.981e-01 2.157e-03 1.340e-03 6.709e-03 -1.000 1.534e-02 0.465 2.923 1.944 0.876 0.254 -0.244 -0.979 -1.564 -1.648
0.0152 0.01508 9.77815 1.1922783852 2.5058242277    1.140  1.720  3.6706  2.409    4  0.000  0.429     0.00     0.00     0.00     0.00     0.00 -1    -1e-30      0.00 6.865e-01 2.982e-01 2.157e-03 1.340e-03 6.710e-03 -1.000 1.534e-02 0.470 2.918 1.945 0.879 0.258 -0.239 -0.973 -1.557 -1.640
0.0152 0.01508 9.77815 1.1924438477 2.5058473372    1.140  1.718  3.6710  2.413    4  0.000  0.429     0.00     0.00     0.00     0.00     0.00 -1    -1e-30      0.00 6.865e-01 2.982e-01 2.157e-03 1.340e-03 6.710e-03 -1.000 1.534e-02 0.475 2.913 1.945 0.881 0.261 -0.235 -0.967 -1.550 -1.633
0.0152 0.01508 9.77815 1.1926075220 2.5058701898    1.140  1.716  3.6714  2.416    4  0.000  0.429     0.00     0.00     0.00     0.00     0.00 -1    -1e-30      0.00 6.865e-01 2.982e-01 2.157e-03 1.341e-03 6.710e-03 -1.000 1.535e-02 0.479 2.908 1.944 0.883 0.264 -0.231 -0.962 -1.544 -1.627
0.0152 0.01508 9.77815 1.1927843094 2.5058948651    1.140  1.715  3.6718  2.419    4  0.000  0.428     0.00     0.00     0.00     0.00     0.00 -1    -1e-30      0.00 6.864e-01 2.982e-01 2.157e-03 1.341e-03 6.710e-03 -1.000 1.535e-02 0.482 2.903 1.944 0.884 0.267 -0.228 -0.958 -1.538 -1.621
0.0152 0.01508 9.77815 1.1929457188 2.5059173867    1.140  1.714  3.6720  2.421    4  0.000  0.428     0.00     0.00     0.00     0.00     0.00 -1    -1e-30      0.00 6.864e-01 2.982e-01 2.156e-03 1.341e-03 6.711e-03 -1.000 1.535e-02 0.485 2.899 1.943 0.885 0.268 -0.225 -0.954 -1.534 -1.616
0.0152 0.01508 9.77815 1.1931297779 2.5059430600    1.141  1.713  3.6724  2.424    4  0.000  0.428     0.00     0.00     0.00     0.00     0.00 -1    -1e-30      0.00 6.864e-01 2.982e-01 2.156e-03 1.342e-03 6.711e-03 -1.000 1.535e-02 0.487 2.894 1.942 0.886 0.270 -0.223 -0.951 -1.529 -1.612
0.0152 0.01508 9.77815 1.1933095455 2.5059681260    1.141  1.712  3.6726  2.425    4  0.000  0.428     0.00     0.00     0.00     0.00     0.00 -1    -1e-30      0.00 6.864e-01 2.983e-01 2.156e-03 1.342e-03 6.711e-03 -1.000 1.535e-02 0.489 2.890 1.941 0.886 0.271 -0.221 -0.948 -1.526 -1.608
0.0152 0.01508 9.77815 1.1934037209 2.5059812539    1.141  1.712  3.6728  2.426    4  0.000  0.428     0.00     0.00     0.00     0.00     0.00 -1    -1e-30      0.00 6.864e-01 2.983e-01 2.156e-03 1.342e-03 6.711e-03 -1.000 1.535e-02 0.490 2.887 1.940 0.886 0.272 -0.221 -0.947 -1.524 -1.606
0.0152 0.01508 9.77815 1.1934425831 2.5059866705    1.141  1.712  3.6728  2.427    4  0.000  0.428     0.00     0.00     0.00     0.00     0.00 -1    -1e-30      0.00 6.864e-01 2.983e-01 2.156e-03 1.343e-03 6.711e-03 -1.000 1.535e-02 0.490 2.886 1.940 0.886 0.272 -0.220 -0.946 -1.524 -1.606
0.0152 0.01508 9.77815 1.1936091185 2.5060098777    1.141  1.711  3.6730  2.428    4  0.000  0.428     0.00     0.00     0.00     0.00     0.00 -1    -1e-30      0.00 6.864e-01 2.983e-01 2.156e-03 1.343e-03 6.712e-03 -1.000 1.535e-02 0.491 2.883 1.939 0.885 0.272 -0.219 -0.944 -1.521 -1.603
0.0152 0.01508 9.77815 1.1937683821 2.5060320646    1.141  1.711  3.6732  2.429    4  0.000  0.428     0.00     0.00     0.00     0.00     0.00 -1    -1e-30      0.00 6.863e-01 2.983e-01 2.156e-03 1.343e-03 6.712e-03 -1.000 1.535e-02 0.492 2.879 1.937 0.885 0.272 -0.219 -0.943 -1.520 -1.602
0.0152 0.01508 9.77815 1.1939270496 2.5060541617    1.142  1.711  3.6733  2.430    4  0.000  0.428     0.00     0.00     0.00     0.00     0.00 -1    -1e-30      0.00 6.863e-01 2.983e-01 2.155e-03 1.344e-03 6.712e-03 -1.000 1.535e-02 0.492 2.876 1.936 0.884 0.272 -0.219 -0.943 -1.519 -1.601
0.0152 0.01508 9.77815 1.1940937042 2.5060773639    1.142  1.712  3.6735  2.430    4  0.000  0.428     0.00     0.00     0.00     0.00     0.00 -1    -1e-30      0.00 6.863e-01 2.984e-01 2.155e-03 1.344e-03 6.712e-03 -1.000 1.535e-02 0.491 2.872 1.934 0.883 0.271 -0.220 -0.943 -1.519 -1.601
0.0152 0.01508 9.77815 1.1942517757 2.5060993642    1.142  1.712  3.6735  2.430    4  0.000  0.428     0.00     0.00     0.00     0.00     0.00 -1    -1e-30      0.00 6.863e-01 2.984e-01 2.155e-03 1.344e-03 6.712e-03 -1.000 1.535e-02 0.490 2.869 1.932 0.881 0.269 -0.221 -0.945 -1.520 -1.602
0.0152 0.01508 9.77815 1.1944227219 2.5061231489    1.142  1.713  3.6736  2.429    4  0.000  0.428     0.00     0.00     0.00     0.00     0.00 -1    -1e-30      0.00 6.863e-01 2.984e-01 2.155e-03 1.345e-03 6.713e-03 -1.000 1.535e-02 0.487 2.866 1.929 0.878 0.267 -0.224 -0.947 -1.522 -1.604
0.0152 0.01508 9.77815 1.1945858002 2.5061458315    1.142  1.714  3.6736  2.428    4  0.000  0.428     0.00     0.00     0.00     0.00     0.00 -1    -1e-30      0.00 6.862e-01 2.984e-01 2.155e-03 1.345e-03 6.713e-03 -1.000 1.535e-02 0.484 2.864 1.926 0.875 0.263 -0.227 -0.950 -1.525 -1.607
0.0152 0.01508 9.77815 1.1945962906 2.5061472904    1.142  1.714  3.6736  2.428    4  0.000  0.428     0.00     0.00     0.00     0.00     0.00 -1    -1e-30      0.00 6.862e-01 2.984e-01 2.155e-03 1.345e-03 6.713e-03 -1.000 1.535e-02 0.484 2.864 1.926 0.875 0.263 -0.227 -0.950 -1.526 -1.607
0.0152 0.01508 9.77815 1.1946667433 2.5061570873    1.142  1.715  3.6735  2.427    4  0.000  0.428     0.00     0.00     0.00     0.00     0.00 -1    -1e-30      0.00 6.862e-01 2.984e-01 2.155e-03 1.345e-03 6.713e-03 -1.000 1.535e-02 0.482 2.862 1.924 0.873 0.261 -0.229 -0.952 -1.528 -1.609
0.0152 0.01508 9.77815 1.1948252916 2.5061791297    1.143  1.717  3.6734  2.425    4  0.000  0.428     0.00     0.00     0.00     0.00     0.00 -1    -1e-30      0.00 6.862e-01 2.984e-01 2.154e-03 1.346e-03 6.713e-03 -1.000 1.535e-02 0.477 2.860 1.921 0.869 0.257 -0.234 -0.957 -1.533 -1.615
0.0152 0.01508 9.77815 1.1949770451 2.5062002210    1.143  1.719  3.6733  2.422    4  0.000  0.428     0.00     0.00     0.00     0.00     0.00 -1    -1e-30      0.00 6.862e-01 2.985e-01 2.154e-03 1.346e-03 6.713e-03 -1.000 1.535e-02 0.472 2.858 1.917 0.864 0.252 -0.239 -0.964 -1.539 -1.621
0.0152 0.01508 9.77815 1.1951296329 2.5062214221    1.143  1.722  3.6731  2.418    4  0.000  0.428     0.00     0.00     0.00     0.00     0.00 -1    -1e-30      0.00 6.862e-01 2.985e-01 2.154e-03 1.346e-03 6.714e-03 -1.000 1.535e-02 0.465 2.856 1.912 0.858 0.245 -0.246 -0.971 -1.548 -1.630
0.0152 0.01508 9.77815 1.1952821016 2.5062426005    1.143  1.726  3.6728  2.414    4  0.000  0.428     0.00     0.00     0.00     0.00     0.00 -1    -1e-30      0.00 6.862e-01 2.985e-01 2.154e-03 1.347e-03 6.714e-03 -1.000 1.535e-02 0.456 2.854 1.906 0.851 0.237 -0.255 -0.981 -1.558 -1.640
0.0152 0.01508 9.77815 1.1954336166 2.5062636402    1.143  1.730  3.6725  2.408    4  0.000  0.428     0.00     0.00     0.00     0.00     0.00 -1    -1e-30      0.00 6.861e-01 2.985e-01 2.154e-03 1.347e-03 6.714e-03 -1.000 1.535e-02 0.446 2.853 1.900 0.842 0.228 -0.265 -0.992 -1.570 -1.653
0.0152 0.01508 9.77815 1.1955831051 2.5062843925    1.143  1.735  3.6721  2.402    4  0.000  0.428     0.00     0.00     0.00     0.00     0.00 -1    -1e-30      0.00 6.861e-01 2.985e-01 2.154e-03 1.347e-03 6.714e-03 -1.000 1.535e-02 0.433 2.851 1.893 0.832 0.216 -0.278 -1.006 -1.586 -1.668
0.0152 0.01508 9.77815 1.1957315207 2.5063049900    1.144  1.741  3.6715  2.394    4  0.000  0.428     0.00     0.00     0.00     0.00     0.00 -1    -1e-30      0.00 6.861e-01 2.985e-01 2.153e-03 1.348e-03 6.714e-03 -1.000 1.536e-02 0.418 2.850 1.884 0.821 0.203 -0.292 -1.023 -1.603 -1.686
0.0152 0.01508 9.77815 1.1958816051 2.5063258131    1.144  1.747  3.6710  2.385    4  0.000  0.428     0.00     0.00     0.00     0.00     0.00 -1    -1e-30      0.00 6.861e-01 2.986e-01 2.153e-03 1.348e-03 6.715e-03 -1.000 1.536e-02 0.402 2.849 1.875 0.808 0.188 -0.308 -1.041 -1.623 -1.706
0.0152 0.01508 9.77815 1.1960340738 2.5063469608    1.144  1.753  3.6704  2.377    4  0.000  0.427     0.00     0.00     0.00     0.00     0.00 -1    -1e-30      0.00 6.861e-01 2.986e-01 2.153e-03 1.348e-03 6.715e-03 -1.000 1.536e-02 0.387 2.848 1.867 0.796 0.175 -0.322 -1.057 -1.641 -1.725
0.0152 0.01508 9.77815 1.1961743832 2.5063664166    1.144  1.762  3.6696  2.365    4  0.000  0.427     0.00     0.00     0.00     0.00     0.00 -1    -1e-30      0.00 6.861e-01 2.986e-01 2.153e-03 1.349e-03 6.715e-03 -1.000 1.536e-02 0.366 2.846 1.854 0.780 0.155 -0.343 -1.081 -1.667 -1.751
0.0152 0.01508 9.77815 1.1963267326 2.5063875359    1.144  1.781  3.6679  2.339    4  0.000  0.427     0.00     0.00     0.00     0.00     0.00 -1    -1e-30      0.00 6.860e-01 2.986e-01 2.153e-03 1.349e-03 6.715e-03 -1.000 1.536e-02 0.318 2.845 1.828 0.743 0.113 -0.390 -1.135 -1.726 -1.811
0.0152 0.01508 9.77815 1.1964744329 2.5064080048    1.145  1.816  3.6647  2.291    4  0.000  0.427     0.00     0.00     0.00     0.00     0.00 -1    -1e-30      0.00 6.860e-01 2.986e-01 2.153e-03 1.349e-03 6.716e-03 -1.000 1.536e-02 0.230 2.843 1.781 0.677 0.035 -0.475 -1.232 -1.833 -1.920
0.0152 0.01508 9.77815 1.1965529919 2.5064188894    1.145  1.853  3.6613  2.241    4  0.000  0.427     0.00     0.00     0.00     0.00     0.00 -1    -1e-30      0.00 6.860e-01 2.986e-01 2.152e-03 1.349e-03 6.716e-03 -1.000 1.536e-02 0.138 2.840 1.731 0.606 -0.047 -0.565 -1.335 -1.946 -2.035
0.0152 0.01508 9.77815 1.1965955496 2.5064247853    1.145  1.891  3.6579  2.189    4  0.000  0.427     0.00     0.00     0.00     0.00     0.00 -1    -1e-30      0.00 6.860e-01 2.986e-01 2.152e-03 1.349e-03 6.716e-03 -1.000 1.536e-02 0.042 2.839 1.680 0.535 -0.131 -0.657 -1.441 -2.062 -2.153
0.0152 0.01508 9.77815 1.1966184378 2.5064279560    1.145  1.930  3.6545  2.137    4  0.000  0.427     0.00     0.00     0.00     0.00     0.00 -1    -1e-30      0.00 6.860e-01 2.986e-01 2.152e-03 1.350e-03 6.716e-03 -1.000 1.536e-02 -0.054 2.840 1.630 0.463 -0.215 -0.750 -1.547 -2.178 -2.272
0.0152 0.01508 9.77815 1.1966301203 2.5064295743    1.145  1.967  3.6512  2.086    4  0.000  0.427     0.00     0.00     0.00     0.00     0.00 -1    -1e-30      0.00 6.860e-01 2.986e-01 2.152e-03 1.350e-03 6.716e-03 -1.000 1.536e-02 -0.148 2.841 1.581 0.394 -0.297 -0.839 -1.649 -2.290 -2.386
0.0152 0.01508 9.77815 1.1966366768 2.5064304825    1.145  2.005  3.6479  2.035    4  0.000  0.427     0.00     0.00     0.00     0.00     0.00 -1    -1e-30      0.00 6.860e-01 2.986e-01 2.152e-03 1.350e-03 6.716e-03 -1.000 1.536e-02 -0.243 2.843 1.533 0.325 -0.378 -0.930 -1.753 -2.404 -2.503
0.0152 0.01508 9.77815 1.1966407299 2.5064310440    1.145  2.041  3.6448  1.986    4  0.000  0.427     0.00     0.00     0.00     0.00     0.00 -1    -1e-30      0.00 6.860e-01 2.986e-01 2.152e-03 1.350e-03 6.716e-03 -1.000 1.536e-02 -0.333 2.841 1.488 0.259 -0.456 -1.016 -1.852 -2.512 -2.613
0.0152 0.01508 9.77815 1.1966434717 2.5064314238    1.145  2.077  3.6417  1.939    4  0.000  0.427     0.00     0.00     0.00     0.00     0.00 -1    -1e-30      0.00 6.860e-01 2.986e-01 2.152e-03 1.350e-03 6.716e-03 -1.000 1.536e-02 -0.422 2.822 1.444 0.192 -0.532 -1.099 -1.948 -2.613 -2.718
0.0152 0.01508 9.77815 1.1966435909 2.5064314403    1.145  2.078  3.6417  1.938    7  0.000  0.427     0.00     0.00     0.00     0.00     0.00 -1    -1e-30      0.00 6.860e-01 2.986e-01 2.152e-03 1.350e-03 6.716e-03 -1.000 1.536e-02 -0.424 2.822 1.443 0.191 -0.534 -1.100 -1.949 -2.614 -2.720
0.0152 0.01508 9.77815 1.1966449022 2.5064316219    1.145  2.099  3.6398  1.909    7  0.000  0.427     0.00     0.00     0.00     0.00     0.00 -1    -1e-30      0.00 6.860e-01 2.986e-01 2.152e-03 1.350e-03 6.716e-03 -1.000 1.536e-02 -0.478 2.809 1.416 0.150 -0.579 -1.151 -2.007 -2.675 -2.784
0.0152 0.01508 9.77815 1.1966476440 2.5064320017    1.145  2.143  3.6361  1.850    7  0.000  0.427     0.00     0.00     0.00     0.00     0.00 -1    -1e-30      0.00 6.860e-01 2.986e-01 2.152e-03 1.350e-03 6.716e-03 -1.000 1.536e-02 -0.587 2.782 1.362 0.069 -0.670 -1.252 -2.124 -2.799 -2.913
0.0152 0.01508 9.77815 1.1966500282 2.5064323320    1.145  2.180  3.6330  1.801    7  0.000  0.427     0.00     0.00     0.00     0.00     0.00 -1    -1e-30      0.00 6.860e-01 2.986e-01 2.152e-03 1.350e-03 6.716e-03 -1.000 1.536e-02 -0.680 2.758 1.315 0.000 -0.747 -1.337 -2.223 -2.903 -3.022
0.0152 0.01508 9.77815 1.1966539621 2.5064328769    1.145  2.221  3.6296  1.746    7  0.000  0.427     0.00     0.00     0.00     0.00     0.00 -1    -1e-30      0.00 6.860e-01 2.986e-01 2.152e-03 1.350e-03 6.716e-03 -1.000 1.536e-02 -0.783 2.728 1.262 -0.076 -0.832 -1.431 -2.332 -3.018 -3.143
0.0152 0.01508 9.77815 1.1966599226 2.5064337025    1.145  2.207  3.6308  1.765    7  0.000  0.427     0.00     0.00     0.00     0.00     0.00 -1    -1e-30      0.00 6.860e-01 2.986e-01 2.152e-03 1.350e-03 6.716e-03 -1.000 1.536e-02 -0.747 2.737 1.279 -0.050 -0.803 -1.399 -2.294 -2.978 -3.101
0.0152 0.01508 9.77815 1.1966712475 2.5064352711    1.145  2.166  3.6343  1.820    7  0.000  0.427     0.00     0.00     0.00     0.00     0.00 -1 -2.39e-30      0.00 6.860e-01 2.986e-01 2.152e-03 1.350e-03 6.716e-03 -1.000 1.538e-02 -0.645 2.765 1.332 0.026 -0.718 -1.305 -2.185 -2.863 -2.980
0.0152 0.01508 9.77815 1.1967585087 2.5064473568    1.145  2.129  3.6373  1.869    7  0.000  0.427     0.00     0.00     0.00     0.00     0.00 -1 -9.47e-24      0.00 6.860e-01 2.979e-01 2.152e-03 1.350e-03 6.716e-03 -1.000 1.606e-02 -0.553 2.790 1.378 0.094 -0.642 -1.221 -2.088 -2.760 -2.873
0.0152 0.01508 9.77815 1.1968458891 2.5064594570    1.144  2.160  3.6346  1.827    7  0.000  0.427     0.00     0.00     0.00     0.00     0.00 -1 -5.08e-10      0.00 6.860e-01 2.977e-01 2.152e-03 1.350e-03 6.716e-03 -1.000 1.631e-02 -0.630 2.772 1.341 0.038 -0.705 -1.291 -2.170 -2.847 -2.963
0.0152 0.01508 9.77815 1.1969143152 2.5064689311    1.143  2.202  3.6311  1.771    7  0.000  0.427     0.00     0.00     0.00     0.00     0.00 -1 -6.29e-10      0.00 6.860e-01 2.977e-01 2.152e-03 1.350e-03 6.716e-03 -1.000 1.631e-02 -0.734 2.744 1.288 -0.039 -0.792 -1.387 -2.281 -2.964 -3.086
0.0152 0.01508 9.77815 1.1969716549 2.5064768692    1.143  2.243  3.6276  1.715    7  0.000  0.427     0.00     0.00     0.00     0.00     0.00 -1 -7.72e-10      0.00 6.860e-01 2.977e-01 2.152e-03 1.350e-03 6.716e-03 -1.000 1.631e-02 -0.837 2.712 1.236 -0.114 -0.875 -1.481 -2.390 -3.079 -3.208
0.0152 0.01508 9.77815 1.1970199347 2.5064835523    1.142  2.284  3.6241  1.660    7  0.000  0.427     0.00     0.00     0.00     0.00     0.00 -1 -9.46e-10      0.00 6.860e-01 2.977e-01 2.152e-03 1.350e-03 6.716e-03 -1.000 1.631e-02 -0.940 2.677 1.183 -0.188 -0.957 -1.574 -2.498 -3.194 -3.329
0.0152 0.01508 9.77815 1.1970609426 2.5064892284    1.141  2.325  3.6206  1.605    7  0.000  0.427     0.00     0.00     0.00     0.00     0.00 -1 -1.17e-09      0.00 6.860e-01 2.977e-01 2.152e-03 1.350e-03 6.716e-03 -1.000 1.631e-02 -1.042 2.642 1.129 -0.263 -1.040 -1.666 -2.607 -3.308 -3.450
0.0152 0.01508 9.77815 1.1970969439 2.5064942111    1.141  2.366  3.6171  1.550    7  0.000  0.427     0.00     0.00     0.00     0.00     0.00 -1 -1.44e-09      0.00 6.860e-01 2.977e-01 2.152e-03 1.351e-03 6.716e-03 -1.000 1.631e-02 -1.145 2.604 1.076 -0.335 -1.120 -1.758 -2.715 -3.423 -3.571
0.0152 0.01508 9.77815 1.1971281767 2.5064985336    1.140  2.407  3.6136  1.494    7  0.000  0.427     0.00     0.00     0.00     0.00     0.00 -1 -1.75e-09      0.00 6.860e-01 2.977e-01 2.152e-03 1.351e-03 6.716e-03 -1.000 1.631e-02 -1.247 2.571 1.024 -0.405 -1.199 -1.849 -2.823 -3.537 -3.693
0.0152 0.01508 9.77815 1.1971557140 2.5065023444    1.139  2.448  3.6101  1.439    7  0.000  0.427     0.00     0.00     0.00     0.00     0.00 -1 -2.15e-09      0.00 6.859e-01 2.977e-01 2.152e-03 1.351e-03 6.716e-03 -1.000 1.631e-02 -1.349 2.581 0.981 -0.470 -1.278 -1.943 -2.933 -3.657 -3.818
0.0152 0.01508 9.77815 1.1971806288 2.5065057921    1.138  2.488  3.6066  1.384    7  0.000  0.427     0.00     0.00     0.00     0.00     0.00 -1 -2.64e-09      0.00 6.859e-01 2.977e-01 2.152e-03 1.351e-03 6.717e-03 -1.000 1.631e-02 -1.450 2.592 0.943 -0.527 -1.350 -2.034 -3.041 -3.776 -3.942
0.0152 0.01508 9.77815 1.1972035170 2.5065089592    1.136  2.528  3.6031  1.330    7  0.000  0.427    10.83     7.95     5.60     4.29     3.48  4 -3.23e-09      0.00 6.859e-01 2.977e-01 2.152e-03 1.351e-03 6.717e-03 -1.000 1.631e-02 -1.550 2.602 0.904 -0.586 -1.424 -2.125 -3.150 -3.894 -4.065
0.0152 0.01508 9.77815 1.1972247362 2.5065118952    1.135  2.568  3.5994  1.275    7  0.000  0.427    12.13     8.78     6.15     4.72     3.84  4 -3.89e-09      0.00 6.859e-01 2.978e-01 2.151e-03 1.351e-03 6.717e-03 -1.000 1.627e-02 -1.650 2.616 0.869 -0.640 -1.494 -2.215 -3.257 -4.012 -4.188
0.0152 0.01508 9.77815 1.1972447634 2.5065146662    1.133  2.608  3.5926  1.207    7  0.000  0.427    13.95     9.92     6.92     5.32     4.32  4 -4.75e-09      0.00 6.859e-01 2.978e-01 2.150e-03 1.351e-03 6.717e-03 -1.000 1.627e-02 -1.750 2.695 0.889 -0.644 -1.527 -2.295 -3.373 -4.147 -4.333
0.0152 0.01508 9.77815 1.1972635984 2.5065172722    1.132  2.648  3.5879  1.147    7  0.000  0.426    15.77    11.04     7.66     5.90     4.80  3 -5.74e-09      0.00 6.859e-01 2.978e-01 2.147e-03 1.353e-03 6.717e-03 -1.000 1.627e-02 -1.850 2.725 0.878 -0.673 -1.577 -2.380 -3.483 -4.271 -4.464
0.0152 0.01508 9.77815 1.1972812414 2.5065197131    1.130  2.688  3.5842  1.092    7  0.000  0.425    17.69    12.20     8.43     6.51     5.29  3 -6.98e-09      0.00 6.859e-01 2.978e-01 2.144e-03 1.357e-03 6.717e-03 -1.000 1.627e-02 -1.950 2.730 0.853 -0.710 -1.633 -2.468 -3.592 -4.390 -4.588
0.0152 0.01508 9.77815 1.1972979307 2.5065220221    1.127  2.727  3.5803  1.036    7  0.000  0.424    19.83    13.49     9.27     7.17     5.83  3 -8.42e-09      0.00 6.859e-01 2.978e-01 2.138e-03 1.363e-03 6.717e-03 -1.000 1.627e-02 -2.048 2.739 0.832 -0.746 -1.687 -2.554 -3.699 -4.507 -4.711
0.0152 0.01508 9.77815 1.1973146200 2.5065243309    1.124  2.768  3.5763  0.978    7  0.000  0.423    22.34    14.97    10.24     7.93     6.45  3 -1.02e-08      0.00 6.859e-01 2.978e-01 2.133e-03 1.370e-03 6.717e-03 -1.000 1.627e-02 -2.149 2.745 0.822 -0.762 -1.726 -2.640 -3.812 -4.629 -4.839
0.0152 0.01508 9.77815 1.1973295212 2.5065263923    1.121  2.809  3.5721  0.919    7  0.000  0.422    25.21    16.64    11.33     8.79     7.15  3 -1.25e-08      0.00 6.859e-01 2.978e-01 2.127e-03 1.376e-03 6.717e-03 -1.000 1.627e-02 -2.252 2.755 0.817 -0.775 -1.763 -2.726 -3.925 -4.753 -4.970
0.0152 0.01508 9.77815 1.1973400116 2.5065278435    1.119  2.847  3.5681  0.864    7  0.000  0.421    28.28    18.39    12.46     9.68     7.88  3  -1.5e-08      0.00 6.859e-01 2.978e-01 2.123e-03 1.381e-03 6.717e-03 -1.000 1.627e-02 -2.349 2.763 0.821 -0.775 -1.790 -2.804 -4.034 -4.869 -5.093
0.0152 0.01508 9.77815 1.1973470449 2.5065288165    1.117  2.883  3.5642  0.812    7  0.000  0.421    31.45    20.18    13.62    10.60     8.62  3 -1.77e-08      0.00 6.859e-01 2.978e-01 2.120e-03 1.385e-03 6.717e-03 -1.000 1.627e-02 -2.438 2.769 0.833 -0.761 -1.804 -2.874 -4.134 -4.978 -5.207
0.0152 0.01508 9.77815 1.1973528862 2.5065296245    1.115  2.920  3.5602  0.757    7  0.000  0.420    35.19    22.26    14.95    11.65     9.48  2 -2.09e-08      0.00 6.859e-01 2.978e-01 2.116e-03 1.390e-03 6.717e-03 -1.000 1.627e-02 -2.531 2.776 0.847 -0.745 -1.818 -2.947 -4.240 -5.092 -5.328
0.0152 0.01508 9.77815 1.1973581314 2.5065303501    1.113  2.958  3.5560  0.703    7  0.000  0.419    39.40    24.57    16.43    12.82    10.44  2 -2.49e-08      0.00 6.859e-01 2.978e-01 2.113e-03 1.393e-03 6.717e-03 -1.000 1.627e-02 -2.624 2.781 0.883 -0.700 -1.812 -3.012 -4.345 -5.206 -5.448
0.0152 0.01508 9.77815 1.1973631382 2.5065310427    1.110  2.996  3.5516  0.646    7  0.000  0.419    44.28    27.20    18.11    14.16    11.52  2 -2.97e-08      0.00 6.859e-01 2.978e-01 2.111e-03 1.396e-03 6.717e-03 -1.000 1.627e-02 -2.719 2.789 0.924 -0.649 -1.802 -3.077 -4.453 -5.323 -5.573
0.0152 0.01508 9.77815 1.1973674297 2.5065316363    1.108  3.031  3.5475  0.594    7  0.000  0.419    49.32    29.88    19.81    15.51    12.63  2 -3.46e-08      0.00 6.859e-01 2.978e-01 2.110e-03 1.398e-03 6.717e-03 -1.000 1.627e-02 -2.806 2.794 0.974 -0.583 -1.782 -3.128 -4.554 -5.430 -5.687
0.0152 0.01508 9.77815 1.1973716021 2.5065322134    1.105  3.066  3.5431  0.539    7  0.000  0.419    55.15    32.93    21.73    17.04    13.88  2 -4.05e-08      0.00 6.859e-01 2.978e-01 2.109e-03 1.399e-03 6.717e-03 -1.000 1.627e-02 -2.895 2.802 1.041 -0.497 -1.749 -3.173 -4.657 -5.540 -5.805
0.0152 0.01508 9.77815 1.1973767281 2.5065329225    1.100  3.108  3.5379  0.476    7  0.000  0.418    62.90    36.93    24.24    19.04    15.52  2 -4.89e-08      0.00 6.859e-01 2.978e-01 2.108e-03 1.400e-03 6.717e-03 -1.000 1.626e-02 -2.999 2.813 1.137 -0.375 -1.699 -3.217 -4.777 -5.669 -5.943
0.0152 0.01508 9.77815 1.1973816156 2.5065335986    1.096  3.145  3.5330  0.417    7  0.000  0.418    70.98    41.02    26.80    21.09    17.19  2 -5.79e-08      0.00 6.859e-01 2.978e-01 2.108e-03 1.401e-03 6.717e-03 -1.000 1.626e-02 -3.092 2.825 1.248 -0.234 -1.635 -3.243 -4.888 -5.786 -6.068
0.0152 0.01508 9.77815 1.1973872185 2.5065343736    1.089  3.183  3.5278  0.355    7  0.000  0.418    80.60    45.81    29.78    23.48    19.13  2 -6.89e-08      0.00 6.859e-01 2.978e-01 2.108e-03 1.401e-03 6.717e-03 -1.000 1.626e-02 -3.189 2.840 1.385 -0.063 -1.554 -3.253 -5.002 -5.906 -6.199
0.0152 0.01508 9.77815 1.1973928213 2.5065351485    1.081  3.220  3.5227  0.295    7  0.000  0.418    91.11    50.95    32.96    26.03    21.22  2 -8.28e-08      0.00 6.859e-01 2.978e-01 2.108e-03 1.401e-03 6.717e-03 -1.000 1.626e-02 -3.279 2.857 1.545 0.135 -1.457 -3.239 -5.110 -6.019 -6.323
0.0152 0.01508 9.77815 1.1973954439 2.5065355113    1.077  3.242  3.5195  0.258    7  0.000  0.418    98.25    54.40    35.08    27.73    22.61  1 -9.18e-08      0.00 6.859e-01 2.978e-01 2.108e-03 1.401e-03 6.717e-03 -1.000 1.626e-02 -3.335 2.869 1.652 0.268 -1.391 -3.223 -5.177 -6.089 -6.399
0.0152 0.01508 9.77815 1.1973965168 2.5065356597    1.075  3.254  3.5177  0.238    7  0.000  0.418   102.44    56.40    36.31    28.73    23.42  1 -9.74e-08      0.00 6.859e-01 2.978e-01 2.108e-03 1.401e-03 6.717e-03 -1.000 1.626e-02 -3.366 2.876 1.722 0.359 -1.343 -3.202 -5.214 -6.128 -6.442
0.0152 0.01508 9.77815 1.1973974705 2.5065357916    1.073  3.269  3.5155  0.213    7  0.000  0.418   107.76    58.94    37.87    29.98    24.45  1 -1.04e-07      0.00 6.859e-01 2.978e-01 2.108e-03 1.401e-03 6.717e-03 -1.000 1.626e-02 -3.403 2.884 1.811 0.474 -1.282 -3.173 -5.258 -6.175 -6.493
0.0152 0.01508 9.77815 1.1973980665 2.5065358741    1.072  3.212  3.5233  0.302    7  0.000  0.418    89.70    50.23    32.51    25.68    20.93  2 -8.25e-08      0.00 6.859e-01 2.978e-01 2.108e-03 1.401e-03 6.717e-03 -1.000 1.626e-02 -3.259 2.865 1.537 0.123 -1.458 -3.230 -5.088 -5.997 -6.299
0.0152 0.01508 9.77815 1.1973981857 2.5065358905    1.072  3.219  3.5225  0.291    7  0.000  0.418    91.63    51.17    33.09    26.14    21.31  2 -8.47e-08      0.00 6.859e-01 2.978e-01 2.108e-03 1.401e-03 6.717e-03 -1.000 1.626e-02 -3.277 2.865 1.559 0.150 -1.447 -3.231 -5.109 -6.018 -6.321
0.0152 0.01508 9.77815 1.1973983049 2.5065359070    1.072  3.174  3.5283  0.359    7  0.000  0.418    79.54    45.24    29.41    23.20    18.90  2 -7.07e-08      0.00 6.859e-01 2.978e-01 2.108e-03 1.401e-03 6.717e-03 -1.000 1.626e-02 -3.165 2.854 1.384 -0.068 -1.549 -3.240 -4.976 -5.880 -6.171
0.0152 0.01508 9.77815 1.1973984241 2.5065359235    1.071  3.168  3.5291  0.369    7  0.000  0.418    78.04    44.50    28.95    22.83    18.60  2 -6.85e-08      0.00 6.859e-01 2.978e-01 2.108e-03 1.401e-03 6.717e-03 -1.000 1.626e-02 -3.149 2.854 1.362 -0.097 -1.562 -3.240 -4.958 -5.861 -6.151
0.0152 0.01508 9.77815 1.1973986626 2.5065359565    1.071  3.179  3.5277  0.352    7  0.000  0.418    80.76    45.84    29.79    23.50    19.15  2 -7.18e-08      0.00 6.859e-01 2.978e-01 2.108e-03 1.401e-03 6.717e-03 -1.000 1.626e-02 -3.177 2.856 1.402 -0.046 -1.539 -3.239 -4.990 -5.894 -6.187
0.0152 0.01508 9.77815 1.1973989010 2.5065359895    1.071  3.196  3.5254  0.325    7  0.000  0.418    85.38    48.12    31.20    24.63    20.07  2 -7.76e-08      0.00 6.859e-01 2.978e-01 2.108e-03 1.401e-03 6.717e-03 -1.000 1.626e-02 -3.220 2.860 1.470 0.039 -1.499 -3.236 -5.042 -5.948 -6.246
0.0152 0.01508 9.77815 1.1973991394 2.5065360225    1.070  3.214  3.5231  0.298    7  0.000  0.418    90.34    50.54    32.69    25.83    21.05  2 -8.34e-08      0.00 6.859e-01 2.978e-01 2.108e-03 1.401e-03 6.717e-03 -1.000 1.626e-02 -3.264 2.865 1.542 0.129 -1.456 -3.231 -5.094 -6.003 -6.305
0.0152 0.01508 9.77815 1.1973994970 2.5065360719    1.070  3.236  3.5201  0.264    7  0.000  0.418    97.03    53.78    34.69    27.43    22.37  1 -9.18e-08      0.00 6.859e-01 2.978e-01 2.108e-03 1.401e-03 6.717e-03 -1.000 1.626e-02 -3.320 2.873 1.636 0.245 -1.400 -3.224 -5.160 -6.072 -6.381
0.0152 0.01508 9.77815 1.1973997355 2.5065361049    1.069  3.254  3.5175  0.235    7  0.000  0.418   103.05    56.67    36.47    28.86    23.53  1 -9.91e-08      0.00 6.859e-01 2.978e-01 2.108e-03 1.401e-03 6.717e-03 -1.000 1.626e-02 -3.366 2.881 1.735 0.374 -1.334 -3.196 -5.215 -6.129 -6.443
0.0152 0.01508 9.77815 1.1974000931 2.5065361544    1.069  3.287  3.5130  0.184    7  0.000  0.418   114.51    62.11    39.81    31.54    25.73  1 -1.13e-07      0.00 6.859e-01 2.978e-01 2.108e-03 1.401e-03 6.717e-03 -1.000 1.626e-02 -3.447 2.895 1.913 0.605 -1.214 -3.142 -5.310 -6.230 -6.554
0.0152 0.01508 9.77815 1.1974005699 2.5065362203    1.068  3.322  3.5081  0.129    7  0.000  0.418   128.21    68.53    43.73    34.70    28.31  1  -1.3e-07      0.00 6.859e-01 2.978e-01 2.108e-03 1.401e-03 6.717e-03 -1.000 1.626e-02 -3.534 2.905 2.086 0.831 -1.097 -3.089 -5.412 -6.337 -6.670
0.0152 0.01508 9.77815 1.1974010468 2.5065362863    1.066  3.354  3.5033  0.077    7  0.527  0.418   142.77    75.25    47.81    37.99    31.00  1 -1.49e-07      0.00 6.859e-01 2.978e-01 2.108e-03 1.401e-03 6.717e-03 -1.000 1.626e-02 -3.615 2.913 2.241 1.031 -0.992 -3.034 -5.508 -6.438 -6.780
0.0152 0.01508 9.77815 1.1974016428 2.5065363687    1.064  3.381  3.4993  0.034    7  0.527  0.418   156.28    81.39    51.53    41.00    33.46  1 -1.68e-07      0.00 6.859e-01 2.978e-01 2.108e-03 1.401e-03 6.717e-03 -1.000 1.626e-02 -3.682 2.924 2.384 1.212 -0.894 -2.976 -5.587 -6.522 -6.871
0.0152 0.01508 9.77815 1.1974025965 2.5065365006    1.061  3.406  3.4953 -0.009    8  0.526  0.439   170.59    87.80    55.39    44.13    36.02  1 -1.86e-07      0.00 6.859e-01 2.987e-01 2.216e-03 1.402e-03 6.732e-03 -1.000 1.533e-02 -3.744 2.935 2.511 1.364 -0.808 -2.918 -5.661 -6.600 -6.958
0.0152 0.01508 9.77815 1.1974027157 2.5065365171    1.060  3.146  3.5306  0.392    8  0.526  0.439    74.18    42.55    27.73    21.86    17.81  2 -6.44e-08      0.00 6.859e-01 2.987e-01 2.216e-03 1.402e-03 6.732e-03 -1.000 1.533e-02 -3.095 2.871 1.345 -0.123 -1.560 -3.213 -4.898 -5.800 -6.087
0.0152 0.01508 9.77815 1.1974027157 2.5065365171    1.060  3.033  3.5456  0.565    8  0.526  0.439    51.81    31.13    20.58    16.15    13.15  2    -4e-08      0.00 6.859e-01 2.987e-01 2.216e-03 1.402e-03 6.732e-03 -1.000 1.533e-02 -2.813 2.833 1.034 -0.517 -1.739 -3.117 -4.566 -5.445 -5.706
0.0152 0.01508 9.77815 1.1974029541 2.5065365501    1.059  2.859  3.5687  0.831    8  0.526  0.439    29.80    19.24    13.00    10.13     8.24  3 -1.88e-08      0.00 6.859e-01 2.987e-01 2.216e-03 1.402e-03 6.732e-03 -1.000 1.533e-02 -2.378 2.749 0.783 -0.822 -1.834 -2.838 -4.062 -4.895 -5.118
0.0152 0.01508 9.77815 1.1974033117 2.5065365996    1.058  2.883  3.5654  0.793    8  0.526  0.439    32.21    20.59    13.87    10.81     8.79  2 -2.09e-08      0.00 6.859e-01 2.987e-01 2.216e-03 1.402e-03 6.732e-03 -1.000 1.533e-02 -2.437 2.768 0.812 -0.790 -1.826 -2.879 -4.131 -4.971 -5.199
0.0152 0.01508 9.77815 1.1974037886 2.5065366655    1.057  3.006  3.5485  0.601    8  0.526  0.439    47.96    29.11    19.30    15.13    12.31  2  -3.6e-08      0.00 6.859e-01 2.987e-01 2.216e-03 1.402e-03 6.732e-03 -1.000 1.533e-02 -2.746 2.836 1.000 -0.563 -1.750 -3.078 -4.490 -5.365 -5.620
0.0152 0.01508 9.77815 1.1974042654 2.5065367315    1.055  3.167  3.5266  0.353    8  0.527  0.439    80.33    45.58    29.62    23.37    19.04  2 -7.11e-08      0.00 6.859e-01 2.987e-01 2.216e-03 1.402e-03 6.732e-03 -1.000 1.533e-02 -3.147 2.897 1.481 0.045 -1.468 -3.186 -4.964 -5.869 -6.164
0.0152 0.01508 9.77815 1.1974048615 2.5065368139    1.053  3.301  3.5081  0.144    8  0.527  0.439   124.06    66.51    42.48    33.71    27.50  1 -1.24e-07      0.00 6.859e-01 2.987e-01 2.216e-03 1.402e-03 6.732e-03 -1.000 1.533e-02 -3.482 2.943 2.128 0.876 -1.049 -3.039 -5.361 -6.286 -6.619
0.0152 0.01508 9.77815 1.1974056959 2.5065369293    1.050  3.389  3.4958  0.005    8  0.527  0.439   165.36    85.36    53.91    42.95    35.05  1 -1.78e-07      0.00 6.859e-01 2.987e-01 2.216e-03 1.402e-03 6.732e-03 -1.000 1.533e-02 -3.702 2.959 2.524 1.376 -0.786 -2.892 -5.618 -6.557 -6.913
0.0152 0.01508 9.77815 1.1974064112 2.5065370283    1.048  3.436  3.4887 -0.071    8  0.527  0.439   190.43    98.01    61.51    49.11    40.09  1 -2.17e-07      0.00 6.859e-01 2.987e-01 2.216e-03 1.402e-03 6.732e-03 -1.000 1.533e-02 -3.821 2.969 2.725 1.606 -0.659 -2.809 -5.759 -6.704 -7.073
0.0152 0.01508 9.77815 1.1974073648 2.5065371602    1.045  3.460  3.4848 -0.112    8  0.528  0.439   202.45   105.45    65.96    52.72    43.04  1 -2.41e-07      0.00 6.859e-01 2.987e-01 2.216e-03 1.402e-03 6.732e-03 -1.000 1.533e-02 -3.881 2.973 2.798 1.660 -0.626 -2.785 -5.830 -6.778 -7.154
0.0152 0.01508 9.77815 1.1974084377 2.5065373086    1.041  3.476  3.4820 -0.140    8  0.528  0.439   211.05   110.84    69.17    55.34    45.18  1 -2.58e-07      0.00 6.859e-01 2.987e-01 2.216e-03 1.402e-03 6.732e-03 -1.000 1.533e-02 -3.919 2.981 2.856 1.703 -0.597 -2.761 -5.877 -6.827 -7.207
0.0152 0.01508 9.77815 1.1974084377 2.5065373086    1.041  3.279  3.5082  0.161    8  0.528  0.439   119.43    64.27    41.11    32.62    26.60  1 -1.17e-07      0.00 6.859e-01 2.987e-01 2.216e-03 1.402e-03 6.732e-03 -1.000 1.533e-02 -3.428 2.981 2.168 0.919 -1.001 -2.989 -5.306 -6.231 -6.563
0.0152 0.01508 9.77815 1.1974086761 2.5065373416    1.040  3.110  3.5309  0.421    8  0.528  0.439    69.57    40.19    26.25    20.69    16.85  2 -5.82e-08      0.00 6.859e-01 2.987e-01 2.216e-03 1.402e-03 6.732e-03 -1.000 1.533e-02 -3.005 2.934 1.414 -0.049 -1.480 -3.126 -4.807 -5.709 -5.994
0.0152 0.01508 9.77815 1.1974089146 2.5065373745    1.039  2.935  3.5544  0.689    8  0.528  0.439    39.77    24.72    16.50    12.92    10.51  2 -2.77e-08      0.00 6.859e-01 2.987e-01 2.216e-03 1.402e-03 6.732e-03 -1.000 1.533e-02 -2.567 2.870 0.988 -0.590 -1.716 -2.943 -4.293 -5.156 -5.402
0.0152 0.01508 9.77815 1.1974092722 2.5065374240    1.038  2.956  3.5514  0.656    8  0.529  0.439    42.65    26.27    17.49    13.70    11.15  2 -3.05e-08      0.00 6.859e-01 2.987e-01 2.216e-03 1.402e-03 6.732e-03 -1.000 1.533e-02 -2.620 2.883 1.025 -0.544 -1.699 -2.976 -4.355 -5.225 -5.475
0.0152 0.01508 9.77815 1.1974096298 2.5065374735    1.036  3.075  3.5352  0.471    8  0.529  0.439    62.65    36.68    24.06    18.94    15.42  2 -5.09e-08      0.00 6.859e-01 2.987e-01 2.216e-03 1.402e-03 6.732e-03 -1.000 1.533e-02 -2.918 2.930 1.322 -0.166 -1.530 -3.098 -4.705 -5.602 -5.880
0.0152 0.01508 9.77815 1.1974102259 2.5065375559    1.034  3.230  3.5141  0.231    8  0.529  0.439   103.10    56.53    36.36    28.81    23.48  1 -9.72e-08      0.00 6.859e-01 2.987e-01 2.216e-03 1.402e-03 6.732e-03 -1.000 1.533e-02 -3.304 2.983 1.971 0.660 -1.125 -3.034 -5.163 -6.083 -6.402
0.0152 0.01508 9.77815 1.1974109411 2.5065376548    1.031  3.358  3.4964  0.031    8  0.529  0.439   156.28    81.10    51.32    40.88    33.35  1 -1.65e-07      0.00 6.859e-01 2.987e-01 2.216e-03 1.402e-03 6.732e-03 -1.000 1.533e-02 -3.625 3.005 2.552 1.404 -0.741 -2.841 -5.538 -6.477 -6.830
0.0152 0.01508 9.77815 1.1974116564 2.5065377538    1.028  3.440  3.4850 -0.098    8  0.530  0.439   196.90   102.32    64.07    51.22    41.81  1 -2.31e-07      0.00 6.859e-01 2.987e-01 2.216e-03 1.402e-03 6.732e-03 -1.000 1.533e-02 -3.829 3.009 2.832 1.698 -0.583 -2.740 -5.778 -6.726 -7.101
0.0152 0.01508 9.77815 1.1974124908 2.5065378692    1.024  3.481  3.4790 -0.165    8  0.530  0.439   217.83   115.39    71.86    57.55    46.99  1 -2.75e-07      0.00 6.859e-01 2.987e-01 2.216e-03 1.402e-03 6.732e-03 -1.000 1.533e-02 -3.933 3.011 2.934 1.767 -0.545 -2.716 -5.899 -6.851 -7.236
0.0152 0.01508 9.77815 1.1974135637 2.5065380176    1.020  3.498  3.4761 -0.195    8  0.531  0.439   227.86   121.79    75.65    60.64    49.52  1 -2.97e-07      0.00 6.859e-01 2.987e-01 2.216e-03 1.402e-03 6.732e-03 -1.000 1.533e-02 -3.976 3.013 2.974 1.792 -0.533 -2.710 -5.950 -6.904 -7.293
0.0152 0.01508 9.77815 1.1974146366 2.5065381660    1.016  3.507  3.4746 -0.212    8  0.531  0.439   233.32   125.33    77.74    62.36    50.92  1 -3.11e-07      0.00 6.859e-01 2.987e-01 2.216e-03 1.402e-03 6.732e-03 -1.000 1.533e-02 -3.997 3.018 2.999 1.808 -0.522 -2.704 -5.975 -6.930 -7.321
0.0152 0.01508 9.77815 1.1974146366 2.5065381660    1.015  3.319  3.5003  0.078    8  0.531  0.439   141.31    74.19    47.12    37.51    30.59  1 -1.47e-07      0.00 6.859e-01 2.987e-01 2.216e-03 1.402e-03 6.732e-03 -1.000 1.533e-02 -3.529 3.025 2.460 1.289 -0.790 -2.862 -5.431 -6.365 -6.711
0.0152 0.01508 9.77815 1.1974148750 2.5065381990    1.015  3.152  3.5233  0.338    8  0.531  0.439    82.27    46.41    30.10    23.80    19.38  2 -7.45e-08      0.00 6.859e-01 2.987e-01 2.216e-03 1.402e-03 6.732e-03 -1.000 1.533e-02 -3.109 2.985 1.672 0.268 -1.309 -3.079 -4.938 -5.848 -6.148
0.0152 0.01508 9.77815 1.1974151134 2.5065382319    1.013  2.977  3.5472  0.608    8  0.532  0.439    46.83    28.46    18.87    14.81    12.05  2 -3.58e-08      0.00 6.859e-01 2.987e-01 2.216e-03 1.402e-03 6.732e-03 -1.000 1.533e-02 -2.672 2.921 1.113 -0.439 -1.640 -2.990 -4.420 -5.297 -5.554
0.0152 0.01508 9.77815 1.1974154711 2.5065382814    1.011  2.998  3.5442  0.573    8  0.532  0.439    50.29    30.27    20.02    15.73    12.80  2 -3.95e-08      0.00 6.859e-01 2.987e-01 2.216e-03 1.402e-03 6.732e-03 -1.000 1.533e-02 -2.725 2.933 1.168 -0.369 -1.608 -3.013 -4.482 -5.365 -5.627
0.0152 0.01508 9.77815 1.1974160671 2.5065383638    1.008  3.115  3.5278  0.390    8  0.532  0.439    73.73    42.18    27.47    21.69    17.67  2 -6.52e-08      0.00 6.859e-01 2.987e-01 2.216e-03 1.402e-03 6.732e-03 -1.000 1.533e-02 -3.018 2.982 1.544 0.105 -1.383 -3.081 -4.831 -5.736 -6.028
0.0152 0.01508 9.77815 1.1974166632 2.5065384463    1.005  3.266  3.5065  0.152    8  0.532  0.439   120.95    64.76    41.37    32.88    26.80  1 -1.22e-07      0.00 6.859e-01 2.987e-01 2.216e-03 1.402e-03 6.732e-03 -1.000 1.533e-02 -3.396 3.035 2.274 1.044 -0.907 -2.912 -5.279 -6.207 -6.541
0.0152 0.01508 9.77815 1.1974173784 2.5065385452    1.001  3.392  3.4887 -0.047    8  0.533  0.439   180.33    92.66    58.24    46.53    37.97  1 -2.05e-07      0.00 6.859e-01 2.987e-01 2.216e-03 1.402e-03 6.732e-03 -1.000 1.533e-02 -3.710 3.055 2.814 1.701 -0.557 -2.704 -5.647 -6.593 -6.961
0.0152 0.01508 9.77815 1.1974182129 2.5065386606    0.996  3.472  3.4771 -0.175    8  0.533  0.439   219.16   116.75    72.62    58.23    47.54  1 -2.86e-07      0.00 6.859e-01 2.987e-01 2.216e-03 1.402e-03 6.732e-03 -1.000 1.533e-02 -3.910 3.053 3.002 1.828 -0.490 -2.664 -5.881 -6.835 -7.222
0.0152 0.01508 9.77815 1.1974191666 2.5065387925    0.991  3.513  3.4710 -0.243    8  0.534  0.439   242.47   131.68    81.45    65.44    53.44  1  -3.4e-07      0.00 6.859e-01 2.987e-01 2.216e-03 1.402e-03 6.732e-03 -1.000 1.533e-02 -4.011 3.054 3.085 1.876 -0.466 -2.656 -5.999 -6.957 -7.353
0.0152 0.01508 9.77815 1.1974203587 2.5065389574    0.985  3.530  3.4680 -0.274    8  0.535  0.439   253.82   139.13    85.84    69.04    56.38  1 -3.69e-07      0.00 6.859e-01 2.987e-01 2.216e-03 1.402e-03 6.732e-03 -1.000 1.533e-02 -4.054 3.054 3.121 1.898 -0.454 -2.653 -6.050 -7.008 -7.408
0.0152 0.01508 9.77815 1.1974215508 2.5065391223    0.979  3.538  3.4664 -0.291    8  0.535  0.439   260.16   143.40    88.34    71.10    58.06  1 -3.88e-07      0.00 6.859e-01 2.987e-01 2.216e-03 1.402e-03 6.732e-03 -1.000 1.533e-02 -4.075 3.056 3.142 1.912 -0.446 -2.650 -6.075 -7.034 -7.436
0.0152 0.01508 9.77815 1.1974215508 2.5065391223    0.979  3.362  3.4913 -0.016    8  0.535  0.439   170.71    87.22    54.94    43.90    35.81  1 -1.95e-07      0.00 6.859e-01 2.987e-01 2.216e-03 1.402e-03 6.732e-03 -1.000 1.533e-02 -3.636 3.083 2.781 1.667 -0.561 -2.696 -5.565 -6.509 -6.872
0.0152 0.01508 9.77815 1.1974217892 2.5065391553    0.977  3.196  3.5148  0.243    8  0.536  0.439    99.56    54.57    35.11    27.86    22.70  1    -1e-07      0.00 6.859e-01 2.987e-01 2.216e-03 1.402e-03 6.732e-03 -1.000 1.533e-02 -3.221 3.049 2.014 0.696 -1.072 -2.971 -5.077 -5.997 -6.315
0.0152 0.01508 9.77815 1.1974220276 2.5065391882    0.975  3.022  3.5394  0.515    8  0.536  0.439    56.36    33.35    21.94    17.28    14.06  2 -4.88e-08      0.00 6.859e-01 2.987e-01 2.216e-03 1.402e-03 6.732e-03 -1.000 1.533e-02 -2.785 2.977 1.280 -0.235 -1.533 -3.024 -4.558 -5.448 -5.718
0.0152 0.01508 9.77815 1.1974225044 2.5065392542    0.972  3.043  3.5362  0.479    8  0.536  0.439    60.70    35.56    23.32    18.39    14.97  2  -5.4e-08      0.00 6.859e-01 2.987e-01 2.216e-03 1.402e-03 6.732e-03 -1.000 1.533e-02 -2.838 2.992 1.362 -0.133 -1.482 -3.032 -4.622 -5.517 -5.793
0.0152 0.01508 9.77815 1.1974229813 2.5065393202    0.968  3.158  3.5194  0.295    8  0.536  0.439    89.02    49.50    31.98    25.35    20.64  1  -8.8e-08      0.00 6.859e-01 2.987e-01 2.216e-03 1.402e-03 6.732e-03 -1.000 1.533e-02 -3.125 3.048 1.849 0.476 -1.179 -3.011 -4.967 -5.881 -6.189
0.0152 0.01508 9.77815 1.1974236965 2.5065394191    0.962  3.306  3.4978  0.059    8  0.537  0.439   145.85    75.80    48.04    38.32    31.24  1 -1.63e-07      0.00 6.859e-01 2.987e-01 2.216e-03 1.402e-03 6.732e-03 -1.000 1.533e-02 -3.494 3.099 2.608 1.455 -0.665 -2.754 -5.404 -6.341 -6.691
0.0152 0.01508 9.77815 1.1974245310 2.5065395345    0.956  3.428  3.4795 -0.140    8  0.537  0.439   204.42   108.34    67.55    54.19    44.22  1 -2.69e-07      0.00 6.859e-01 2.987e-01 2.216e-03 1.402e-03 6.732e-03 -1.000 1.533e-02 -3.801 3.115 3.032 1.873 -0.432 -2.599 -5.765 -6.718 -7.101
0.0152 0.01508 9.77815 1.1974253654 2.5065396499    0.949  3.507  3.4675 -0.269    8  0.538  0.439   248.63   136.67    84.32    67.89    55.42  1 -3.74e-07      0.00 6.859e-01 2.987e-01 2.216e-03 1.402e-03 6.732e-03 -1.000 1.533e-02 -3.997 3.109 3.183 1.961 -0.392 -2.591 -5.993 -6.952 -7.352
0.0152 0.01508 9.77815 1.1974264383 2.5065397983    0.941  3.546  3.4610 -0.339    8  0.539  0.439   275.73   154.63    94.85    76.53    62.50  0 -4.46e-07      0.01 6.859e-01 2.987e-01 2.216e-03 1.402e-03 6.732e-03 -1.000 1.533e-02 -4.096 3.110 3.256 2.001 -0.374 -2.594 -6.110 -7.072 -7.481
0.0152 0.01508 9.77815 1.1974276304 2.5065399632    0.932  3.564  3.4577 -0.373    8  0.540  0.439   289.66   164.15   100.40    81.11    66.24  0  -4.9e-07      0.01 6.859e-01 2.987e-01 2.216e-03 1.402e-03 6.732e-03 -1.000 1.533e-02 -4.139 3.120 3.297 2.034 -0.360 -2.593 -6.161 -7.123 -7.537
0.0152 0.01508 9.77815 1.1974289417 2.5065401446    0.923  3.572  3.4557 -0.394    8  0.540  0.439   298.13   170.13   103.86    83.98    68.58  0 -5.22e-07      0.01 6.859e-01 2.987e-01 2.216e-03 1.402e-03 6.732e-03 -1.000 1.533e-02 -4.161 3.137 3.332 2.063 -0.344 -2.587 -6.187 -7.150 -7.567
0.0152 0.01508 9.77815 1.1974289417 2.5065401446    0.922  3.411  3.4797 -0.137    8  0.540  0.439   200.91   106.85    66.61    53.50    43.64  1 -2.79e-07      0.00 6.859e-01 2.987e-01 2.216e-03 1.402e-03 6.732e-03 -1.000 1.533e-02 -3.756 3.158 3.073 1.915 -0.390 -2.557 -5.720 -6.673 -7.056
0.0152 0.01508 9.77815 1.1974291801 2.5065401775    0.919  3.247  3.5037  0.121    8  0.541  0.439   126.92    66.89    42.58    33.97    27.67  1 -1.47e-07      0.00 6.859e-01 2.987e-01 2.216e-03 1.402e-03 6.732e-03 -1.000 1.533e-02 -3.347 3.136 2.460 1.256 -0.751 -2.785 -5.239 -6.170 -6.509
0.0152 0.01508 9.77815 1.1974295378 2.5065402270    0.915  3.073  3.5293  0.395    8  0.541  0.439    71.37    40.71    26.50    20.99    17.08  1 -7.34e-08      0.00 6.859e-01 2.987e-01 2.216e-03 1.402e-03 6.732e-03 -1.000 1.533e-02 -2.913 3.066 1.580 0.127 -1.333 -3.007 -4.721 -5.624 -5.913
0.0152 0.01508 9.77815 1.1974298954 2.5065402765    0.909  3.095  3.5257  0.357    8  0.541  0.439    77.31    43.59    28.28    22.43    18.25  1 -8.17e-08      0.00 6.859e-01 2.988e-01 2.216e-03 1.402e-03 6.732e-03 -1.000 1.533e-02 -2.966 3.085 1.702 0.277 -1.253 -2.985 -4.787 -5.694 -5.990
0.0152 0.01508 9.77815 1.1974304914 2.5065403589    0.901  3.206  3.5082  0.171    8  0.542  0.439   113.93    60.81    38.86    30.98    25.23  1 -1.32e-07      0.00 6.859e-01 2.988e-01 2.216e-03 1.402e-03 6.732e-03 -1.000 1.533e-02 -3.246 3.156 2.348 1.101 -0.818 -2.806 -5.123 -6.050 -6.381
0.0152 0.01508 9.77815 1.1974312067 2.5065404578    0.892  3.350  3.4856 -0.067    8  0.542  0.439   178.13    93.27    58.46    46.91    38.24  1 -2.41e-07      0.00 6.859e-01 2.988e-01 2.216e-03 1.402e-03 6.732e-03 -1.000 1.533e-02 -3.604 3.203 3.015 1.890 -0.381 -2.535 -5.550 -6.498 -6.871
0.0152 0.01508 9.77815 1.1974320412 2.5065405732    0.881  3.469  3.4664 -0.268    8  0.543  0.439   241.54   133.79    82.48    66.57    54.32  1 -3.96e-07      0.01 6.859e-01 2.988e-01 2.216e-03 1.402e-03 6.732e-03 -1.000 1.533e-02 -3.901 3.210 3.296 2.072 -0.281 -2.483 -5.901 -6.860 -7.261
0.0152 0.01508 9.77815 1.1974329948 2.5065407051    0.868  3.545  3.4535 -0.402    8  0.544  0.439   295.11   169.78   103.52    83.89    68.47  0 -5.52e-07      0.01 6.859e-01 2.988e-01 2.216e-03 1.402e-03 6.732e-03 -1.000 1.533e-02 -4.091 3.228 3.446 2.178 -0.240 -2.493 -6.122 -7.086 -7.505
0.0152 0.01508 9.77815 1.1974340677 2.5065408535    0.854  3.583  3.4463 -0.477    8  0.544  0.439   291.73    -1.00    -1.00    -1.00    -1.00  0 -7.02e-07      0.01 6.859e-01 2.988e-01 2.216e-03 1.402e-03 6.732e-03 -1.000 1.533e-02 -4.188 3.254 3.529 2.261 -0.210 -2.501 -6.233 -7.198 -7.626
0.0152 0.01508 9.77815 1.1974352598 2.5065410184    0.838  3.601  3.4426 -0.517    8  0.545  0.439   282.10    -1.00    -1.00    -1.00    -1.00  0 -8.95e-07      0.02 6.859e-01 2.988e-01 2.216e-03 1.402e-03 6.732e-03 -1.000 1.533e-02 -4.231 3.297 3.591 2.323 -0.184 -2.498 -6.280 -7.246 -7.682
0.0152 0.01508 9.77815 1.1974366903 2.5065412163    0.821  3.610  3.4405 -0.543    8  0.546  0.439   271.77    -1.00    -1.00    -1.00    -1.00  0 -1.05e-06      0.03 6.859e-01 2.988e-01 2.216e-03 1.402e-03 6.732e-03 -1.000 1.533e-02 -4.254 3.359 3.652 2.376 -0.157 -2.485 -6.302 -7.270 -7.712
0.0152 0.01508 9.77815 1.1974366903 2.5065412163    0.820  3.463  3.4643 -0.302    8  0.546  0.439   248.14   139.76    85.85    69.52    56.69  0 -4.81e-07      0.01 6.859e-01 2.988e-01 2.216e-03 1.402e-03 6.732e-03 -1.000 1.533e-02 -3.888 3.275 3.382 2.143 -0.222 -2.432 -5.891 -6.852 -7.257
0.0152 0.01508 9.77815 1.1974369287 2.5065412492    0.815  3.302  3.4905 -0.039    8  0.547  0.439   165.14    86.70    54.41    43.76    35.64  1 -2.63e-07      0.00 6.859e-01 2.988e-01 2.216e-03 1.402e-03 6.732e-03 -1.000 1.533e-02 -3.485 3.270 2.989 1.875 -0.372 -2.516 -5.416 -6.360 -6.727
0.0152 0.01508 9.77815 1.1974372864 2.5065412987    0.806  3.129  3.5192  0.244    8  0.547  0.439    95.86    51.81    33.26    26.56    21.61  1 -1.37e-07      0.00 6.859e-01 2.988e-01 2.216e-03 1.402e-03 6.732e-03 -1.000 1.533e-02 -3.052 3.171 1.960 0.577 -1.092 -2.931 -4.895 -5.808 -6.119
0.0152 0.01508 9.77815 1.1974376440 2.5065413482    0.794  3.150  3.5163  0.205    8  0.547  0.439   103.88    55.39    35.45    28.35    23.06  1 -1.56e-07      0.00 6.859e-01 2.988e-01 2.216e-03 1.402e-03 6.732e-03 -1.000 1.533e-02 -3.105 3.186 2.078 0.726 -1.015 -2.897 -4.956 -5.872 -6.190
0.0152 0.01508 9.77815 1.1974382401 2.5065414306    0.779  3.258  3.4988  0.019    8  0.548  0.439   148.60    77.20    48.65    39.13    31.85  1 -2.56e-07      0.00 6.859e-01 2.988e-01 2.216e-03 1.402e-03 6.732e-03 -1.000 1.533e-02 -3.375 3.259 2.729 1.555 -0.562 -2.651 -5.281 -6.216 -6.568
0.0152 0.01508 9.77815 1.1974389553 2.5065415295    0.760  3.396  3.4762 -0.220    8  0.548  0.439   212.91   118.16    73.01    59.14    48.18  0 -4.73e-07      0.01 6.859e-01 2.988e-01 2.216e-03 1.402e-03 6.732e-03 -1.000 1.533e-02 -3.720 3.320 3.270 2.076 -0.260 -2.441 -5.690 -6.646 -7.038
0.0152 0.01508 9.77815 1.1974397898 2.5065416449    0.739  3.510  3.4577 -0.421    8  0.549  0.439   224.44    -1.00    -1.00    -1.00    -1.00  0 -8.02e-07      0.02 6.859e-01 2.988e-01 2.216e-03 1.402e-03 6.732e-03 -1.000 1.533e-02 -4.006 3.374 3.527 2.231 -0.185 -2.428 -6.021 -6.987 -7.409
0.0152 0.01508 9.77815 1.1974407434 2.5065417768    0.715  3.583  3.4473 -0.550    8  0.550  0.439   211.33    -1.00    -1.00    -1.00    -1.00  0 -1.21e-06      0.04 6.859e-01 2.988e-01 2.216e-03 1.402e-03 6.732e-03 -1.000 1.533e-02 -4.188 3.464 3.677 2.348 -0.156 -2.458 -6.215 -7.188 -7.632
0.0152 0.01508 9.77815 1.1974419355 2.5065419417    0.688  3.620  3.4448 -0.614    8  0.551  0.439   197.30    -1.00    -1.00    -1.00    -1.00  0 -1.99e-06      0.09 6.859e-01 2.988e-01 2.216e-03 1.402e-03 6.732e-03 -1.000 1.533e-02 -4.281 3.695 3.835 2.443 -0.129 -2.461 -6.281 -7.271 -7.738
0.0152 0.01508 9.77815 1.1974431276 2.5065421066    0.659  3.637  3.4484 -0.634    8  0.552  0.439   182.64    -1.00    -1.00    -1.00    -1.00  0 -2.62e-06      0.14 6.859e-01 2.988e-01 2.216e-03 1.402e-03 6.732e-03 -1.000 1.533e-02 -4.322 3.931 3.937 2.460 -0.138 -2.470 -6.281 -7.288 -7.774
0.0152 0.01508 9.77815 1.1974445581 2.5065423044    0.629  3.646  3.4563 -0.632    8  0.553  0.439   167.62    -1.00    -1.00    -1.00    -1.00  0 -3.19e-06      0.33 6.859e-01 2.988e-01 2.216e-03 1.402e-03 6.732e-03 -1.000 1.533e-02 -4.344 4.864 4.437 2.751 0.027 -2.331 -6.151 -7.216 -7.768
0.0152 0.01508 9.77815 1.1974473000 2.5065426836    0.554 -9.999  4.0000  1.703    9  0.554  0.000     0.00     0.00     0.00     0.00     0.00 -1    -1e-30      0.00 6.859e-01 2.988e-01 2.216e-03 1.402e-03 6.732e-03 -1.000 1.533e-02 29.767 29.720 29.983 30.032 30.020 30.018 30.066 30.065 30.082
#isochrone terminated
