# File generated by CMD 3.7 (http://stev.oapd.inaf.it/cmd) on Tue Mar  7 16:00:44 CET 2023
# isochrones based on PARSEC release v1.2S +  COLIBRI S_37 + S_35 + PR16
# Basic references: Bressan et al. (2012), MNRAS, 427, 127 + Chen et al. (2014, 2015), MNRAS, 444, 2525 + MNRAS, 452, 1068 + Tang et al. (2014), MNRAS, 445, 4287 + Marigo et al. (2017), ApJ, 835, 77 + Pastorelli al. (2019), MNRAS, 485, 5666 + Pastorelli al. (2020), MNRAS, in press
# Thermal pulse cycles included 
# On RGB, assumed Reimers mass loss with efficiency eta=0.2
# LPV periods and growth rates added cf. Trabucchi et al. (2019)
# but fundamental-mode LPV periods are from Trabucchi et al. (2021)
# Photometric system: <i>UBVRIJHK</i> (cf. Maiz-Apellaniz 2006 + Bessell 1990)
# Using YBC version of bolometric corrections as in Chen et al. (2019)
# O-rich circumstellar dpmod60alox40 dust from Groenewegen (2006)
# C-rich circumstellar AMCSIC15 dust from Groenewegen (2006)
# IMF: Kroupa (2001, 2002) + Kroupa et al. (2013) canonical two-part-power law IMF corrected for unresolved binaries 
# Kind of output: isochrone tables
# Zini     MH   logAge Mini        int_IMF         Mass   logL    logTe  logg  label   McoreTP C_O  period0  period1  period2  period3  period4  pmode  Mloss  tau1m   X   Y   Xc  Xn  Xo  Cexcess  Z 	 mbolmag  Umag    Bmag    Vmag    Rmag    Imag    Jmag    Hmag    Kmag
0.01 -0.17553 9.87506 0.0900000036 1.0816895926    0.090 -3.388  3.3784  5.246    1  0.000  0.545     0.00     0.00     0.00     0.00     0.00 -1 -4.09e-17      0.00 7.221e-01 2.679e-01 1.798e-03 4.851e-04 4.400e-03 -1.000 1.000e-02 13.240 22.600 19.891 18.002 15.788 13.519 11.136 10.560 10.292
0.01 -0.17553 9.87506 0.1000000015 1.1711064122    0.100 -3.193  3.4066  5.210    1  0.000  0.545     0.00     0.00     0.00     0.00     0.00 -1 -6.33e-17      0.00 7.217e-01 2.683e-01 1.798e-03 4.851e-04 4.400e-03 -1.000 1.000e-02 12.753 22.047 19.376 17.496 15.296 13.033 10.651 10.075 9.803
0.01 -0.17553 9.87506 0.1200000048 1.3193154741    0.120 -2.926  3.4408  5.159    1  0.000  0.545     0.00     0.00     0.00     0.00     0.00 -1 -1.13e-16      0.00 7.209e-01 2.691e-01 1.798e-03 4.851e-04 4.400e-03 -1.000 1.000e-02 12.086 20.064 17.809 16.031 14.140 12.087 10.045 9.457 9.173
0.01 -0.17553 9.87506 0.1400000006 1.4384526719    0.140 -2.745  3.4597  5.120    1  0.000  0.545     0.00     0.00     0.00     0.00     0.00 -1 -1.67e-16      0.00 7.203e-01 2.697e-01 1.798e-03 4.851e-04 4.400e-03 -1.000 1.000e-02 11.633 18.701 16.709 15.000 13.326 11.448 9.642 9.046 8.761
0.01 -0.17553 9.87506 0.1599999964 1.5372931554    0.160 -2.603  3.4733  5.090    1  0.000  0.545     0.00     0.00     0.00     0.00     0.00 -1 -2.24e-16      0.00 7.198e-01 2.702e-01 1.798e-03 4.851e-04 4.400e-03 -1.000 1.000e-02 11.277 17.762 15.931 14.266 12.733 10.982 9.320 8.720 8.438
0.01 -0.17553 9.87506 0.2000000030 1.6938790862    0.200 -2.383  3.4921  5.042    1  0.000  0.545     0.00     0.00     0.00     0.00     0.00 -1 -3.51e-16      0.00 7.188e-01 2.712e-01 1.798e-03 4.851e-04 4.400e-03 -1.000 1.000e-02 10.728 16.485 14.848 13.230 11.868 10.306 8.821 8.217 7.943
0.01 -0.17553 9.87506 0.2500000000 1.8403257998    0.250 -2.177  3.5066  4.992    1  0.000  0.545     0.00     0.00     0.00     0.00     0.00 -1 -5.33e-16      0.00 7.180e-01 2.720e-01 1.798e-03 4.851e-04 4.400e-03 -1.000 1.000e-02 10.213 15.507 13.988 12.416 11.156 9.720 8.343 7.735 7.471
0.01 -0.17553 9.87506 0.3000000119 1.9529139769    0.300 -2.011  3.5171  4.947    1  0.000  0.545     0.00     0.00     0.00     0.00     0.00 -1  -7.5e-16      0.00 7.176e-01 2.724e-01 1.798e-03 4.851e-04 4.400e-03 -1.000 1.000e-02 9.798 14.804 13.353 11.812 10.614 9.263 7.954 7.342 7.086
0.01 -0.17553 9.87506 0.3073289394 1.9673623679    0.307 -1.988  3.5185  4.939    1  0.000  0.545     0.00     0.00     0.00     0.00     0.00 -1 -7.89e-16      0.00 7.185e-01 2.715e-01 1.798e-03 4.851e-04 4.400e-03 -1.000 1.000e-02 9.740 14.711 13.267 11.731 10.541 9.200 7.900 7.287 7.031
0.01 -0.17553 9.87506 0.3500000238 2.0434175133    0.350 -1.862  3.5258  4.900    1  0.000  0.545     0.00     0.00     0.00     0.00     0.00 -1 -1.03e-15      0.00 7.228e-01 2.672e-01 1.798e-03 4.851e-04 4.400e-03 -1.000 1.000e-02 9.425 14.223 12.816 11.302 10.148 8.861 7.603 6.986 6.736
0.01 -0.17553 9.87506 0.4000000358 2.1185024810    0.400 -1.714  3.5369  4.853    1  0.000  0.545     0.00     0.00     0.00     0.00     0.00 -1 -1.43e-15      0.00 7.229e-01 2.671e-01 1.798e-03 4.851e-04 4.400e-03 -1.000 1.000e-02 9.055 13.630 12.260 10.778 9.671 8.460 7.261 6.636 6.395
0.01 -0.17553 9.87506 0.4500000179 2.1822809362    0.450 -1.557  3.5501  4.800    1  0.000  0.545     0.00     0.00     0.00     0.00     0.00 -1 -2.07e-15      0.00 7.229e-01 2.671e-01 1.798e-03 4.851e-04 4.400e-03 -1.000 1.000e-02 8.663 13.011 11.669 10.219 9.161 8.037 6.903 6.269 6.037
0.01 -0.17553 9.87506 0.5000000000 2.2374541529    0.500 -1.390  3.5672  4.748    1  0.000  0.545     0.00     0.00     0.00     0.00     0.00 -1 -3.06e-15      0.00 7.230e-01 2.670e-01 1.798e-03 4.851e-04 4.400e-03 -1.000 1.000e-02 8.245 12.351 11.023 9.602 8.596 7.590 6.533 5.886 5.667
0.01 -0.17553 9.87506 0.5500000119 2.2836582633    0.550 -1.208  3.5893  4.695    1  0.000  0.545     0.00     0.00     0.00     0.00     0.00 -1 -4.72e-15      0.00 7.412e-01 2.494e-01 1.688e-03 4.554e-04 4.130e-03 -1.000 9.400e-03 7.790 11.623 10.302 8.923 7.974 7.109 6.139 5.473 5.280
0.01 -0.17553 9.87506 0.5549886823 2.2877458943    0.555 -1.189  3.5921  4.692    1  0.000  0.545     0.00     0.00     0.00     0.00     0.00 -1 -4.92e-15      0.00 7.415e-01 2.491e-01 1.686e-03 4.549e-04 4.126e-03 -1.000 9.386e-03 7.744 11.545 10.224 8.852 7.910 7.061 6.100 5.432 5.243
0.01 -0.17553 9.87506 0.6000000238 2.3211213258    0.600 -1.030  3.6162  4.662    1  0.000  0.544     0.00     0.00     0.00     0.00     0.00 -1 -7.07e-15      0.00 7.440e-01 2.467e-01 1.672e-03 4.512e-04 4.094e-03 -1.000 9.278e-03 7.344 10.876 9.551 8.256 7.374 6.646 5.757 5.073 4.924
0.01 -0.17553 9.87506 0.6201852560 2.3342918640    0.620 -0.956  3.6293  4.655    1  0.000  0.544     0.00     0.00     0.00     0.00     0.00 -1 -8.31e-15      0.00 7.450e-01 2.457e-01 1.666e-03 4.497e-04 4.080e-03 -1.000 9.267e-03 7.159 10.527 9.207 7.966 7.121 6.454 5.601 4.922 4.793
0.01 -0.17553 9.87506 0.6499999762 2.3520353107    0.650 -0.850  3.6479  4.645    1  0.000  0.544     0.00     0.00     0.00     0.00     0.00 -1 -1.05e-14      0.00 7.466e-01 2.442e-01 1.657e-03 4.475e-04 4.060e-03 -1.000 9.246e-03 6.895 9.938 8.693 7.545 6.764 6.182 5.387 4.730 4.627
0.01 -0.17553 9.87506 0.7000000477 2.3779267258    0.700 -0.679  3.6782  4.626    1  0.000  0.544     0.00     0.00     0.00     0.00     0.00 -1 -1.53e-14      0.00 7.492e-01 2.417e-01 1.643e-03 4.436e-04 4.026e-03 -1.000 9.117e-03 6.467 8.823 7.875 6.882 6.224 5.738 5.049 4.480 4.399
0.01 -0.17553 9.87506 0.7165008187 2.3855647101    0.716 -0.624  3.6873  4.618    1  0.000  0.542     0.00     0.00     0.00     0.00     0.00 -1 -1.73e-14      0.00 7.502e-01 2.406e-01 1.629e-03 4.417e-04 4.011e-03 -1.000 9.152e-03 6.329 8.497 7.640 6.688 6.064 5.599 4.941 4.400 4.323
0.01 -0.17553 9.87506 0.7342090011 2.3933239520    0.734 -0.565  3.6968  4.608    1  0.000  0.539     0.00     0.00     0.00     0.00     0.00 -1 -1.98e-14      0.00 7.514e-01 2.395e-01 1.615e-03 4.398e-04 3.996e-03 -1.000 9.109e-03 6.183 8.156 7.399 6.487 5.898 5.453 4.827 4.315 4.243
0.01 -0.17553 9.87506 0.7500000000 2.3998889087    0.750 -0.514  3.7052  4.600    1  0.000  0.537     0.00     0.00     0.00     0.00     0.00 -1 -2.22e-14      0.00 7.524e-01 2.386e-01 1.603e-03 4.381e-04 3.983e-03 -1.000 9.029e-03 6.055 7.865 7.193 6.316 5.756 5.326 4.728 4.240 4.172
0.01 -0.17553 9.87506 0.7535129189 2.4013064097    0.753 -0.503  3.7068  4.597    1  0.000  0.537     0.00     0.00     0.00     0.00     0.00 -1 -2.28e-14      0.00 7.527e-01 2.383e-01 1.601e-03 4.377e-04 3.979e-03 -1.000 9.008e-03 6.027 7.805 7.150 6.279 5.725 5.299 4.706 4.223 4.155
0.01 -0.17553 9.87506 0.7765272856 2.4102292991    0.776 -0.429  3.7175  4.579    1  0.000  0.536     0.00     0.00     0.00     0.00     0.00 -1 -2.72e-14      0.00 7.546e-01 2.364e-01 1.591e-03 4.349e-04 3.953e-03 -1.000 8.963e-03 5.842 7.426 6.876 6.047 5.527 5.120 4.561 4.108 4.045
0.01 -0.17553 9.87506 0.7972679138 2.4177651995    0.797 -0.363  3.7268  4.561    1  0.000  0.536     0.00     0.00     0.00     0.00     0.00 -1 -3.19e-14      0.00 7.563e-01 2.347e-01 1.581e-03 4.322e-04 3.930e-03 -1.000 8.922e-03 5.677 7.101 6.641 5.847 5.353 4.961 4.432 4.004 3.944
0.01 -0.17553 9.87506 0.7978261113 2.4179617971    0.797 -0.361  3.7270  4.561    1  0.000  0.536     0.00     0.00     0.00     0.00     0.00 -1  -3.2e-14      0.00 7.564e-01 2.347e-01 1.580e-03 4.321e-04 3.929e-03 -1.000 8.921e-03 5.673 7.093 6.635 5.841 5.348 4.957 4.428 4.001 3.941
0.01 -0.17553 9.87506 0.8161140680 2.4242321696    0.816 -0.303  3.7346  4.543    1  0.000  0.536     0.00     0.00     0.00     0.00     0.00 -1  -3.7e-14      0.00 7.582e-01 2.329e-01 1.570e-03 4.294e-04 3.904e-03 -1.000 8.884e-03 5.527 6.823 6.434 5.670 5.197 4.819 4.313 3.905 3.848
0.01 -0.17553 9.87506 0.8327829838 2.4296723971    0.832 -0.250  3.7413  4.525    1  0.000  0.536     0.00     0.00     0.00     0.00     0.00 -1 -4.22e-14      0.00 7.599e-01 2.312e-01 1.561e-03 4.268e-04 3.881e-03 -1.000 8.852e-03 5.395 6.583 6.253 5.516 5.062 4.694 4.208 3.817 3.763
0.01 -0.17553 9.87506 0.8456522226 2.4337042376    0.845 -0.209  3.7463  4.511    1  0.000  0.536     0.00     0.00     0.00     0.00     0.00 -1 -4.68e-14      0.00 7.613e-01 2.299e-01 1.553e-03 4.247e-04 3.863e-03 -1.000 8.831e-03 5.292 6.397 6.118 5.400 4.960 4.600 4.128 3.749 3.698
0.01 -0.17553 9.87506 0.8621741533 2.4386780612    0.861 -0.156  3.7521  4.490    1  0.000  0.536     0.00     0.00     0.00     0.00     0.00 -1 -5.36e-14      0.00 7.635e-01 2.278e-01 1.541e-03 4.215e-04 3.834e-03 -1.000 8.738e-03 5.159 6.173 5.947 5.252 4.828 4.478 4.022 3.656 3.608
0.01 -0.17553 9.87506 0.8790680170 2.4435421704    0.878 -0.101  3.7579  4.466    1  0.000  0.536     0.00     0.00     0.00     0.00     0.00 -1 -6.19e-14      0.00 7.657e-01 2.256e-01 1.528e-03 4.181e-04 3.803e-03 -1.000 8.656e-03 5.022 5.955 5.776 5.103 4.693 4.351 3.910 3.557 3.512
0.01 -0.17553 9.87506 0.8934782743 2.4475244551    0.892 -0.054  3.7625  4.445    1  0.000  0.536     0.00     0.00     0.00     0.00     0.00 -1 -7.01e-14      0.00 7.677e-01 2.237e-01 1.517e-03 4.151e-04 3.776e-03 -1.000 8.566e-03 4.905 5.774 5.630 4.976 4.577 4.243 3.815 3.472 3.428
0.01 -0.17553 9.87506 0.8945748806 2.4478214676    0.894 -0.050  3.7628  4.443    1  0.000  0.536     0.00     0.00     0.00     0.00     0.00 -1 -7.08e-14      0.00 7.679e-01 2.235e-01 1.516e-03 4.148e-04 3.773e-03 -1.000 8.559e-03 4.896 5.761 5.619 4.966 4.569 4.234 3.807 3.465 3.422
0.01 -0.17553 9.87506 0.9154458046 2.4533186646    0.914  0.020  3.7688  4.407    1  0.000  0.535     0.00     0.00     0.00     0.00     0.00 -1 -8.58e-14      0.00 7.717e-01 2.198e-01 1.495e-03 4.090e-04 3.721e-03 -1.000 8.445e-03 4.721 5.510 5.408 4.781 4.397 4.073 3.661 3.332 3.291
0.01 -0.17553 9.87506 0.9256480932 2.4559023435    0.924  0.055  3.7715  4.387    1  0.000  0.535     0.00     0.00     0.00     0.00     0.00 -1 -9.45e-14      0.00 7.736e-01 2.180e-01 1.483e-03 4.061e-04 3.696e-03 -1.000 8.402e-03 4.633 5.390 5.305 4.688 4.312 3.992 3.587 3.263 3.224
0.01 -0.17553 9.87506 0.9413043261 2.4597422279    0.940  0.109  3.7753  4.355    1  0.000  0.535     0.00     0.00     0.00     0.00     0.00 -1  -1.1e-13      0.00 7.767e-01 2.150e-01 1.466e-03 4.015e-04 3.654e-03 -1.000 8.344e-03 4.497 5.208 5.146 4.546 4.179 3.865 3.471 3.155 3.118
0.01 -0.17553 9.87506 0.9501155019 2.4618393912    0.949  0.140  3.7772  4.336    1  0.000  0.535     0.00     0.00     0.00     0.00     0.00 -1  -1.2e-13      0.00 7.790e-01 2.127e-01 1.453e-03 3.980e-04 3.623e-03 -1.000 8.282e-03 4.419 5.109 5.057 4.466 4.103 3.792 3.403 3.092 3.055
0.01 -0.17553 9.87506 0.9665570855 2.4656353592    0.965  0.197  3.7800  4.297    1  0.000  0.534     0.00     0.00     0.00     0.00     0.00 -1 -1.42e-13      0.00 7.833e-01 2.085e-01 1.428e-03 3.913e-04 3.563e-03 -1.000 8.146e-03 4.276 4.934 4.896 4.318 3.962 3.656 3.274 2.969 2.934
0.01 -0.17553 9.87506 0.9802811742 2.4686920452    0.979  0.246  3.7816  4.261    1  0.000  0.534     0.00     0.00     0.00     0.00     0.00 -1 -1.65e-13      0.00 7.868e-01 2.052e-01 1.409e-03 3.861e-04 3.516e-03 -1.000 7.979e-03 4.155 4.796 4.765 4.195 3.843 3.539 3.161 2.860 2.825
0.01 -0.17553 9.87506 0.9891304374 2.4706113457    0.988  0.280  3.7826  4.235    1  0.000  0.534     0.00     0.00     0.00     0.00     0.00 -1 -1.83e-13      0.00 7.873e-01 2.047e-01 1.407e-03 3.854e-04 3.510e-03 -1.000 8.008e-03 4.070 4.702 4.674 4.108 3.759 3.457 3.081 2.782 2.748
0.01 -0.17553 9.87506 0.9911808968 2.4710504458    0.990  0.288  3.7829  4.229    1  0.000  0.534     0.00     0.00     0.00     0.00     0.00 -1 -1.87e-13      0.00 7.875e-01 2.045e-01 1.406e-03 3.851e-04 3.508e-03 -1.000 8.014e-03 4.050 4.680 4.653 4.088 3.740 3.438 3.063 2.764 2.730
0.01 -0.17553 9.87506 0.9945957661 2.4717771112    0.994  0.302  3.7832  4.218    1  0.000  0.534     0.00     0.00     0.00     0.00     0.00 -1 -1.95e-13      0.00 7.878e-01 2.042e-01 1.404e-03 3.848e-04 3.505e-03 -1.000 7.983e-03 4.016 4.643 4.617 4.054 3.706 3.405 3.030 2.732 2.698
0.01 -0.17553 9.87506 1.0004711151 2.4730140124    0.999  0.326  3.7834  4.198    1  0.000  0.534     0.00     0.00     0.00     0.00     0.00 -1 -2.08e-13      0.00 7.883e-01 2.038e-01 1.403e-03 3.843e-04 3.501e-03 -1.000 7.980e-03 3.956 4.581 4.555 3.993 3.646 3.346 2.972 2.675 2.641
0.01 -0.17553 9.87506 1.0101969242 2.4750252086    1.009  0.367  3.7834  4.161    1  0.000  0.534     0.00     0.00     0.00     0.00     0.00 -1 -2.35e-13      0.00 7.887e-01 2.034e-01 1.402e-03 3.842e-04 3.501e-03 -1.000 7.948e-03 3.853 4.478 4.451 3.890 3.543 3.243 2.868 2.571 2.537
0.01 -0.17553 9.87506 1.0211735964 2.4772422328    1.020  0.415  3.7823  4.113    1  0.000  0.534     0.00     0.00     0.00     0.00     0.00 -1 -2.73e-13      0.00 7.882e-01 2.038e-01 1.408e-03 3.859e-04 3.516e-03 -1.000 8.005e-03 3.732 4.367 4.334 3.770 3.421 3.120 2.742 2.443 2.409
0.01 -0.17553 9.87506 1.0284790993 2.4786876432    1.027  0.449  3.7807  4.075    1  0.000  0.534     0.00     0.00     0.00     0.00     0.00 -1 -3.04e-13      0.00 7.861e-01 2.058e-01 1.423e-03 3.900e-04 3.554e-03 -1.000 8.143e-03 3.648 4.297 4.257 3.687 3.336 3.032 2.650 2.348 2.313
0.01 -0.17553 9.87506 1.0305038691 2.4790840796    1.029  0.458  3.7798  4.063    1  0.000  0.534     0.00     0.00     0.00     0.00     0.00 -1 -3.15e-13      0.00 7.843e-01 2.075e-01 1.435e-03 3.932e-04 3.583e-03 -1.000 8.190e-03 3.624 4.282 4.237 3.664 3.311 3.005 2.622 2.317 2.282
0.01 -0.17553 9.87506 1.0369565487 2.4803356019    1.035  0.489  3.7764  4.022    2  0.000  0.534     0.00     0.00     0.00     0.00     0.00 -1  -3.5e-13      0.00 7.776e-01 2.140e-01 1.476e-03 4.047e-04 3.687e-03 -1.000 8.391e-03 3.548 4.242 4.180 3.593 3.233 2.922 2.529 2.217 2.180
0.01 -0.17553 9.87506 1.0425151587 2.4813994434    1.041  0.514  3.7716  3.980    2  0.000  0.534     0.00     0.00     0.00     0.00     0.00 -1 -3.84e-13      0.00 7.694e-01 2.219e-01 1.526e-03 4.180e-04 3.807e-03 -1.000 8.677e-03 3.485 4.230 4.144 3.537 3.167 2.849 2.443 2.120 2.081
0.01 -0.17553 9.87506 1.0484608412 2.4825230184    1.047  0.534  3.7623  3.924    2  0.000  0.535     0.00     0.00     0.00     0.00     0.00 -1 -4.25e-13      0.00 7.572e-01 2.337e-01 1.594e-03 4.363e-04 3.971e-03 -1.000 9.056e-03 3.434 4.281 4.146 3.502 3.112 2.778 2.347 2.004 1.961
0.01 -0.17553 9.87506 1.0521398783 2.4832109488    1.050  0.536  3.7515  3.881    2  0.000  0.536     0.00     0.00     0.00     0.00     0.00 -1 -4.47e-13      0.00 7.479e-01 2.428e-01 1.644e-03 4.496e-04 4.090e-03 -1.000 9.320e-03 3.429 4.409 4.207 3.520 3.105 2.755 2.294 1.925 1.877
0.01 -0.17553 9.87506 1.0543787479 2.4836268861    1.052  0.529  3.7413  3.848    2  0.000  0.536     0.00     0.00     0.00     0.00     0.00 -1 -4.55e-13      0.00 7.422e-01 2.483e-01 1.673e-03 4.576e-04 4.161e-03 -1.000 9.468e-03 3.447 4.560 4.286 3.563 3.125 2.758 2.268 1.875 1.823
0.01 -0.17553 9.87506 1.0559480190 2.4839172167    1.054  0.524  3.7326  3.820    2  0.000  0.537     0.00     0.00     0.00     0.00     0.00 -1 -4.63e-13      0.00 7.387e-01 2.517e-01 1.691e-03 4.623e-04 4.203e-03 -1.000 9.559e-03 3.461 4.693 4.358 3.602 3.144 2.763 2.247 1.832 1.777
0.01 -0.17553 9.87506 1.0574352741 2.4841914589    1.055  0.525  3.7244  3.786    2  0.000  0.537     0.00     0.00     0.00     0.00     0.00 -1 -4.81e-13      0.00 7.359e-01 2.545e-01 1.705e-03 4.660e-04 4.235e-03 -1.000 9.622e-03 3.457 4.808 4.412 3.625 3.148 2.753 2.211 1.773 1.715
0.01 -0.17553 9.87506 1.0592180490 2.4845190268    1.057  0.541  3.7157  3.735    2  0.000  0.537     0.00     0.00     0.00     0.00     0.00 -1 -5.25e-13      0.00 7.329e-01 2.574e-01 1.718e-03 4.695e-04 4.267e-03 -1.000 9.672e-03 3.416 4.900 4.436 3.617 3.118 2.708 2.138 1.675 1.615
0.01 -0.17553 9.87506 1.0607986450 2.4848083875    1.059  0.571  3.7096  3.682    2  0.000  0.537     0.00     0.00     0.00     0.00     0.00 -1 -5.95e-13      0.00 7.303e-01 2.600e-01 1.728e-03 4.721e-04 4.290e-03 -1.000 9.747e-03 3.342 4.918 4.407 3.566 3.052 2.632 2.042 1.562 1.499
0.01 -0.17553 9.87506 1.0612419844 2.4848893719    1.059  0.582  3.7083  3.666    2  0.000  0.537     0.00     0.00     0.00     0.00     0.00 -1 -6.22e-13      0.00 7.296e-01 2.607e-01 1.730e-03 4.727e-04 4.295e-03 -1.000 9.787e-03 3.315 4.912 4.390 3.544 3.027 2.604 2.010 1.526 1.462
0.01 -0.17553 9.87506 1.0619386435 2.4850164729    1.060  0.603  3.7066  3.639    3  0.000  0.537     0.00     0.00     0.00     0.00     0.00 -1 -6.72e-13      0.00 7.283e-01 2.619e-01 1.733e-03 4.736e-04 4.303e-03 -1.000 9.806e-03 3.262 4.885 4.351 3.498 2.977 2.551 1.951 1.462 1.398
0.01 -0.17553 9.87506 1.0632812977 2.4852608915    1.061  0.648  3.7039  3.583    3  0.000  0.536     0.00     0.00     0.00     0.00     0.00 -1 -7.89e-13      0.00 7.257e-01 2.644e-01 1.734e-03 4.761e-04 4.315e-03 -1.000 9.836e-03 3.150 4.812 4.260 3.398 2.870 2.439 1.830 1.333 1.268
0.01 -0.17553 9.87506 1.0646852255 2.4855157063    1.062  0.701  3.7015  3.521    3  0.000  0.529     0.00     0.00     0.00     0.00     0.00 -1 -9.55e-13      0.00 7.225e-01 2.677e-01 1.717e-03 4.897e-04 4.326e-03 -1.000 9.830e-03 3.016 4.709 4.145 3.274 2.741 2.306 1.688 1.185 1.118
0.01 -0.17553 9.87506 1.0659515858 2.4857448905    1.064  0.755  3.6997  3.460    3  0.000  0.515     0.00     0.00     0.00     0.00     0.00 -1 -1.16e-12      0.00 7.191e-01 2.710e-01 1.674e-03 5.325e-04 4.335e-03 -1.000 9.843e-03 2.882 4.602 4.025 3.146 2.610 2.171 1.547 1.038 0.971
0.01 -0.17553 9.87506 1.0668743849 2.4859115033    1.065  0.798  3.6984  3.413    3  0.000  0.499     0.00     0.00     0.00     0.00     0.00 -1 -1.35e-12      0.00 7.166e-01 2.736e-01 1.626e-03 5.869e-04 4.340e-03 -1.000 9.845e-03 2.775 4.518 3.930 3.045 2.506 2.064 1.435 0.923 0.855
0.01 -0.17553 9.87506 1.0676736832 2.4860555503    1.065  0.838  3.6972  3.368    3  0.000  0.485     0.00     0.00     0.00     0.00     0.00 -1 -1.55e-12      0.00 7.142e-01 2.759e-01 1.581e-03 6.430e-04 4.344e-03 -1.000 9.890e-03 2.674 4.438 3.841 2.950 2.408 1.964 1.331 0.814 0.747
0.01 -0.17553 9.87506 1.0684452057 2.4861943565    1.066  0.880  3.6959  3.322    3  0.000  0.472     0.00     0.00     0.00     0.00     0.00 -1  -1.8e-12      0.00 7.120e-01 2.781e-01 1.539e-03 6.953e-04 4.348e-03 -1.000 9.941e-03 2.571 4.356 3.749 2.853 2.307 1.861 1.223 0.703 0.635
0.01 -0.17553 9.87506 1.0693533421 2.4863574461    1.067  0.933  3.6943  3.262    3  0.000  0.461     0.00     0.00     0.00     0.00     0.00 -1 -2.17e-12      0.00 7.097e-01 2.803e-01 1.504e-03 7.400e-04 4.351e-03 -1.000 9.928e-03 2.437 4.252 3.630 2.726 2.177 1.727 1.083 0.558 0.490
0.01 -0.17553 9.87506 1.0700123310 2.4864755927    1.068  0.975  3.6929  3.215    3  0.000  0.454     0.00     0.00     0.00     0.00     0.00 -1 -2.53e-12      0.00 7.083e-01 2.818e-01 1.483e-03 7.665e-04 4.352e-03 -1.000 9.914e-03 2.332 4.170 3.538 2.627 2.075 1.622 0.974 0.445 0.376
0.01 -0.17553 9.87506 1.0707554817 2.4866086277    1.068  1.027  3.6912  3.156    3  0.000  0.449     0.00     0.00     0.00     0.00     0.00 -1 -3.04e-12      0.00 7.069e-01 2.832e-01 1.466e-03 7.893e-04 4.354e-03 -1.000 9.922e-03 2.202 4.072 3.424 2.505 1.948 1.492 0.837 0.303 0.233
0.01 -0.17553 9.87506 1.0712778568 2.4867020135    1.069  1.067  3.6897  3.111    3  0.000  0.446     0.00     0.00     0.00     0.00     0.00 -1 -3.51e-12      0.00 7.061e-01 2.840e-01 1.456e-03 8.017e-04 4.355e-03 -1.000 9.917e-03 2.103 3.998 3.338 2.412 1.852 1.393 0.732 0.194 0.124
0.01 -0.17553 9.87506 1.0717839003 2.4867923798    1.069  1.108  3.6882  3.063    3  0.000  0.443     0.00     0.00     0.00     0.00     0.00 -1 -4.08e-12      0.00 7.054e-01 2.846e-01 1.449e-03 8.113e-04 4.356e-03 -1.000 9.933e-03 1.999 3.923 3.250 2.316 1.752 1.290 0.624 0.080 0.009
0.01 -0.17553 9.87506 1.0723633766 2.4868957390    1.070  1.160  3.6861  3.003    3  0.000  0.441     0.00     0.00     0.00     0.00     0.00 -1 -4.92e-12      0.00 7.048e-01 2.852e-01 1.442e-03 8.200e-04 4.357e-03 -1.000 9.964e-03 1.869 3.831 3.140 2.196 1.627 1.160 0.487 -0.063 -0.134
0.01 -0.17553 9.87506 1.0728775263 2.4869873385    1.070  1.211  3.6840  2.944    3  0.000  0.440     0.00     0.00     0.00     0.00     0.00 -1 -5.91e-12      0.00 7.044e-01 2.856e-01 1.437e-03 8.253e-04 4.357e-03 -1.000 9.967e-03 1.742 3.744 3.034 2.080 1.505 1.034 0.353 -0.203 -0.276
0.01 -0.17553 9.87506 1.0733327866 2.4870683622    1.071  1.261  3.6818  2.886    3  0.000  0.439     0.00     0.00     0.00     0.00     0.00 -1 -7.07e-12      0.00 7.042e-01 2.858e-01 1.435e-03 8.282e-04 4.357e-03 -1.000 9.953e-03 1.618 3.659 2.930 1.967 1.386 0.911 0.222 -0.340 -0.414
0.01 -0.17553 9.87506 1.0737544298 2.4871433326    1.071  1.311  3.6795  2.826    3  0.000  0.439     0.00     0.00     0.00     0.00     0.00 -1 -8.51e-12      0.00 7.042e-01 2.859e-01 1.435e-03 8.290e-04 4.358e-03 -1.000 9.954e-03 1.491 3.575 2.826 1.852 1.266 0.786 0.088 -0.481 -0.556
0.01 -0.17553 9.87506 1.0741237402 2.4872089423    1.071  1.360  3.6772  2.768    3  0.000  0.439     0.00     0.00     0.00     0.00     0.00 -1 -1.02e-11      0.00 7.042e-01 2.859e-01 1.435e-03 8.294e-04 4.358e-03 -1.000 9.954e-03 1.369 3.498 2.727 1.743 1.150 0.666 -0.041 -0.617 -0.694
0.01 -0.17553 9.87506 1.0744601488 2.4872686617    1.071  1.409  3.6748  2.711    3  0.000  0.439     0.00     0.00     0.00     0.00     0.00 -1 -1.21e-11      0.00 7.042e-01 2.859e-01 1.434e-03 8.297e-04 4.358e-03 -1.000 9.955e-03 1.249 3.424 2.631 1.636 1.036 0.546 -0.169 -0.753 -0.830
0.01 -0.17553 9.87506 1.0747665167 2.4873230109    1.072  1.456  3.6724  2.653    3  0.000  0.439     0.00     0.00     0.00     0.00     0.00 -1 -1.45e-11      0.00 7.042e-01 2.859e-01 1.434e-03 8.300e-04 4.358e-03 -1.000 9.955e-03 1.129 3.351 2.535 1.530 0.923 0.429 -0.296 -0.887 -0.966
0.01 -0.17553 9.87506 1.0750473738 2.4873728032    1.072  1.504  3.6699  2.596    3  0.000  0.439     0.00     0.00     0.00     0.00     0.00 -1 -1.72e-11      0.00 7.042e-01 2.859e-01 1.434e-03 8.303e-04 4.358e-03 -1.000 9.956e-03 1.011 3.281 2.443 1.426 0.813 0.313 -0.421 -1.020 -1.101
0.01 -0.17553 9.87506 1.0753084421 2.4874190604    1.072  1.550  3.6675  2.540    3  0.000  0.439     0.00     0.00     0.00     0.00     0.00 -1 -2.05e-11      0.00 7.042e-01 2.859e-01 1.434e-03 8.306e-04 4.358e-03 -1.000 9.956e-03 0.895 3.216 2.353 1.325 0.705 0.199 -0.544 -1.151 -1.233
0.01 -0.17553 9.87506 1.0755548477 2.4874626958    1.072  1.593  3.6651  2.487    3  0.000  0.439     0.00     0.00     0.00     0.00     0.00 -1  -2.4e-11      0.00 7.041e-01 2.859e-01 1.433e-03 8.308e-04 4.358e-03 -1.000 9.956e-03 0.786 3.160 2.271 1.231 0.603 0.092 -0.660 -1.274 -1.358
0.01 -0.17553 9.87506 1.0758610964 2.4875168968    1.072  1.637  3.6627  2.434    3  0.000  0.438     0.00     0.00     0.00     0.00     0.00 -1 -2.83e-11      0.00 7.041e-01 2.859e-01 1.433e-03 8.311e-04 4.358e-03 -1.000 9.957e-03 0.676 3.113 2.191 1.135 0.500 -0.016 -0.777 -1.399 -1.483
0.01 -0.17553 9.87506 1.0759572983 2.4875339156    1.072  1.648  3.6622  2.421    3  0.000  0.438     0.00     0.00     0.00     0.00     0.00 -1 -2.95e-11      0.00 7.041e-01 2.859e-01 1.433e-03 8.312e-04 4.358e-03 -1.000 9.957e-03 0.651 3.101 2.172 1.113 0.476 -0.041 -0.804 -1.427 -1.512
0.01 -0.17553 9.87506 1.0761523247 2.4875684065    1.072  1.618  3.6642  2.459    3  0.000  0.438     0.00     0.00     0.00     0.00     0.00 -1 -2.67e-11      0.00 7.041e-01 2.859e-01 1.433e-03 8.314e-04 4.358e-03 -1.000 9.957e-03 0.724 3.122 2.221 1.174 0.544 0.031 -0.725 -1.341 -1.425
0.01 -0.17553 9.87506 1.0762902498 2.4875927902    1.072  1.581  3.6667  2.506    3  0.000  0.438     0.00     0.00     0.00     0.00     0.00 -1 -2.33e-11      0.00 7.041e-01 2.859e-01 1.433e-03 8.316e-04 4.358e-03 -1.000 9.957e-03 0.817 3.152 2.283 1.251 0.629 0.122 -0.624 -1.233 -1.316
0.01 -0.17553 9.87506 1.0763132572 2.4875968569    1.072  1.575  3.6671  2.514    3  0.000  0.438     0.00     0.00     0.00     0.00     0.00 -1 -2.27e-11      0.00 7.041e-01 2.859e-01 1.433e-03 8.316e-04 4.358e-03 -1.000 9.957e-03 0.833 3.159 2.295 1.264 0.644 0.138 -0.607 -1.215 -1.297
0.01 -0.17553 9.87506 1.0763458014 2.4876026091    1.072  1.582  3.6667  2.505    3  0.000  0.438     0.00     0.00     0.00     0.00     0.00 -1 -2.32e-11      0.00 7.041e-01 2.859e-01 1.433e-03 8.316e-04 4.358e-03 -1.000 9.958e-03 0.814 3.149 2.280 1.248 0.626 0.119 -0.628 -1.237 -1.319
0.01 -0.17553 9.87506 1.0765414238 2.4876371766    1.072  1.628  3.6641  2.449    3  0.000  0.438     0.00     0.00     0.00     0.00     0.00 -1 -2.72e-11      0.00 7.041e-01 2.859e-01 1.433e-03 8.318e-04 4.358e-03 -1.000 9.958e-03 0.701 3.104 2.199 1.151 0.520 0.007 -0.749 -1.366 -1.450
0.01 -0.17553 9.87506 1.0767371655 2.4876717507    1.072  1.674  3.6614  2.393    3  0.000  0.438     0.00     0.00     0.00     0.00     0.00 -1 -3.22e-11      0.00 7.041e-01 2.859e-01 1.433e-03 8.320e-04 4.358e-03 -1.000 9.958e-03 0.586 3.060 2.118 1.053 0.413 -0.106 -0.872 -1.497 -1.582
0.01 -0.17553 9.87506 1.0769248009 2.4877048795    1.072  1.720  3.6587  2.335    3  0.000  0.438     0.00     0.00     0.00     0.00     0.00 -1 -3.83e-11      0.00 7.041e-01 2.859e-01 1.432e-03 8.322e-04 4.358e-03 -1.000 9.958e-03 0.470 3.019 2.038 0.955 0.306 -0.220 -0.996 -1.630 -1.716
0.01 -0.17553 9.87506 1.0770988464 2.4877355970    1.072  1.766  3.6559  2.277    3  0.000  0.438     0.00     0.00     0.00     0.00     0.00 -1 -4.55e-11      0.00 7.041e-01 2.859e-01 1.432e-03 8.324e-04 4.358e-03 -1.000 9.959e-03 0.354 2.981 1.960 0.859 0.199 -0.333 -1.120 -1.762 -1.851
0.01 -0.17553 9.87506 1.0772548914 2.4877631278    1.072  1.811  3.6531  2.221    3  0.000  0.438     0.00     0.00     0.00     0.00     0.00 -1 -5.39e-11      0.00 7.041e-01 2.859e-01 1.432e-03 8.325e-04 4.358e-03 -1.000 9.959e-03 0.242 2.947 1.885 0.766 0.096 -0.442 -1.241 -1.892 -1.981
0.01 -0.17553 9.87506 1.0774022341 2.4877891149    1.072  1.857  3.6502  2.164    3  0.000  0.438     0.00     0.00     0.00     0.00     0.00 -1  -6.4e-11      0.00 7.041e-01 2.859e-01 1.432e-03 8.327e-04 4.358e-03 -1.000 9.959e-03 0.127 2.914 1.809 0.672 -0.009 -0.554 -1.364 -2.024 -2.115
0.01 -0.17553 9.87506 1.0775351524 2.4878125509    1.072  1.902  3.6474  2.108    3  0.000  0.438     0.00     0.00     0.00     0.00     0.00 -1 -7.57e-11      0.00 7.041e-01 2.859e-01 1.432e-03 8.328e-04 4.358e-03 -1.000 9.959e-03 0.015 2.885 1.737 0.581 -0.110 -0.663 -1.484 -2.152 -2.246
0.01 -0.17553 9.87506 1.0776569843 2.4878340264    1.072  1.946  3.6445  2.052    3  0.000  0.438     0.00     0.00     0.00     0.00     0.00 -1 -8.94e-11      0.00 7.041e-01 2.860e-01 1.432e-03 8.329e-04 4.358e-03 -1.000 9.959e-03 -0.096 2.859 1.668 0.494 -0.209 -0.769 -1.602 -2.280 -2.375
0.01 -0.17553 9.87506 1.0777701139 2.4878539628    1.072  1.991  3.6415  1.996    3  0.000  0.438     0.00     0.00     0.00     0.00     0.00 -1 -1.06e-10      0.00 7.041e-01 2.860e-01 1.432e-03 8.330e-04 4.359e-03 -1.000 9.960e-03 -0.207 2.834 1.599 0.405 -0.308 -0.876 -1.721 -2.408 -2.505
0.01 -0.17553 9.87506 1.0778723955 2.4878719834    1.072  2.034  3.6386  1.940    3  0.000  0.438     0.00     0.00     0.00     0.00     0.00 -1 -1.25e-10      0.00 7.041e-01 2.860e-01 1.432e-03 8.331e-04 4.359e-03 -1.000 9.960e-03 -0.316 2.798 1.537 0.317 -0.405 -0.980 -1.837 -2.529 -2.630
0.01 -0.17553 9.87506 1.0779674053 2.4878887194    1.071  2.078  3.6356  1.884    3  0.000  0.438     0.00     0.00     0.00     0.00     0.00 -1 -1.47e-10      0.00 7.041e-01 2.860e-01 1.432e-03 8.332e-04 4.359e-03 -1.000 9.960e-03 -0.426 2.761 1.474 0.229 -0.501 -1.084 -1.954 -2.649 -2.755
0.01 -0.17553 9.87506 1.0780527592 2.4879037515    1.071  2.121  3.6327  1.829    3  0.000  0.438     0.00     0.00     0.00     0.00     0.00 -1 -1.73e-10      0.00 7.041e-01 2.860e-01 1.432e-03 8.333e-04 4.359e-03 -1.000 9.960e-03 -0.534 2.725 1.412 0.143 -0.594 -1.184 -2.067 -2.767 -2.878
0.01 -0.17553 9.87506 1.0781319141 2.4879176894    1.071  2.164  3.6297  1.774    3  0.000  0.438     0.00     0.00     0.00     0.00     0.00 -1 -2.04e-10      0.00 7.041e-01 2.860e-01 1.432e-03 8.334e-04 4.359e-03 -1.000 9.960e-03 -0.641 2.688 1.351 0.058 -0.687 -1.284 -2.180 -2.885 -3.001
0.01 -0.17553 9.87506 1.0782045126 2.4879304708    1.071  2.207  3.6267  1.719    3  0.000  0.438     0.00     0.00     0.00     0.00     0.00 -1  -2.4e-10      0.00 7.041e-01 2.860e-01 1.431e-03 8.335e-04 4.359e-03 -1.000 9.960e-03 -0.748 2.648 1.290 -0.025 -0.777 -1.383 -2.292 -3.002 -3.123
0.01 -0.17553 9.87506 1.0782709122 2.4879421591    1.070  2.249  3.6237  1.665    3  0.000  0.438     0.00     0.00     0.00     0.00     0.00 -1 -2.81e-10      0.00 7.041e-01 2.860e-01 1.431e-03 8.335e-04 4.359e-03 -1.000 9.960e-03 -0.853 2.611 1.232 -0.106 -0.865 -1.480 -2.403 -3.118 -3.244
0.01 -0.17553 9.87506 1.0783330202 2.4879530905    1.070  2.291  3.6206  1.610    3  0.000  0.438     0.00     0.00     0.00     0.00     0.00 -1 -3.31e-10      0.00 7.041e-01 2.860e-01 1.431e-03 8.336e-04 4.359e-03 -1.000 9.960e-03 -0.959 2.571 1.171 -0.188 -0.954 -1.577 -2.514 -3.234 -3.366
0.01 -0.17553 9.87506 1.0783884525 2.4879628457    1.069  2.332  3.6176  1.557    3  0.000  0.438     0.00     0.00     0.00     0.00     0.00 -1 -3.87e-10      0.00 7.041e-01 2.860e-01 1.431e-03 8.337e-04 4.359e-03 -1.000 9.960e-03 -1.061 2.534 1.114 -0.264 -1.037 -1.669 -2.621 -3.346 -3.484
0.01 -0.17553 9.87506 1.0784407854 2.4879720544    1.069  2.374  3.6145  1.503    3  0.000  0.438     0.00     0.00     0.00     0.00     0.00 -1 -4.53e-10      0.00 7.041e-01 2.860e-01 1.431e-03 8.337e-04 4.359e-03 -1.000 9.961e-03 -1.164 2.497 1.058 -0.341 -1.121 -1.762 -2.729 -3.460 -3.604
0.01 -0.17553 9.87506 1.0784893036 2.4879805909    1.068  2.415  3.6115  1.450    3  0.000  0.438     0.00     0.00     0.00     0.00     0.00 -1  -5.3e-10      0.00 7.041e-01 2.860e-01 1.431e-03 8.338e-04 4.359e-03 -1.000 9.961e-03 -1.268 2.494 1.006 -0.413 -1.205 -1.858 -2.839 -3.578 -3.727
0.01 -0.17553 9.87506 1.0785330534 2.4879882877    1.068  2.455  3.6084  1.397    3  0.000  0.438     0.00     0.00     0.00     0.00     0.00 -1  -6.2e-10      0.00 7.041e-01 2.860e-01 1.431e-03 8.338e-04 4.359e-03 -1.000 9.961e-03 -1.368 2.498 0.960 -0.478 -1.284 -1.951 -2.947 -3.695 -3.848
0.01 -0.17553 9.87506 1.0785740614 2.4879955014    1.067  2.496  3.6053  1.343    3  0.000  0.438     0.00     0.00     0.00     0.00     0.00 -1 -7.24e-10      0.00 7.041e-01 2.860e-01 1.431e-03 8.338e-04 4.359e-03 -1.000 9.961e-03 -1.470 2.502 0.916 -0.543 -1.362 -2.044 -3.055 -3.812 -3.970
0.01 -0.17553 9.87506 1.0786116123 2.4880021065    1.066  2.536  3.6022  1.291    3  0.000  0.438    11.47     8.39     5.88     4.53     3.67  4 -8.44e-10      0.00 7.041e-01 2.860e-01 1.431e-03 8.339e-04 4.359e-03 -1.000 9.961e-03 -1.569 2.505 0.871 -0.607 -1.440 -2.135 -3.161 -3.928 -4.090
0.01 -0.17553 9.87506 1.0786460638 2.4880081659    1.066  2.575  3.5991  1.239    3  0.000  0.438    12.78     9.21     6.43     4.96     4.02  4 -9.83e-10      0.00 7.041e-01 2.860e-01 1.431e-03 8.339e-04 4.359e-03 -1.000 9.961e-03 -1.667 2.513 0.832 -0.666 -1.512 -2.224 -3.266 -4.041 -4.208
0.01 -0.17553 9.87506 1.0786780119 2.4880137847    1.065  2.614  3.5960  1.187    3  0.000  0.438    14.23    10.12     7.03     5.43     4.41  3 -1.14e-09      0.00 7.041e-01 2.860e-01 1.431e-03 8.339e-04 4.359e-03 -1.000 9.961e-03 -1.765 2.516 0.793 -0.721 -1.582 -2.313 -3.370 -4.155 -4.326
0.01 -0.17553 9.87506 1.0787072182 2.4880189209    1.064  2.652  3.5928  1.136    3  0.000  0.438    15.81    11.09     7.68     5.93     4.82  3 -1.33e-09      0.00 7.041e-01 2.860e-01 1.431e-03 8.340e-04 4.359e-03 -1.000 9.961e-03 -1.860 2.521 0.757 -0.775 -1.650 -2.399 -3.472 -4.265 -4.442
0.01 -0.17553 9.87506 1.0787345171 2.4880237213    1.063  2.690  3.5897  1.086    3  0.000  0.438    17.56    12.15     8.38     6.48     5.27  3 -1.54e-09      0.00 7.041e-01 2.860e-01 1.431e-03 8.340e-04 4.359e-03 -1.000 9.961e-03 -1.954 2.529 0.723 -0.826 -1.715 -2.483 -3.573 -4.375 -4.556
0.01 -0.17553 9.87506 1.0787599087 2.4880281862    1.062  2.727  3.5866  1.035    3  0.000  0.438    19.50    13.30     9.14     7.08     5.75  3 -1.78e-09      0.00 7.041e-01 2.860e-01 1.431e-03 8.340e-04 4.359e-03 -1.000 9.961e-03 -2.048 2.533 0.693 -0.871 -1.775 -2.567 -3.673 -4.485 -4.671
0.01 -0.17553 9.87506 1.0787833929 2.4880323154    1.061  2.764  3.5834  0.986    3  0.000  0.438    21.61    14.55     9.95     7.72     6.28  3 -2.05e-09      0.00 7.041e-01 2.860e-01 1.431e-03 8.340e-04 4.359e-03 -1.000 9.961e-03 -2.139 2.542 0.667 -0.912 -1.833 -2.648 -3.772 -4.592 -4.783
0.01 -0.17553 9.87506 1.0788100958 2.4880370103    1.059  2.808  3.5794  0.925    3  0.000  0.438    24.52    16.24    11.05     8.59     6.98  3 -2.44e-09      0.00 7.041e-01 2.860e-01 1.431e-03 8.341e-04 4.359e-03 -1.000 9.961e-03 -2.250 2.560 0.642 -0.956 -1.898 -2.745 -3.892 -4.723 -4.920
0.01 -0.17553 9.87506 1.0788345337 2.4880413067    1.058  2.852  3.5754  0.864    3  0.000  0.438    27.77    18.10    12.26     9.54     7.76  3  -2.9e-09      0.00 7.041e-01 2.860e-01 1.431e-03 8.341e-04 4.359e-03 -1.000 9.961e-03 -2.359 2.570 0.626 -0.986 -1.950 -2.839 -4.011 -4.852 -5.055
0.01 -0.17553 9.87506 1.0788571835 2.4880452886    1.056  2.895  3.5714  0.804    3  0.000  0.438    31.45    20.17    13.59    10.60     8.62  2 -3.45e-09      0.00 7.041e-01 2.860e-01 1.431e-03 8.341e-04 4.359e-03 -1.000 9.961e-03 -2.468 2.583 0.612 -1.014 -2.002 -2.932 -4.129 -4.980 -5.190
0.01 -0.17553 9.87506 1.0788779259 2.4880489350    1.054  2.937  3.5674  0.745    3  0.000  0.438    35.55    22.43    15.05    11.75     9.56  2 -4.08e-09      0.00 7.041e-01 2.860e-01 1.431e-03 8.341e-04 4.359e-03 -1.000 9.961e-03 -2.574 2.591 0.606 -1.028 -2.042 -3.021 -4.246 -5.105 -5.322
0.01 -0.17553 9.87506 1.0788971186 2.4880523088    1.052  2.979  3.5635  0.687    3  0.000  0.438    40.11    24.92    16.63    13.01    10.59  2 -4.83e-09      0.00 7.041e-01 2.860e-01 1.431e-03 8.342e-04 4.359e-03 -1.000 9.961e-03 -2.678 2.598 0.606 -1.033 -2.074 -3.106 -4.361 -5.229 -5.452
0.01 -0.17553 9.87506 1.0789147615 2.4880554101    1.050  3.020  3.5594  0.629    3  0.000  0.438    45.19    27.63    18.36    14.39    11.71  2 -5.69e-09      0.00 7.041e-01 2.860e-01 1.431e-03 8.342e-04 4.359e-03 -1.000 9.961e-03 -2.779 2.606 0.612 -1.032 -2.102 -3.188 -4.473 -5.350 -5.580
0.01 -0.17553 9.87506 1.0789308548 2.4880582388    1.047  3.059  3.5554  0.573    3  0.000  0.438    50.76    30.57    20.22    15.87    12.91  2 -6.67e-09      0.00 7.041e-01 2.860e-01 1.431e-03 8.342e-04 4.359e-03 -1.000 9.961e-03 -2.877 2.613 0.635 -1.006 -2.111 -3.261 -4.582 -5.468 -5.704
0.01 -0.17553 9.87506 1.0789457560 2.4880608579    1.045  3.097  3.5514  0.518    3  0.000  0.438    56.93    33.77    22.24    17.48    14.23  2 -7.81e-09      0.00 7.041e-01 2.860e-01 1.431e-03 8.342e-04 4.359e-03 -1.000 9.961e-03 -2.972 2.620 0.659 -0.979 -2.118 -3.332 -4.689 -5.583 -5.826
0.01 -0.17553 9.87506 1.0789597034 2.4880633094    1.042  3.135  3.5474  0.462    3  0.000  0.438    63.84    37.30    24.45    19.24    15.67  2 -9.14e-09      0.00 7.041e-01 2.860e-01 1.431e-03 8.342e-04 4.359e-03 -1.000 9.961e-03 -3.067 2.627 0.700 -0.930 -2.112 -3.396 -4.797 -5.698 -5.947
0.01 -0.17553 9.87506 1.0789725780 2.4880655722    1.038  3.172  3.5433  0.408    3  0.000  0.438    71.46    41.13    26.84    21.16    17.24  2 -1.07e-08      0.00 7.041e-01 2.860e-01 1.431e-03 8.342e-04 4.359e-03 -1.000 9.961e-03 -3.160 2.635 0.753 -0.865 -2.096 -3.453 -4.902 -5.810 -6.066
0.01 -0.17553 9.87506 1.0789846182 2.4880676883    1.035  3.208  3.5391  0.353    3  0.000  0.438    80.02    45.37    29.47    23.27    18.96  1 -1.24e-08      0.00 7.041e-01 2.860e-01 1.431e-03 8.342e-04 4.359e-03 -1.000 9.961e-03 -3.251 2.644 0.814 -0.790 -2.072 -3.507 -5.007 -5.922 -6.185
0.01 -0.17553 9.87506 1.0789958239 2.4880696576    1.031  3.244  3.5350  0.300    3  0.000  0.438    89.37    49.92    32.29    25.53    20.81  1 -1.45e-08      0.00 7.041e-01 2.860e-01 1.431e-03 8.343e-04 4.359e-03 -1.000 9.961e-03 -3.340 2.651 0.890 -0.694 -2.035 -3.547 -5.110 -6.029 -6.301
0.01 -0.17553 9.87506 1.0790063143 2.4880715012    1.027  3.278  3.5310  0.247    3  0.000  0.438    99.57    54.82    35.30    27.96    22.79  1 -1.67e-08      0.00 7.041e-01 2.860e-01 1.431e-03 8.343e-04 4.359e-03 -1.000 9.961e-03 -3.426 2.659 0.966 -0.599 -1.998 -3.585 -5.210 -6.135 -6.413
0.01 -0.17553 9.87506 1.0790162086 2.4880732401    1.023  3.312  3.5270  0.195    3  0.000  0.438   110.86    60.15    38.57    30.60    24.94  1 -1.93e-08      0.00 7.041e-01 2.860e-01 1.431e-03 8.343e-04 4.359e-03 -1.000 9.961e-03 -3.511 2.665 1.064 -0.475 -1.945 -3.605 -5.308 -6.238 -6.524
0.01 -0.17553 9.87506 1.0790252686 2.4880748322    1.018  3.345  3.5230  0.145    3  0.000  0.438   123.01    65.80    42.02    33.38    27.22  1 -2.22e-08      0.00 7.041e-01 2.860e-01 1.431e-03 8.343e-04 4.359e-03 -1.000 9.961e-03 -3.592 2.674 1.172 -0.340 -1.885 -3.615 -5.403 -6.336 -6.631
0.01 -0.17553 9.87506 1.0790342093 2.4880764034    1.013  3.377  3.5191  0.095    3  0.000  0.438   136.39    71.93    45.74    36.40    29.68  1 -2.55e-08      0.00 7.041e-01 2.860e-01 1.431e-03 8.343e-04 4.359e-03 -1.000 9.961e-03 -3.672 2.684 1.289 -0.191 -1.816 -3.616 -5.496 -6.434 -6.736
0.01 -0.17553 9.87506 1.0790392160 2.4880772833    1.009  3.393  3.5171  0.069    3  0.000  0.438   143.76    75.26    47.76    38.03    31.02  1 -2.75e-08      0.00 7.041e-01 2.860e-01 1.431e-03 8.343e-04 4.359e-03 -1.000 9.961e-03 -3.712 2.687 1.358 -0.101 -1.773 -3.606 -5.543 -6.482 -6.789
0.01 -0.17553 9.87506 1.0790392160 2.4880772833    1.009  1.718  3.6786  2.390    4  0.000  0.458     0.00     0.00     0.00     0.00     0.00 -1    -1e-30      0.00 7.058e-01 2.842e-01 1.493e-03 7.558e-04 4.350e-03 -1.000 9.928e-03 0.474 2.580 1.823 0.832 0.251 -0.231 -0.934 -1.502 -1.577
0.01 -0.17553 9.87506 1.0791578293 2.4880981244    1.010  1.728  3.6779  2.378    4  0.000  0.458     0.00     0.00     0.00     0.00     0.00 -1    -1e-30      0.00 7.058e-01 2.842e-01 1.493e-03 7.559e-04 4.351e-03 -1.000 9.928e-03 0.451 2.574 1.808 0.812 0.229 -0.254 -0.959 -1.530 -1.605
0.01 -0.17553 9.87506 1.0792773962 2.4881191279    1.010  1.732  3.6777  2.373    4  0.000  0.458     0.00     0.00     0.00     0.00     0.00 -1    -1e-30      0.00 7.058e-01 2.842e-01 1.493e-03 7.561e-04 4.351e-03 -1.000 9.929e-03 0.440 2.569 1.800 0.803 0.219 -0.265 -0.970 -1.541 -1.617
0.01 -0.17553 9.87506 1.0793970823 2.4881401469    1.010  1.732  3.6779  2.374    4  0.000  0.457     0.00     0.00     0.00     0.00     0.00 -1    -1e-30      0.00 7.058e-01 2.843e-01 1.493e-03 7.563e-04 4.351e-03 -1.000 9.929e-03 0.439 2.564 1.797 0.801 0.217 -0.266 -0.971 -1.542 -1.617
0.01 -0.17553 9.87506 1.0795228481 2.4881622278    1.010  1.731  3.6783  2.376    4  0.000  0.457     0.00     0.00     0.00     0.00     0.00 -1    -1e-30      0.00 7.058e-01 2.843e-01 1.493e-03 7.564e-04 4.351e-03 -1.000 9.929e-03 0.442 2.558 1.796 0.802 0.219 -0.263 -0.967 -1.536 -1.611
0.01 -0.17553 9.87506 1.0796452761 2.4881837170    1.010  1.729  3.6787  2.380    4  0.000  0.457     0.00     0.00     0.00     0.00     0.00 -1    -1e-30      0.00 7.058e-01 2.843e-01 1.492e-03 7.566e-04 4.351e-03 -1.000 9.929e-03 0.447 2.553 1.796 0.804 0.223 -0.258 -0.960 -1.528 -1.603
0.01 -0.17553 9.87506 1.0797662735 2.4882049496    1.010  1.727  3.6792  2.384    4  0.000  0.457     0.00     0.00     0.00     0.00     0.00 -1    -1e-30      0.00 7.058e-01 2.843e-01 1.492e-03 7.567e-04 4.351e-03 -1.000 9.930e-03 0.453 2.548 1.796 0.807 0.227 -0.253 -0.954 -1.520 -1.595
0.01 -0.17553 9.87506 1.0798883438 2.4882263649    1.010  1.725  3.6797  2.388    4  0.000  0.457     0.00     0.00     0.00     0.00     0.00 -1    -1e-30      0.00 7.058e-01 2.843e-01 1.492e-03 7.569e-04 4.351e-03 -1.000 9.930e-03 0.458 2.543 1.797 0.809 0.232 -0.248 -0.947 -1.512 -1.586
0.01 -0.17553 9.87506 1.0800112486 2.4882479210    1.011  1.723  3.6801  2.392    4  0.000  0.457     0.00     0.00     0.00     0.00     0.00 -1    -1e-30      0.00 7.058e-01 2.843e-01 1.492e-03 7.571e-04 4.351e-03 -1.000 9.930e-03 0.463 2.538 1.797 0.812 0.236 -0.243 -0.940 -1.504 -1.578
0.01 -0.17553 9.87506 1.0801333189 2.4882693252    1.011  1.721  3.6805  2.396    4  0.000  0.457     0.00     0.00     0.00     0.00     0.00 -1    -1e-30      0.00 7.058e-01 2.843e-01 1.492e-03 7.572e-04 4.351e-03 -1.000 9.930e-03 0.468 2.534 1.797 0.814 0.239 -0.238 -0.934 -1.496 -1.570
0.01 -0.17553 9.87506 1.0802510977 2.4882899716    1.011  1.719  3.6809  2.399    4  0.000  0.457     0.00     0.00     0.00     0.00     0.00 -1    -1e-30      0.00 7.058e-01 2.843e-01 1.492e-03 7.574e-04 4.351e-03 -1.000 9.931e-03 0.471 2.530 1.797 0.816 0.242 -0.235 -0.929 -1.491 -1.564
0.01 -0.17553 9.87506 1.0803710222 2.4883109888    1.011  1.718  3.6812  2.401    4  0.000  0.457     0.00     0.00     0.00     0.00     0.00 -1    -1e-30      0.00 7.057e-01 2.843e-01 1.492e-03 7.576e-04 4.351e-03 -1.000 9.931e-03 0.474 2.525 1.797 0.817 0.244 -0.232 -0.925 -1.485 -1.559
0.01 -0.17553 9.87506 1.0804957151 2.4883328361    1.011  1.717  3.6816  2.404    4  0.000  0.457     0.00     0.00     0.00     0.00     0.00 -1    -1e-30      0.00 7.057e-01 2.843e-01 1.492e-03 7.577e-04 4.351e-03 -1.000 9.931e-03 0.477 2.521 1.796 0.818 0.246 -0.230 -0.921 -1.481 -1.554
0.01 -0.17553 9.87506 1.0806254148 2.4883555544    1.011  1.716  3.6819  2.406    4  0.000  0.457     0.00     0.00     0.00     0.00     0.00 -1    -1e-30      0.00 7.057e-01 2.843e-01 1.492e-03 7.579e-04 4.351e-03 -1.000 9.931e-03 0.479 2.516 1.795 0.819 0.248 -0.227 -0.918 -1.476 -1.549
0.01 -0.17553 9.87506 1.0807185173 2.4883718584    1.011  1.716  3.6822  2.408    4  0.000  0.457     0.00     0.00     0.00     0.00     0.00 -1    -1e-30      0.00 7.057e-01 2.844e-01 1.492e-03 7.580e-04 4.351e-03 -1.000 9.932e-03 0.481 2.513 1.794 0.819 0.248 -0.226 -0.916 -1.474 -1.547
0.01 -0.17553 9.87506 1.0807472467 2.4883768888    1.011  1.716  3.6822  2.408    4  0.000  0.457     0.00     0.00     0.00     0.00     0.00 -1    -1e-30      0.00 7.057e-01 2.844e-01 1.492e-03 7.581e-04 4.351e-03 -1.000 9.932e-03 0.481 2.512 1.794 0.819 0.249 -0.226 -0.915 -1.473 -1.546
0.01 -0.17553 9.87506 1.0808700323 2.4883983847    1.012  1.715  3.6824  2.410    4  0.000  0.457     0.00     0.00     0.00     0.00     0.00 -1    -1e-30      0.00 7.057e-01 2.844e-01 1.491e-03 7.582e-04 4.352e-03 -1.000 9.932e-03 0.482 2.508 1.792 0.819 0.249 -0.225 -0.913 -1.470 -1.543
0.01 -0.17553 9.87506 1.0809875727 2.4884189570    1.012  1.715  3.6826  2.411    4  0.000  0.457     0.00     0.00     0.00     0.00     0.00 -1    -1e-30      0.00 7.057e-01 2.844e-01 1.491e-03 7.584e-04 4.352e-03 -1.000 9.932e-03 0.483 2.505 1.791 0.818 0.249 -0.224 -0.912 -1.468 -1.541
0.01 -0.17553 9.87506 1.0811045170 2.4884394199    1.012  1.715  3.6828  2.411    4  0.000  0.457     0.00     0.00     0.00     0.00     0.00 -1    -1e-30      0.00 7.057e-01 2.844e-01 1.491e-03 7.585e-04 4.352e-03 -1.000 9.932e-03 0.483 2.502 1.790 0.818 0.249 -0.224 -0.912 -1.467 -1.540
0.01 -0.17553 9.87506 1.0812275410 2.4884609411    1.012  1.715  3.6829  2.412    4  0.000  0.457     0.00     0.00     0.00     0.00     0.00 -1    -1e-30      0.00 7.057e-01 2.844e-01 1.491e-03 7.587e-04 4.352e-03 -1.000 9.933e-03 0.482 2.498 1.788 0.816 0.248 -0.225 -0.912 -1.467 -1.540
0.01 -0.17553 9.87506 1.0813440084 2.4884813102    1.012  1.716  3.6830  2.412    4  0.000  0.457     0.00     0.00     0.00     0.00     0.00 -1    -1e-30      0.00 7.057e-01 2.844e-01 1.491e-03 7.589e-04 4.352e-03 -1.000 9.933e-03 0.481 2.496 1.786 0.814 0.246 -0.226 -0.913 -1.468 -1.541
0.01 -0.17553 9.87506 1.0814701319 2.4885033623    1.012  1.717  3.6830  2.411    4  0.000  0.457     0.00     0.00     0.00     0.00     0.00 -1    -1e-30      0.00 7.057e-01 2.844e-01 1.491e-03 7.590e-04 4.352e-03 -1.000 9.933e-03 0.478 2.493 1.783 0.812 0.244 -0.229 -0.916 -1.470 -1.543
0.01 -0.17553 9.87506 1.0815904140 2.4885243876    1.012  1.718  3.6830  2.409    4  0.000  0.457     0.00     0.00     0.00     0.00     0.00 -1    -1e-30      0.00 7.057e-01 2.844e-01 1.491e-03 7.592e-04 4.352e-03 -1.000 9.933e-03 0.475 2.491 1.780 0.809 0.241 -0.232 -0.919 -1.474 -1.547
0.01 -0.17553 9.87506 1.0815980434 2.4885257210    1.013  1.718  3.6830  2.409    4  0.000  0.457     0.00     0.00     0.00     0.00     0.00 -1    -1e-30      0.00 7.056e-01 2.844e-01 1.491e-03 7.592e-04 4.352e-03 -1.000 9.933e-03 0.475 2.490 1.780 0.808 0.241 -0.232 -0.919 -1.474 -1.547
0.01 -0.17553 9.87506 1.0816903114 2.4885418456    1.013  1.720  3.6829  2.408    4  0.000  0.457     0.00     0.00     0.00     0.00     0.00 -1    -1e-30      0.00 7.056e-01 2.844e-01 1.491e-03 7.593e-04 4.352e-03 -1.000 9.934e-03 0.471 2.489 1.777 0.805 0.237 -0.236 -0.923 -1.478 -1.551
0.01 -0.17553 9.87506 1.0818032026 2.4885615698    1.013  1.722  3.6828  2.405    4  0.000  0.457     0.00     0.00     0.00     0.00     0.00 -1    -1e-30      0.00 7.056e-01 2.844e-01 1.491e-03 7.595e-04 4.352e-03 -1.000 9.934e-03 0.466 2.487 1.774 0.801 0.232 -0.241 -0.929 -1.484 -1.557
0.01 -0.17553 9.87506 1.0819178820 2.4885816017    1.013  1.724  3.6826  2.402    4  0.000  0.457     0.00     0.00     0.00     0.00     0.00 -1    -1e-30      0.00 7.056e-01 2.844e-01 1.491e-03 7.596e-04 4.352e-03 -1.000 9.934e-03 0.460 2.485 1.769 0.796 0.226 -0.247 -0.936 -1.492 -1.565
0.01 -0.17553 9.87506 1.0820368528 2.4886023780    1.013  1.728  3.6823  2.397    4  0.000  0.457     0.00     0.00     0.00     0.00     0.00 -1    -1e-30      0.00 7.056e-01 2.844e-01 1.491e-03 7.598e-04 4.352e-03 -1.000 9.934e-03 0.451 2.483 1.764 0.788 0.218 -0.256 -0.945 -1.502 -1.575
0.01 -0.17553 9.87506 1.0821495056 2.4886220461    1.013  1.731  3.6819  2.392    4  0.000  0.457     0.00     0.00     0.00     0.00     0.00 -1    -1e-30      0.00 7.056e-01 2.845e-01 1.490e-03 7.600e-04 4.352e-03 -1.000 9.935e-03 0.441 2.482 1.758 0.781 0.210 -0.265 -0.956 -1.514 -1.588
0.01 -0.17553 9.87506 1.0822653770 2.4886422713    1.013  1.736  3.6814  2.385    4  0.000  0.457     0.00     0.00     0.00     0.00     0.00 -1    -1e-30      0.00 7.056e-01 2.845e-01 1.490e-03 7.601e-04 4.352e-03 -1.000 9.935e-03 0.430 2.481 1.752 0.771 0.199 -0.277 -0.970 -1.529 -1.603
0.01 -0.17553 9.87506 1.0823808908 2.4886624290    1.013  1.741  3.6809  2.378    4  0.000  0.457     0.00     0.00     0.00     0.00     0.00 -1    -1e-30      0.00 7.056e-01 2.845e-01 1.490e-03 7.603e-04 4.352e-03 -1.000 9.935e-03 0.416 2.479 1.744 0.761 0.187 -0.290 -0.985 -1.546 -1.619
0.01 -0.17553 9.87506 1.0824936628 2.4886821036    1.014  1.747  3.6803  2.370    4  0.000  0.457     0.00     0.00     0.00     0.00     0.00 -1    -1e-30      0.00 7.056e-01 2.845e-01 1.490e-03 7.604e-04 4.353e-03 -1.000 9.935e-03 0.402 2.477 1.735 0.749 0.173 -0.305 -1.002 -1.564 -1.638
0.01 -0.17553 9.87506 1.0826154947 2.4887033535    1.014  1.756  3.6795  2.358    4  0.000  0.456     0.00     0.00     0.00     0.00     0.00 -1    -1e-30      0.00 7.056e-01 2.845e-01 1.490e-03 7.606e-04 4.353e-03 -1.000 9.936e-03 0.381 2.474 1.723 0.732 0.154 -0.326 -1.025 -1.590 -1.664
0.01 -0.17553 9.87506 1.0827311277 2.4887235170    1.014  1.765  3.6786  2.345    4  0.000  0.456     0.00     0.00     0.00     0.00     0.00 -1    -1e-30      0.00 7.056e-01 2.845e-01 1.490e-03 7.607e-04 4.353e-03 -1.000 9.936e-03 0.357 2.472 1.709 0.714 0.133 -0.349 -1.052 -1.619 -1.694
0.01 -0.17553 9.87506 1.0827919245 2.4887341165    1.014  1.756  3.6799  2.360    4  0.000  0.456     0.00     0.00     0.00     0.00     0.00 -1    -1e-30      0.00 7.056e-01 2.845e-01 1.490e-03 7.608e-04 4.353e-03 -1.000 9.936e-03 0.381 2.466 1.719 0.730 0.153 -0.326 -1.023 -1.587 -1.661
0.01 -0.17553 9.87506 1.0829052925 2.4887538778    1.014  1.761  3.6792  2.352    4  0.000  0.456     0.00     0.00     0.00     0.00     0.00 -1    -1e-30      0.00 7.056e-01 2.845e-01 1.490e-03 7.610e-04 4.353e-03 -1.000 9.936e-03 0.368 2.470 1.714 0.722 0.142 -0.338 -1.039 -1.605 -1.679
0.01 -0.17553 9.87506 1.0830177069 2.4887734681    1.014  1.778  3.6774  2.328    4  0.000  0.456     0.00     0.00     0.00     0.00     0.00 -1    -1e-30      0.00 7.055e-01 2.845e-01 1.490e-03 7.611e-04 4.353e-03 -1.000 9.936e-03 0.324 2.468 1.690 0.688 0.103 -0.381 -1.088 -1.659 -1.735
0.01 -0.17553 9.87506 1.0831313133 2.4887932614    1.014  1.810  3.6743  2.283    4  0.000  0.456     0.00     0.00     0.00     0.00     0.00 -1    -1e-30      0.00 7.055e-01 2.845e-01 1.490e-03 7.613e-04 4.353e-03 -1.000 9.937e-03 0.244 2.463 1.646 0.626 0.031 -0.460 -1.179 -1.759 -1.836
0.01 -0.17553 9.87506 1.0831940174 2.4888041841    1.014  1.849  3.6705  2.230    4  0.000  0.456     0.00     0.00     0.00     0.00     0.00 -1    -1e-30      0.00 7.055e-01 2.845e-01 1.490e-03 7.614e-04 4.353e-03 -1.000 9.937e-03 0.148 2.456 1.592 0.551 -0.056 -0.554 -1.287 -1.878 -1.957
0.01 -0.17553 9.87506 1.0832284689 2.4888101847    1.014  1.892  3.6665  2.170    4  0.000  0.456     0.00     0.00     0.00     0.00     0.00 -1    -1e-30      0.00 7.055e-01 2.845e-01 1.490e-03 7.614e-04 4.353e-03 -1.000 9.937e-03 0.041 2.450 1.533 0.469 -0.152 -0.659 -1.407 -2.011 -2.092
0.01 -0.17553 9.87506 1.0832449198 2.4888130499    1.014  1.932  3.6627  2.115    4  0.000  0.456     0.00     0.00     0.00     0.00     0.00 -1    -1e-30      0.00 7.055e-01 2.845e-01 1.490e-03 7.614e-04 4.353e-03 -1.000 9.937e-03 -0.061 2.445 1.478 0.392 -0.242 -0.757 -1.519 -2.135 -2.218
0.01 -0.17553 9.87506 1.0832531452 2.4888144825    1.014  1.970  3.6592  2.063    4  0.000  0.456     0.00     0.00     0.00     0.00     0.00 -1    -1e-30      0.00 7.055e-01 2.845e-01 1.490e-03 7.614e-04 4.353e-03 -1.000 9.937e-03 -0.156 2.440 1.426 0.320 -0.326 -0.849 -1.625 -2.251 -2.336
0.01 -0.17553 9.87506 1.0832577944 2.4888152922    1.014  2.007  3.6558  2.012    4  0.000  0.456     0.00     0.00     0.00     0.00     0.00 -1    -1e-30      0.00 7.055e-01 2.845e-01 1.490e-03 7.614e-04 4.353e-03 -1.000 9.937e-03 -0.248 2.439 1.378 0.251 -0.406 -0.938 -1.727 -2.364 -2.451
0.01 -0.17553 9.87506 1.0832606554 2.4888157905    1.014  2.043  3.6526  1.964    4  0.000  0.456     0.00     0.00     0.00     0.00     0.00 -1    -1e-30      0.00 7.055e-01 2.845e-01 1.490e-03 7.614e-04 4.353e-03 -1.000 9.937e-03 -0.337 2.431 1.334 0.183 -0.485 -1.023 -1.825 -2.469 -2.559
0.01 -0.17553 9.87506 1.0832625628 2.4888161227    1.014  2.076  3.6496  1.919    7  0.000  0.456     0.00     0.00     0.00     0.00     0.00 -1 -1.16e-17      0.00 7.055e-01 2.837e-01 1.490e-03 7.614e-04 4.353e-03 -1.000 1.076e-02 -0.420 2.420 1.294 0.120 -0.557 -1.102 -1.915 -2.565 -2.659
0.01 -0.17553 9.87506 1.0832635164 2.4888162887    1.014  2.095  3.6480  1.894    7  0.000  0.456     0.00     0.00     0.00     0.00     0.00 -1 -1.23e-17      0.00 7.055e-01 2.837e-01 1.490e-03 7.614e-04 4.353e-03 -1.000 1.076e-02 -0.467 2.413 1.271 0.085 -0.597 -1.146 -1.966 -2.618 -2.714
0.01 -0.17553 9.87506 1.0832655430 2.4888166417    1.014  2.127  3.6453  1.850    7  0.000  0.456     0.00     0.00     0.00     0.00     0.00 -1 -1.35e-17      0.00 7.055e-01 2.837e-01 1.490e-03 7.615e-04 4.353e-03 -1.000 1.076e-02 -0.547 2.400 1.231 0.024 -0.667 -1.221 -2.053 -2.711 -2.810
0.01 -0.17553 9.87506 1.0832675695 2.4888169946    1.014  2.140  3.6441  1.833    7  0.000  0.456     0.00     0.00     0.00     0.00     0.00 -1 -1.37e-17      0.00 7.055e-01 2.837e-01 1.490e-03 7.615e-04 4.353e-03 -1.000 1.076e-02 -0.580 2.395 1.215 -0.001 -0.695 -1.252 -2.088 -2.748 -2.849
0.01 -0.17553 9.87506 1.0832729340 2.4888179289    1.014  2.143  3.6438  1.828    7  0.000  0.456     0.00     0.00     0.00     0.00     0.00 -1 -1.34e-17      0.00 7.055e-01 2.837e-01 1.490e-03 7.615e-04 4.353e-03 -1.000 1.076e-02 -0.589 2.393 1.210 -0.008 -0.703 -1.260 -2.098 -2.758 -2.860
0.01 -0.17553 9.87506 1.0832788944 2.4888189669    1.014  2.126  3.6454  1.852    7  0.000  0.456     0.00     0.00     0.00     0.00     0.00 -1 -2.04e-17      0.00 7.055e-01 2.837e-01 1.490e-03 7.615e-04 4.353e-03 -1.000 1.077e-02 -0.544 2.400 1.232 0.026 -0.664 -1.218 -2.049 -2.707 -2.807
0.01 -0.17553 9.87506 1.0833334923 2.4888284746    1.014  2.126  3.6454  1.852    7  0.000  0.456     0.00     0.00     0.00     0.00     0.00 -1 -7.12e-14      0.00 7.055e-01 2.835e-01 1.489e-03 7.615e-04 4.353e-03 -1.000 1.096e-02 -0.544 2.400 1.232 0.026 -0.665 -1.219 -2.050 -2.707 -2.807
0.01 -0.17553 9.87506 1.0833923817 2.4888387285    1.013  2.154  3.6429  1.814    7  0.000  0.456     0.00     0.00     0.00     0.00     0.00 -1 -7.39e-10      0.00 7.055e-01 2.833e-01 1.489e-03 7.616e-04 4.353e-03 -1.000 1.117e-02 -0.614 2.389 1.198 -0.027 -0.724 -1.284 -2.125 -2.787 -2.890
0.01 -0.17553 9.87506 1.0834298134 2.4888452454    1.012  2.187  3.6399  1.768    7  0.000  0.456     0.00     0.00     0.00     0.00     0.00 -1 -8.86e-10      0.00 7.055e-01 2.833e-01 1.489e-03 7.617e-04 4.353e-03 -1.000 1.117e-02 -0.699 2.375 1.157 -0.091 -0.796 -1.362 -2.217 -2.885 -2.992
0.01 -0.17553 9.87506 1.0834662914 2.4888515959    1.012  2.231  3.6360  1.708    7  0.000  0.456     0.00     0.00     0.00     0.00     0.00 -1 -1.11e-09      0.00 7.055e-01 2.833e-01 1.489e-03 7.617e-04 4.353e-03 -1.000 1.117e-02 -0.807 2.359 1.106 -0.170 -0.887 -1.462 -2.333 -3.009 -3.122
0.01 -0.17553 9.87506 1.0835014582 2.4888577175    1.011  2.280  3.6318  1.642    7  0.000  0.456     0.00     0.00     0.00     0.00     0.00 -1 -1.43e-09      0.00 7.055e-01 2.833e-01 1.489e-03 7.618e-04 4.353e-03 -1.000 1.117e-02 -0.929 2.336 1.046 -0.261 -0.988 -1.574 -2.464 -3.147 -3.267
0.01 -0.17553 9.87506 1.0835319757 2.4888630295    1.009  2.323  3.6281  1.584    7  0.000  0.456     0.00     0.00     0.00     0.00     0.00 -1  -1.8e-09      0.00 7.055e-01 2.833e-01 1.489e-03 7.618e-04 4.353e-03 -1.000 1.117e-02 -1.036 2.313 0.993 -0.339 -1.075 -1.671 -2.578 -3.268 -3.395
0.01 -0.17553 9.87506 1.0835592747 2.4888677810    1.008  2.365  3.6245  1.527    7  0.000  0.456     0.00     0.00     0.00     0.00     0.00 -1 -2.23e-09      0.00 7.055e-01 2.833e-01 1.489e-03 7.618e-04 4.353e-03 -1.000 1.117e-02 -1.142 2.288 0.941 -0.415 -1.160 -1.766 -2.690 -3.387 -3.520
0.01 -0.17553 9.87506 1.0835837126 2.4888720342    1.007  2.407  3.6208  1.470    7  0.000  0.456     0.00     0.00     0.00     0.00     0.00 -1 -2.75e-09      0.00 7.055e-01 2.833e-01 1.489e-03 7.619e-04 4.353e-03 -1.000 1.117e-02 -1.246 2.284 0.892 -0.488 -1.245 -1.862 -2.802 -3.508 -3.647
0.01 -0.17553 9.87506 1.0836052895 2.4888757894    1.005  2.448  3.6172  1.413    7  0.000  0.456     0.00     0.00     0.00     0.00     0.00 -1 -3.39e-09      0.00 7.055e-01 2.833e-01 1.489e-03 7.619e-04 4.353e-03 -1.000 1.117e-02 -1.349 2.298 0.849 -0.554 -1.325 -1.956 -2.913 -3.629 -3.773
0.01 -0.17553 9.87506 1.0836246014 2.4888791502    1.003  2.489  3.6137  1.357    7  0.000  0.456     0.00     0.00     0.00     0.00     0.00 -1 -4.17e-09      0.00 7.055e-01 2.833e-01 1.489e-03 7.619e-04 4.353e-03 -1.000 1.117e-02 -1.452 2.314 0.807 -0.618 -1.405 -2.049 -3.023 -3.750 -3.899
0.01 -0.17553 9.87506 1.0836421251 2.4888821997    1.001  2.529  3.6101  1.301    7  0.000  0.456    10.99     8.10     5.68     4.38     3.55  3 -5.12e-09      0.00 7.055e-01 2.833e-01 1.489e-03 7.620e-04 4.353e-03 -1.000 1.117e-02 -1.554 2.331 0.766 -0.682 -1.484 -2.143 -3.133 -3.871 -4.024
0.01 -0.17553 9.87506 1.0836583376 2.4888850209    0.999  2.570  3.6052  1.240    7  0.000  0.456    12.48     9.04     6.31     4.87     3.95  3  -6.3e-09      0.00 7.055e-01 2.833e-01 1.488e-03 7.623e-04 4.353e-03 -1.000 1.117e-02 -1.656 2.382 0.750 -0.726 -1.549 -2.231 -3.244 -3.998 -4.158
0.01 -0.17553 9.87506 1.0836737156 2.4888876968    0.997  2.611  3.5996  1.176    7  0.000  0.455    14.27    10.16     7.05     5.45     4.43  3 -7.78e-09      0.00 7.055e-01 2.834e-01 1.487e-03 7.635e-04 4.353e-03 -1.000 1.113e-02 -1.759 2.450 0.743 -0.764 -1.610 -2.318 -3.358 -4.129 -4.297
0.01 -0.17553 9.87506 1.0836879015 2.4888901651    0.994  2.652  3.5948  1.114    7  0.000  0.454    16.19    11.33     7.83     6.07     4.92  3 -9.54e-09      0.00 7.055e-01 2.834e-01 1.483e-03 7.663e-04 4.353e-03 -1.000 1.111e-02 -1.860 2.493 0.730 -0.800 -1.668 -2.405 -3.469 -4.255 -4.429
0.01 -0.17553 9.87506 1.0837018490 2.4888925920    0.990  2.693  3.5910  1.056    7  0.000  0.453    18.26    12.58     8.65     6.71     5.45  3 -1.17e-08      0.00 7.055e-01 2.834e-01 1.479e-03 7.716e-04 4.353e-03 -1.000 1.111e-02 -1.963 2.513 0.699 -0.852 -1.737 -2.497 -3.581 -4.378 -4.558
0.01 -0.17553 9.87506 1.0837152004 2.4888949150    0.986  2.735  3.5871  0.998    7  0.000  0.451    20.62    13.97     9.56     7.43     6.04  3 -1.43e-08      0.00 7.055e-01 2.834e-01 1.473e-03 7.785e-04 4.353e-03 -1.000 1.111e-02 -2.067 2.531 0.674 -0.897 -1.801 -2.587 -3.692 -4.500 -4.686
0.01 -0.17553 9.87506 1.0837275982 2.4888970721    0.981  2.774  3.5831  0.940    7  0.000  0.449    23.22    15.49    10.55     8.21     6.67  3 -1.76e-08      0.00 7.055e-01 2.834e-01 1.467e-03 7.851e-04 4.353e-03 -1.000 1.111e-02 -2.166 2.558 0.657 -0.933 -1.857 -2.674 -3.800 -4.619 -4.811
0.01 -0.17553 9.87506 1.0837392807 2.4888991047    0.976  2.815  3.5790  0.880    7  0.000  0.448    26.25    17.22    11.67     9.11     7.40  2 -2.16e-08      0.00 7.055e-01 2.834e-01 1.463e-03 7.909e-04 4.353e-03 -1.000 1.111e-02 -2.267 2.586 0.645 -0.964 -1.909 -2.761 -3.911 -4.741 -4.940
0.01 -0.17553 9.87506 1.0837483406 2.4889006809    0.971  2.854  3.5749  0.823    7  0.000  0.447    29.56    19.08    12.87    10.06     8.17  2 -2.63e-08      0.00 7.055e-01 2.834e-01 1.459e-03 7.956e-04 4.353e-03 -1.000 1.111e-02 -2.365 2.608 0.642 -0.980 -1.949 -2.843 -4.019 -4.859 -5.064
0.01 -0.17553 9.87506 1.0837541819 2.4889016971    0.967  2.890  3.5712  0.770    7  0.000  0.446    33.00    20.99    14.09    11.03     8.97  2 -3.12e-08      0.00 7.055e-01 2.834e-01 1.455e-03 7.996e-04 4.353e-03 -1.000 1.109e-02 -2.456 2.628 0.639 -0.995 -1.986 -2.919 -4.119 -4.968 -5.180
0.01 -0.17553 9.87506 1.0837590694 2.4889025475    0.963  2.928  3.5671  0.714    7  0.000  0.445    37.05    23.19    15.50    12.15     9.88  2 -3.72e-08      0.00 7.055e-01 2.834e-01 1.452e-03 8.036e-04 4.353e-03 -1.000 1.107e-02 -2.550 2.645 0.645 -0.996 -2.014 -2.997 -4.224 -5.083 -5.301
0.01 -0.17553 9.87506 1.0837634802 2.4889033148    0.959  2.968  3.5627  0.654    7  0.000  0.444    41.93    25.80    17.16    13.48    10.96  2 -4.51e-08      0.00 7.055e-01 2.834e-01 1.449e-03 8.070e-04 4.353e-03 -1.000 1.107e-02 -2.650 2.665 0.661 -0.985 -2.033 -3.075 -4.336 -5.205 -5.430
0.01 -0.17553 9.87506 1.0837675333 2.4889040199    0.954  3.008  3.5580  0.594    7  0.000  0.443    47.52    28.74    19.02    14.97    12.17  2 -5.49e-08      0.00 7.055e-01 2.834e-01 1.447e-03 8.098e-04 4.353e-03 -1.000 1.107e-02 -2.749 2.686 0.690 -0.958 -2.041 -3.149 -4.448 -5.327 -5.559
0.01 -0.17553 9.87506 1.0837709904 2.4889046214    0.949  3.044  3.5537  0.538    7  0.000  0.443    53.30    31.73    20.90    16.47    13.40  2 -6.55e-08      0.00 7.055e-01 2.834e-01 1.445e-03 8.117e-04 4.353e-03 -1.000 1.107e-02 -2.839 2.703 0.727 -0.916 -2.036 -3.213 -4.549 -5.438 -5.677
0.01 -0.17553 9.87506 1.0837749243 2.4889053057    0.942  3.086  3.5485  0.471    7  0.000  0.442    61.23    35.75    23.42    18.49    15.05  1 -8.04e-08      0.00 7.055e-01 2.834e-01 1.444e-03 8.134e-04 4.353e-03 -1.000 1.107e-02 -2.946 2.726 0.785 -0.850 -2.020 -3.284 -4.672 -5.571 -5.819
0.01 -0.17553 9.87506 1.0837787390 2.4889059694    0.933  3.126  3.5432  0.407    7  0.000  0.442    69.99    40.09    26.13    20.67    16.82  1 -9.79e-08      0.00 7.055e-01 2.834e-01 1.443e-03 8.141e-04 4.353e-03 -1.000 1.107e-02 -3.045 2.752 0.870 -0.748 -1.979 -3.338 -4.788 -5.696 -5.953
0.01 -0.17553 9.87506 1.0837830305 2.4889067160    0.922  3.165  3.5378  0.341    7  0.000  0.442    80.06    44.98    29.15    23.12    18.82  1  -1.2e-07      0.00 7.055e-01 2.834e-01 1.443e-03 8.142e-04 4.353e-03 -1.000 1.107e-02 -3.142 2.781 0.975 -0.621 -1.921 -3.381 -4.902 -5.818 -6.084
0.01 -0.17553 9.87506 1.0837870836 2.4889074210    0.909  3.187  3.5344  0.300    7  0.000  0.442    87.17    48.34    31.22    24.79    20.18  1 -1.37e-07      0.00 7.055e-01 2.834e-01 1.443e-03 8.142e-04 4.353e-03 -1.000 1.107e-02 -3.197 2.804 1.056 -0.523 -1.873 -3.395 -4.968 -5.889 -6.161
0.01 -0.17553 9.87506 1.0837879181 2.4889075662    0.906  3.199  3.5326  0.279    7  0.000  0.442    90.96    50.12    32.32    25.68    20.91  1 -1.46e-07      0.00 7.055e-01 2.834e-01 1.443e-03 8.142e-04 4.353e-03 -1.000 1.107e-02 -3.226 2.813 1.096 -0.474 -1.849 -3.404 -5.004 -5.928 -6.203
0.01 -0.17553 9.87506 1.0837886333 2.4889076906    0.903  3.167  3.5365  0.325    7  0.000  0.442    82.53    46.09    29.82    23.67    19.27  1 -1.29e-07      0.00 7.055e-01 2.835e-01 1.443e-03 8.144e-04 4.353e-03 -1.000 1.106e-02 -3.147 2.806 1.023 -0.567 -1.887 -3.370 -4.912 -5.830 -6.098
0.01 -0.17553 9.87506 1.0837887526 2.4889077114    0.903  3.143  3.5396  0.360    7  0.000  0.442    76.60    43.22    28.05    22.24    18.10  1 -1.17e-07      0.00 7.055e-01 2.835e-01 1.443e-03 8.144e-04 4.353e-03 -1.000 1.106e-02 -3.088 2.797 0.961 -0.645 -1.921 -3.348 -4.843 -5.757 -6.020
0.01 -0.17553 9.87506 1.0837891102 2.4889077736    0.902  3.157  3.5379  0.340    7  0.000  0.442    79.94    44.83    29.05    23.05    18.76  1 -1.24e-07      0.00 7.055e-01 2.835e-01 1.443e-03 8.144e-04 4.353e-03 -1.000 1.106e-02 -3.121 2.802 0.994 -0.603 -1.903 -3.361 -4.881 -5.798 -6.064
0.01 -0.17553 9.87506 1.0837893486 2.4889078151    0.901  3.167  3.5365  0.324    7  0.000  0.442    82.69    46.15    29.86    23.71    19.30  1  -1.3e-07      0.00 7.055e-01 2.835e-01 1.443e-03 8.144e-04 4.353e-03 -1.000 1.106e-02 -3.147 2.806 1.021 -0.569 -1.888 -3.371 -4.912 -5.830 -6.098
0.01 -0.17553 9.87506 1.0837895870 2.4889078565    0.900  3.184  3.5343  0.297    7  0.000  0.442    87.43    48.42    31.26    24.84    20.22  1  -1.4e-07      0.00 7.055e-01 2.835e-01 1.443e-03 8.144e-04 4.353e-03 -1.000 1.106e-02 -3.190 2.814 1.068 -0.511 -1.862 -3.388 -4.963 -5.884 -6.156
0.01 -0.17553 9.87506 1.0837898254 2.4889078980    0.899  3.213  3.5304  0.252    7  0.000  0.442    96.10    52.52    33.78    26.87    21.88  1 -1.58e-07      0.00 7.055e-01 2.835e-01 1.443e-03 8.144e-04 4.353e-03 -1.000 1.106e-02 -3.263 2.828 1.151 -0.407 -1.815 -3.414 -5.048 -5.975 -6.254
0.01 -0.17553 9.87506 1.0837901831 2.4889079602    0.898  3.254  3.5248  0.189    7  0.000  0.442   109.80    58.89    37.69    30.03    24.46  1 -1.87e-07      0.00 7.055e-01 2.835e-01 1.443e-03 8.144e-04 4.353e-03 -1.000 1.106e-02 -3.365 2.845 1.305 -0.215 -1.724 -3.420 -5.169 -6.102 -6.391
0.01 -0.17553 9.87506 1.0837905407 2.4889080225    0.896  3.294  3.5193  0.125    7  0.000  0.442   125.35    65.98    42.01    33.53    27.32  1 -2.22e-07      0.00 7.055e-01 2.835e-01 1.443e-03 8.144e-04 4.353e-03 -1.000 1.106e-02 -3.466 2.866 1.473 -0.005 -1.621 -3.415 -5.288 -6.226 -6.528
0.01 -0.17553 9.87506 1.0837910175 2.4889081054    0.893  3.336  3.5134  0.059    7  0.000  0.442   144.12    74.37    47.09    37.66    30.68  1 -2.66e-07      0.00 7.055e-01 2.835e-01 1.443e-03 8.144e-04 4.353e-03 -1.000 1.106e-02 -3.569 2.887 1.688 0.277 -1.477 -3.367 -5.411 -6.355 -6.669
0.01 -0.17553 9.87506 1.0837914944 2.4889081884    0.889  3.371  3.5081  0.000    7  0.000  0.442   160.61    82.60    52.05    41.70    33.99  1 -3.13e-07      0.00 7.055e-01 2.835e-01 1.443e-03 8.145e-04 4.353e-03 -1.000 1.106e-02 -3.658 2.907 1.877 0.523 -1.351 -3.319 -5.518 -6.466 -6.790
0.01 -0.17553 9.87506 1.0837923288 2.4889083335    0.883  3.407  3.5024 -0.062    7  0.526  0.442   176.13    92.22    57.81    46.40    37.83  1 -3.69e-07      0.00 7.055e-01 2.835e-01 1.443e-03 8.148e-04 4.353e-03 -1.000 1.106e-02 -3.748 2.929 2.085 0.793 -1.210 -3.251 -5.627 -6.579 -6.914
0.01 -0.17553 9.87506 1.0837929249 2.4889084372    0.875  3.427  3.4990 -0.099    7  0.526  0.442   186.00    98.47    61.54    49.46    40.32  1 -4.11e-07      0.00 7.055e-01 2.835e-01 1.443e-03 8.149e-04 4.353e-03 -1.000 1.106e-02 -3.799 2.947 2.214 0.957 -1.123 -3.203 -5.688 -6.644 -6.986
0.01 -0.17553 9.87506 1.0837930441 2.4889084579    0.875  3.427  3.4990 -0.099    8  0.526  0.463   186.01    98.48    61.55    49.46    40.32  1 -4.11e-07      0.00 7.055e-01 2.846e-01 1.515e-03 8.161e-04 4.363e-03 -1.000 9.893e-03 -3.799 2.947 2.214 0.957 -1.123 -3.203 -5.688 -6.644 -6.986
0.01 -0.17553 9.87506 1.0837930441 2.4889084579    0.875  3.171  3.5330  0.293    8  0.526  0.463    87.79    48.46    31.26    24.87    20.24  1 -1.43e-07      0.00 7.055e-01 2.846e-01 1.515e-03 8.161e-04 4.363e-03 -1.000 9.893e-03 -3.158 2.866 1.148 -0.421 -1.790 -3.339 -4.934 -5.857 -6.132
0.01 -0.17553 9.87506 1.0837931633 2.4889084787    0.874  3.046  3.5498  0.485    8  0.526  0.463    58.61    34.25    22.44    17.76    14.44  1 -8.46e-08      0.00 7.055e-01 2.846e-01 1.515e-03 8.161e-04 4.363e-03 -1.000 9.893e-03 -2.845 2.799 0.841 -0.799 -1.954 -3.194 -4.567 -5.464 -5.710
0.01 -0.17553 9.87506 1.0837931633 2.4889084787    0.873  2.874  3.5729  0.749    8  0.526  0.463    33.61    21.24    14.22    11.18     9.08  2 -3.99e-08      0.00 7.055e-01 2.846e-01 1.515e-03 8.161e-04 4.363e-03 -1.000 9.893e-03 -2.415 2.656 0.652 -0.987 -1.971 -2.886 -4.075 -4.919 -5.128
0.01 -0.17553 9.87506 1.0837932825 2.4889084994    0.872  2.894  3.5701  0.717    8  0.526  0.463    35.91    22.49    15.02    11.81     9.59  2 -4.38e-08      0.00 7.055e-01 2.846e-01 1.515e-03 8.161e-04 4.363e-03 -1.000 9.893e-03 -2.465 2.682 0.666 -0.982 -1.981 -2.924 -4.131 -4.982 -5.196
0.01 -0.17553 9.87506 1.0837935209 2.4889085409    0.871  3.015  3.5535  0.528    8  0.526  0.463    53.40    31.61    20.79    16.43    13.36  1  -7.5e-08      0.00 7.055e-01 2.846e-01 1.515e-03 8.161e-04 4.363e-03 -1.000 9.893e-03 -2.769 2.785 0.806 -0.839 -1.961 -3.141 -4.480 -5.369 -5.608
0.01 -0.17553 9.87506 1.0837937593 2.4889085824    0.869  3.172  3.5321  0.285    8  0.526  0.463    89.07    49.03    31.61    25.15    20.47  1 -1.47e-07      0.00 7.055e-01 2.846e-01 1.515e-03 8.161e-04 4.363e-03 -1.000 9.893e-03 -3.161 2.880 1.177 -0.387 -1.768 -3.332 -4.940 -5.864 -6.140
0.01 -0.17553 9.87506 1.0837939978 2.4889086238    0.866  3.301  3.5145  0.085    8  0.526  0.463   135.81    70.40    44.66    35.72    29.10  1 -2.53e-07      0.00 7.055e-01 2.846e-01 1.515e-03 8.161e-04 4.363e-03 -1.000 9.893e-03 -3.483 2.937 1.706 0.286 -1.440 -3.310 -5.321 -6.264 -6.574
0.01 -0.17553 9.87506 1.0837942362 2.4889086653    0.864  3.382  3.5033 -0.042    8  0.526  0.463   169.58    88.53    55.57    44.61    36.36  1 -3.55e-07      0.00 7.055e-01 2.846e-01 1.515e-03 8.161e-04 4.363e-03 -1.000 9.893e-03 -3.685 2.965 2.091 0.791 -1.188 -3.216 -5.560 -6.512 -6.845
0.01 -0.17553 9.87506 1.0837945938 2.4889087275    0.861  3.422  3.4976 -0.106    8  0.526  0.463   186.84    99.29    62.00    49.87    40.65  1 -4.21e-07      0.00 7.055e-01 2.846e-01 1.515e-03 8.161e-04 4.363e-03 -1.000 9.893e-03 -3.784 2.978 2.283 1.038 -1.064 -3.155 -5.678 -6.635 -6.979
0.01 -0.17553 9.87506 1.0837949514 2.4889087898    0.857  3.437  3.4952 -0.133    8  0.527  0.463   194.34   104.07    64.84    52.20    42.55  1 -4.52e-07      0.00 7.055e-01 2.846e-01 1.515e-03 8.161e-04 4.363e-03 -1.000 9.893e-03 -3.822 2.985 2.357 1.131 -1.017 -3.129 -5.724 -6.682 -7.030
0.01 -0.17553 9.87506 1.0837953091 2.4889088520    0.854  3.442  3.4940 -0.145    8  0.527  0.463   197.66   106.24    66.13    53.26    43.42  1 -4.68e-07      0.00 7.055e-01 2.846e-01 1.515e-03 8.161e-04 4.363e-03 -1.000 9.893e-03 -3.836 2.992 2.397 1.181 -0.989 -3.111 -5.741 -6.700 -7.051
0.01 -0.17553 9.87506 1.0837953091 2.4889088520    0.853  3.243  3.5209  0.162    8  0.527  0.463   115.18    61.01    38.94    31.10    25.32  1 -2.08e-07      0.00 7.055e-01 2.846e-01 1.515e-03 8.161e-04 4.363e-03 -1.000 9.893e-03 -3.337 2.943 1.511 0.024 -1.556 -3.321 -5.154 -6.092 -6.389
0.01 -0.17553 9.87506 1.0837954283 2.4889088727    0.853  3.065  3.5448  0.435    8  0.527  0.463    64.79    37.25    24.31    19.27    15.67  1 -9.89e-08      0.00 7.055e-01 2.846e-01 1.515e-03 8.161e-04 4.363e-03 -1.000 9.893e-03 -2.893 2.860 0.964 -0.657 -1.869 -3.199 -4.631 -5.536 -5.790
0.01 -0.17553 9.87506 1.0837955475 2.4889088934    0.851  2.893  3.5679  0.698    8  0.527  0.463    37.14    23.12    15.41    12.14     9.86  2 -4.71e-08      0.00 7.055e-01 2.846e-01 1.515e-03 8.161e-04 4.363e-03 -1.000 9.893e-03 -2.463 2.734 0.721 -0.926 -1.940 -2.913 -4.136 -4.992 -5.209
0.01 -0.17553 9.87506 1.0837956667 2.4889089142    0.850  2.913  3.5650  0.666    8  0.527  0.463    39.72    24.48    16.28    12.83    10.42  2 -5.17e-08      0.00 7.055e-01 2.846e-01 1.515e-03 8.161e-04 4.363e-03 -1.000 9.893e-03 -2.513 2.755 0.742 -0.906 -1.939 -2.949 -4.193 -5.056 -5.277
0.01 -0.17553 9.87506 1.0837957859 2.4889089349    0.848  3.034  3.5485  0.478    8  0.527  0.463    59.02    34.37    22.51    17.83    14.50  1  -8.8e-08      0.00 7.055e-01 2.846e-01 1.515e-03 8.161e-04 4.363e-03 -1.000 9.893e-03 -2.815 2.850 0.910 -0.723 -1.891 -3.154 -4.541 -5.440 -5.688
0.01 -0.17553 9.87506 1.0837960243 2.4889089764    0.845  3.190  3.5273  0.236    8  0.527  0.463    98.31    53.21    34.16    27.24    22.17  1 -1.71e-07      0.00 7.055e-01 2.846e-01 1.515e-03 8.161e-04 4.363e-03 -1.000 9.893e-03 -3.205 2.935 1.341 -0.191 -1.652 -3.303 -5.000 -5.931 -6.215
0.01 -0.17553 9.87506 1.0837963820 2.4889090386    0.842  3.318  3.5097  0.036    8  0.527  0.463   148.90    76.31    48.20    38.64    31.48  1 -2.94e-07      0.00 7.055e-01 2.846e-01 1.515e-03 8.161e-04 4.363e-03 -1.000 9.893e-03 -3.525 2.991 1.919 0.554 -1.282 -3.229 -5.379 -6.327 -6.647
0.01 -0.17553 9.87506 1.0837967396 2.4889091008    0.839  3.399  3.4985 -0.091    8  0.528  0.463   180.81    95.96    59.98    48.26    39.33  1 -4.12e-07      0.00 7.055e-01 2.846e-01 1.515e-03 8.161e-04 4.363e-03 -1.000 9.893e-03 -3.727 3.015 2.297 1.046 -1.038 -3.121 -5.618 -6.574 -6.916
0.01 -0.17553 9.87506 1.0837970972 2.4889091630    0.835  3.438  3.4927 -0.156    8  0.528  0.463   199.38   107.72    66.98    53.99    44.01  1  -4.9e-07      0.01 7.055e-01 2.846e-01 1.515e-03 8.161e-04 4.363e-03 -1.000 9.893e-03 -3.826 3.024 2.467 1.261 -0.933 -3.066 -5.736 -6.696 -7.048
0.01 -0.17553 9.87506 1.0837974548 2.4889092252    0.831  3.454  3.4902 -0.183    8  0.528  0.463   207.66   113.10    70.16    56.61    46.15  0 -5.29e-07      0.01 7.055e-01 2.846e-01 1.515e-03 8.161e-04 4.363e-03 -1.000 9.893e-03 -3.865 3.036 2.551 1.363 -0.880 -3.034 -5.782 -6.744 -7.102
0.01 -0.17553 9.87506 1.0837979317 2.4889093082    0.826  3.460  3.4890 -0.197    8  0.528  0.463   211.56   115.71    71.70    57.88    47.18  0  -5.5e-07      0.01 7.055e-01 2.846e-01 1.515e-03 8.161e-04 4.363e-03 -1.000 9.893e-03 -3.880 3.044 2.583 1.395 -0.862 -3.021 -5.801 -6.763 -7.123
0.01 -0.17553 9.87506 1.0837979317 2.4889093082    0.826  3.265  3.5154  0.104    8  0.528  0.463   129.49    67.19    42.66    34.17    27.82  1  -2.5e-07      0.00 7.055e-01 2.846e-01 1.515e-03 8.161e-04 4.363e-03 -1.000 9.893e-03 -3.392 3.002 1.747 0.319 -1.385 -3.241 -5.227 -6.169 -6.478
0.01 -0.17553 9.87506 1.0837980509 2.4889093289    0.825  3.088  3.5393  0.376    8  0.528  0.463    72.85    41.07    26.66    21.20    17.24  1  -1.2e-07      0.00 7.055e-01 2.846e-01 1.515e-03 8.161e-04 4.363e-03 -1.000 9.893e-03 -2.949 2.926 1.103 -0.496 -1.774 -3.206 -4.704 -5.620 -5.882
0.01 -0.17553 9.87506 1.0837981701 2.4889093497    0.824  2.916  3.5625  0.640    8  0.528  0.463    41.70    25.48    16.90    13.34    10.84  2 -5.76e-08      0.00 7.055e-01 2.846e-01 1.515e-03 8.161e-04 4.363e-03 -1.000 9.893e-03 -2.520 2.810 0.799 -0.850 -1.900 -2.944 -4.207 -5.076 -5.301
0.01 -0.17553 9.87506 1.0837982893 2.4889093704    0.822  2.936  3.5597  0.607    8  0.528  0.463    44.63    27.00    17.86    14.11    11.46  2 -6.33e-08      0.00 7.055e-01 2.846e-01 1.515e-03 8.161e-04 4.363e-03 -1.000 9.893e-03 -2.570 2.830 0.822 -0.829 -1.898 -2.981 -4.264 -5.140 -5.369
0.01 -0.17553 9.87506 1.0837985277 2.4889094119    0.819  3.056  3.5432  0.420    8  0.529  0.463    66.26    37.84    24.65    19.58    15.92  1 -1.07e-07      0.00 7.055e-01 2.846e-01 1.515e-03 8.161e-04 4.363e-03 -1.000 9.893e-03 -2.870 2.916 1.040 -0.574 -1.804 -3.163 -4.613 -5.521 -5.777
0.01 -0.17553 9.87506 1.0837987661 2.4889094534    0.816  3.211  3.5220  0.179    8  0.529  0.463   110.24    58.46    37.34    29.86    24.30  1 -2.07e-07      0.00 7.055e-01 2.846e-01 1.515e-03 8.161e-04 4.363e-03 -1.000 9.893e-03 -3.256 2.996 1.536 0.043 -1.516 -3.261 -5.069 -6.006 -6.300
0.01 -0.17553 9.87506 1.0837991238 2.4889095156    0.812  3.338  3.5045 -0.020    8  0.529  0.463   160.21    83.72    52.62    42.30    34.45  1 -3.54e-07      0.00 7.055e-01 2.846e-01 1.515e-03 8.161e-04 4.363e-03 -1.000 9.893e-03 -3.574 3.046 2.135 0.825 -1.126 -3.138 -5.445 -6.397 -6.727
0.01 -0.17553 9.87506 1.0837994814 2.4889095778    0.807  3.418  3.4932 -0.148    8  0.529  0.463   194.51   105.25    65.46    52.81    43.04  1 -4.97e-07      0.01 7.055e-01 2.846e-01 1.515e-03 8.161e-04 4.363e-03 -1.000 9.893e-03 -3.774 3.067 2.495 1.285 -0.899 -3.028 -5.682 -6.642 -6.994
0.01 -0.17553 9.87506 1.0837998390 2.4889096400    0.802  3.457  3.4875 -0.213    8  0.529  0.463   214.57   118.22    73.14    59.12    48.19  0 -5.93e-07      0.01 7.055e-01 2.846e-01 1.515e-03 8.161e-04 4.363e-03 -1.000 9.893e-03 -3.873 3.080 2.645 1.452 -0.819 -2.983 -5.799 -6.762 -7.125
0.01 -0.17553 9.87506 1.0838003159 2.4889097229    0.797  3.473  3.4850 -0.241    8  0.530  0.463   223.66   124.27    76.69    62.06    50.59  0 -6.45e-07      0.01 7.055e-01 2.846e-01 1.515e-03 8.161e-04 4.363e-03 -1.000 9.893e-03 -3.912 3.088 2.697 1.499 -0.796 -2.969 -5.846 -6.809 -7.177
0.01 -0.17553 9.87506 1.0838007927 2.4889098059    0.791  3.479  3.4838 -0.256    8  0.530  0.463   228.07   127.30    78.46    63.53    51.79  0 -6.76e-07      0.01 7.055e-01 2.846e-01 1.515e-03 8.161e-04 4.363e-03 -1.000 9.893e-03 -3.927 3.096 2.727 1.526 -0.781 -2.958 -5.865 -6.829 -7.199
0.01 -0.17553 9.87506 1.0838007927 2.4889098059    0.790  3.289  3.5099  0.038    8  0.530  0.463   144.95    74.79    47.22    37.93    30.88  1 -3.15e-07      0.00 7.055e-01 2.846e-01 1.515e-03 8.161e-04 4.363e-03 -1.000 9.893e-03 -3.453 3.064 1.985 0.618 -1.216 -3.161 -5.305 -6.253 -6.573
0.01 -0.17553 9.87506 1.0838009119 2.4889098266    0.789  3.113  3.5341  0.310    8  0.530  0.463    83.03    45.72    29.51    23.54    19.14  1 -1.53e-07      0.00 7.055e-01 2.846e-01 1.515e-03 8.161e-04 4.363e-03 -1.000 9.893e-03 -3.012 2.984 1.249 -0.325 -1.678 -3.207 -4.784 -5.707 -5.979
0.01 -0.17553 9.87506 1.0838010311 2.4889098474    0.786  2.941  3.5577  0.575    8  0.530  0.463    47.34    28.30    18.66    14.78    12.01  1 -7.42e-08      0.00 7.055e-01 2.846e-01 1.515e-03 8.161e-04 4.363e-03 -1.000 9.893e-03 -2.583 2.873 0.870 -0.781 -1.867 -2.981 -4.283 -5.163 -5.396
0.01 -0.17553 9.87506 1.0838011503 2.4889098681    0.783  2.961  3.5548  0.542    8  0.530  0.463    50.74    30.02    19.74    15.65    12.71  1  -8.2e-08      0.00 7.055e-01 2.846e-01 1.515e-03 8.161e-04 4.363e-03 -1.000 9.893e-03 -2.633 2.891 0.903 -0.743 -1.854 -3.014 -4.341 -5.227 -5.464
0.01 -0.17553 9.87506 1.0838013887 2.4889099096    0.779  3.080  3.5382  0.354    8  0.530  0.463    75.48    42.09    27.26    21.73    17.66  1 -1.39e-07      0.00 7.055e-01 2.846e-01 1.515e-03 8.161e-04 4.363e-03 -1.000 9.893e-03 -2.930 2.978 1.170 -0.427 -1.721 -3.174 -4.689 -5.605 -5.870
0.01 -0.17553 9.87506 1.0838017464 2.4889099718    0.774  3.233  3.5167  0.112    8  0.531  0.463   125.92    65.05    41.31    33.14    26.97  1 -2.67e-07      0.00 7.055e-01 2.846e-01 1.515e-03 8.161e-04 4.363e-03 -1.000 9.893e-03 -3.312 3.062 1.760 0.316 -1.359 -3.195 -5.143 -6.084 -6.390
0.01 -0.17553 9.87506 1.0838019848 2.4889100133    0.767  3.358  3.4988 -0.088    8  0.531  0.463   174.29    93.31    58.28    47.03    38.30  1 -4.56e-07      0.00 7.055e-01 2.846e-01 1.515e-03 8.161e-04 4.363e-03 -1.000 9.893e-03 -3.626 3.115 2.386 1.133 -0.947 -3.028 -5.515 -6.472 -6.814
0.01 -0.17553 9.87506 1.0838024616 2.4889100962    0.760  3.438  3.4873 -0.217    8  0.531  0.463   212.00   117.57    72.66    58.85    47.95  0 -6.43e-07      0.01 7.055e-01 2.846e-01 1.515e-03 8.161e-04 4.363e-03 -1.000 9.893e-03 -3.824 3.141 2.707 1.513 -0.762 -2.928 -5.750 -6.713 -7.077
0.01 -0.17553 9.87506 1.0838028193 2.4889101584    0.752  3.477  3.4814 -0.285    8  0.531  0.463   231.97    -1.00    -1.00    -1.00    -1.00  0 -7.75e-07      0.01 7.055e-01 2.846e-01 1.515e-03 8.161e-04 4.363e-03 -1.000 9.893e-03 -3.922 3.160 2.830 1.620 -0.711 -2.898 -5.865 -6.831 -7.206
0.01 -0.17553 9.87506 1.0838032961 2.4889102414    0.744  3.492  3.4789 -0.315    8  0.532  0.463   227.09    -1.00    -1.00    -1.00    -1.00  0 -8.53e-07      0.01 7.055e-01 2.846e-01 1.515e-03 8.161e-04 4.363e-03 -1.000 9.893e-03 -3.960 3.175 2.883 1.665 -0.689 -2.884 -5.910 -6.877 -7.257
0.01 -0.17553 9.87506 1.0838038921 2.4889103451    0.734  3.498  3.4779 -0.331    8  0.532  0.463   221.80    -1.00    -1.00    -1.00    -1.00  0  -9.1e-07      0.02 7.055e-01 2.846e-01 1.515e-03 8.161e-04 4.363e-03 -1.000 9.893e-03 -3.976 3.187 2.908 1.684 -0.679 -2.879 -5.928 -6.896 -7.278
0.01 -0.17553 9.87506 1.0838038921 2.4889103451    0.733  3.315  3.5046 -0.041    8  0.532  0.463   159.39    84.67    53.06    42.83    34.85  1 -4.39e-07      0.00 7.055e-01 2.846e-01 1.515e-03 8.161e-04 4.363e-03 -1.000 9.893e-03 -3.516 3.129 2.209 0.892 -1.064 -3.078 -5.386 -6.338 -6.670
0.01 -0.17553 9.87506 1.0838040113 2.4889103658    0.732  3.139  3.5301  0.235    8  0.532  0.463    96.15    51.36    32.92    26.38    21.44  1 -2.16e-07      0.00 7.055e-01 2.846e-01 1.515e-03 8.161e-04 4.363e-03 -1.000 9.893e-03 -3.079 3.034 1.356 -0.206 -1.620 -3.225 -4.865 -5.792 -6.072
0.01 -0.17553 9.87506 1.0838041306 2.4889103865    0.729  2.968  3.5552  0.506    8  0.532  0.463    53.99    31.46    20.61    16.40    13.31  1 -1.06e-07      0.00 7.055e-01 2.846e-01 1.515e-03 8.161e-04 4.363e-03 -1.000 9.893e-03 -2.650 2.899 0.887 -0.771 -1.881 -3.033 -4.357 -5.240 -5.479
0.01 -0.17553 9.87506 1.0838042498 2.4889104073    0.725  2.988  3.5526  0.473    8  0.532  0.463    57.81    33.32    21.77    17.34    14.08  1 -1.17e-07      0.00 7.055e-01 2.846e-01 1.515e-03 8.161e-04 4.363e-03 -1.000 9.893e-03 -2.699 2.915 0.917 -0.739 -1.872 -3.067 -4.414 -5.303 -5.546
0.01 -0.17553 9.87506 1.0838044882 2.4889104488    0.721  3.105  3.5358  0.286    8  0.533  0.463    86.15    46.70    30.05    24.06    19.55  1 -1.97e-07      0.00 7.055e-01 2.846e-01 1.515e-03 8.161e-04 4.363e-03 -1.000 9.893e-03 -2.993 3.007 1.222 -0.374 -1.709 -3.207 -4.760 -5.679 -5.949
0.01 -0.17553 9.87506 1.0838048458 2.4889105110    0.715  3.256  3.5139  0.044    8  0.533  0.463   138.47    72.14    45.51    36.68    29.83  1 -3.76e-07      0.00 7.055e-01 2.846e-01 1.515e-03 8.161e-04 4.363e-03 -1.000 9.893e-03 -3.370 3.106 1.877 0.452 -1.295 -3.178 -5.209 -6.152 -6.466
0.01 -0.17553 9.87506 1.0838050842 2.4889105524    0.708  3.380  3.4959 -0.156    8  0.533  0.463   188.07   103.32    64.13    51.98    42.31  0  -6.4e-07      0.01 7.055e-01 2.846e-01 1.515e-03 8.161e-04 4.363e-03 -1.000 9.893e-03 -3.679 3.169 2.509 1.265 -0.884 -2.994 -5.576 -6.534 -6.885
0.01 -0.17553 9.87506 1.0838055611 2.4889106354    0.700  3.458  3.4847 -0.284    8  0.533  0.463   203.40    -1.00    -1.00    -1.00    -1.00  0 -9.05e-07      0.02 7.055e-01 2.846e-01 1.515e-03 8.161e-04 4.363e-03 -1.000 9.893e-03 -3.874 3.211 2.808 1.592 -0.725 -2.906 -5.804 -6.770 -7.143
0.01 -0.17553 9.87506 1.0838059187 2.4889106976    0.691  3.496  3.4796 -0.349    8  0.534  0.463   198.72    -1.00    -1.00    -1.00    -1.00  0  -1.1e-06      0.02 7.055e-01 2.846e-01 1.515e-03 8.161e-04 4.363e-03 -1.000 9.893e-03 -3.971 3.239 2.922 1.685 -0.684 -2.885 -5.914 -6.884 -7.268
0.01 -0.17553 9.87506 1.0838063955 2.4889107805    0.681  3.512  3.4781 -0.376    8  0.534  0.463   193.60    -1.00    -1.00    -1.00    -1.00  0 -1.22e-06      0.03 7.055e-01 2.846e-01 1.515e-03 8.161e-04 4.363e-03 -1.000 9.893e-03 -4.009 3.265 2.958 1.708 -0.679 -2.888 -5.953 -6.924 -7.314
0.01 -0.17553 9.87506 1.0838069916 2.4889108842    0.670  3.518  3.4784 -0.388    8  0.534  0.463   188.08    -1.00    -1.00    -1.00    -1.00  0 -1.32e-06      0.03 7.055e-01 2.846e-01 1.515e-03 8.161e-04 4.363e-03 -1.000 9.893e-03 -4.024 3.284 2.965 1.707 -0.686 -2.898 -5.965 -6.937 -7.329
0.01 -0.17553 9.87506 1.0838116407 2.4889116930    0.537 -9.999  4.0000  1.811    9  0.537  0.000     0.00     0.00     0.00     0.00     0.00 -1    -1e-30      0.00 7.055e-01 2.846e-01 1.515e-03 8.161e-04 4.363e-03 -1.000 9.893e-03 29.767 29.735 29.995 30.043 30.031 30.027 30.073 30.070 30.087
#isochrone terminated
