# File generated by CMD 3.7 (http://stev.oapd.inaf.it/cmd) on Tue Mar  7 16:00:07 CET 2023
# isochrones based on PARSEC release v1.2S +  COLIBRI S_37 + S_35 + PR16
# Basic references: Bressan et al. (2012), MNRAS, 427, 127 + Chen et al. (2014, 2015), MNRAS, 444, 2525 + MNRAS, 452, 1068 + Tang et al. (2014), MNRAS, 445, 4287 + Marigo et al. (2017), ApJ, 835, 77 + Pastorelli al. (2019), MNRAS, 485, 5666 + Pastorelli al. (2020), MNRAS, in press
# Thermal pulse cycles included 
# On RGB, assumed Reimers mass loss with efficiency eta=0.2
# LPV periods and growth rates added cf. Trabucchi et al. (2019)
# but fundamental-mode LPV periods are from Trabucchi et al. (2021)
# Photometric system: <i>UBVRIJHK</i> (cf. Maiz-Apellaniz 2006 + Bessell 1990)
# Using YBC version of bolometric corrections as in Chen et al. (2019)
# O-rich circumstellar dpmod60alox40 dust from Groenewegen (2006)
# C-rich circumstellar AMCSIC15 dust from Groenewegen (2006)
# IMF: Kroupa (2001, 2002) + Kroupa et al. (2013) canonical two-part-power law IMF corrected for unresolved binaries 
# Kind of output: isochrone tables
# Zini     MH   logAge Mini        int_IMF         Mass   logL    logTe  logg  label   McoreTP C_O  period0  period1  period2  period3  period4  pmode  Mloss  tau1m   X   Y   Xc  Xn  Xo  Cexcess  Z 	 mbolmag  Umag    Bmag    Vmag    Rmag    Imag    Jmag    Hmag    Kmag
0.0152 0.01508 9.87506 0.0900000036 1.0816895926    0.090 -3.423  3.3624  5.217    1  0.000  0.545     0.00     0.00     0.00     0.00     0.00 -1  -3.9e-17      0.00 7.083e-01 2.764e-01 2.746e-03 7.408e-04 6.719e-03 -1.000 1.527e-02 13.329 22.605 19.981 18.144 15.991 13.740 11.238 10.623 10.334
0.0152 0.01508 9.87506 0.1000000015 1.1711064122    0.100 -3.241  3.3883  5.184    1  0.000  0.545     0.00     0.00     0.00     0.00     0.00 -1 -5.84e-17      0.00 7.080e-01 2.767e-01 2.746e-03 7.408e-04 6.719e-03 -1.000 1.527e-02 12.872 22.086 19.498 17.670 15.529 13.284 10.783 10.169 9.876
0.0152 0.01508 9.87506 0.1200000122 1.3193155232    0.120 -2.976  3.4231  5.137    1  0.000  0.545     0.00     0.00     0.00     0.00     0.00 -1 -1.04e-16      0.00 7.074e-01 2.774e-01 2.746e-03 7.408e-04 6.719e-03 -1.000 1.527e-02 12.210 21.014 18.577 16.783 14.728 12.542 10.136 9.523 9.224
0.0152 0.01508 9.87506 0.1400000006 1.4384526719    0.140 -2.793  3.4433  5.102    1  0.000  0.545     0.00     0.00     0.00     0.00     0.00 -1 -1.52e-16      0.00 7.068e-01 2.779e-01 2.746e-03 7.408e-04 6.719e-03 -1.000 1.527e-02 11.751 19.466 17.359 15.653 13.837 11.821 9.725 9.109 8.809
0.0152 0.01508 9.87506 0.1599999964 1.5372931554    0.160 -2.651  3.4569  5.073    1  0.000  0.545     0.00     0.00     0.00     0.00     0.00 -1 -2.04e-16      0.00 7.063e-01 2.785e-01 2.746e-03 7.408e-04 6.719e-03 -1.000 1.527e-02 11.398 18.460 16.540 14.881 13.212 11.317 9.404 8.787 8.490
0.0152 0.01508 9.87506 0.2000000030 1.6938790862    0.200 -2.433  3.4757  5.027    1  0.000  0.545     0.00     0.00     0.00     0.00     0.00 -1 -3.18e-16      0.00 7.054e-01 2.793e-01 2.746e-03 7.408e-04 6.719e-03 -1.000 1.527e-02 10.853 17.122 15.417 13.818 12.331 10.602 8.905 8.285 7.997
0.0152 0.01508 9.87506 0.2500000000 1.8403257998    0.250 -2.223  3.4920  4.979    1  0.000  0.545     0.00     0.00     0.00     0.00     0.00 -1 -4.87e-16      0.00 7.046e-01 2.801e-01 2.746e-03 7.408e-04 6.719e-03 -1.000 1.527e-02 10.328 16.007 14.451 12.886 11.532 9.957 8.420 7.799 7.521
0.0152 0.01508 9.87506 0.3000000119 1.9529139769    0.300 -2.059  3.5027  4.937    1  0.000  0.545     0.00     0.00     0.00     0.00     0.00 -1 -2.61e-16      0.00 7.043e-01 2.804e-01 2.746e-03 7.408e-04 6.719e-03 -1.000 1.527e-02 9.917 15.273 13.794 12.263 10.980 9.488 8.034 7.410 7.141
0.0152 0.01508 9.87506 0.3500000238 2.0434175133    0.350 -1.908  3.5113  4.888    1  0.000  0.545     0.00     0.00     0.00     0.00     0.00 -1 -5.04e-16      0.00 7.089e-01 2.758e-01 2.746e-03 7.408e-04 6.719e-03 -1.000 1.527e-02 9.541 14.656 13.233 11.729 10.500 9.070 7.678 7.050 6.788
0.0152 0.01508 9.87506 0.4000000358 2.1185024810    0.400 -1.764  3.5224  4.846    1  0.000  0.545     0.00     0.00     0.00     0.00     0.00 -1 -1.29e-15      0.00 7.091e-01 2.756e-01 2.746e-03 7.408e-04 6.719e-03 -1.000 1.527e-02 9.181 14.040 12.663 11.187 10.015 8.664 7.345 6.709 6.457
0.0152 0.01508 9.87506 0.4500000477 2.1822809714    0.450 -1.615  3.5347  4.796    1  0.000  0.545     0.00     0.00     0.00     0.00     0.00 -1 -1.82e-15      0.00 7.092e-01 2.755e-01 2.746e-03 7.408e-04 6.719e-03 -1.000 1.527e-02 8.807 13.432 12.084 10.637 9.520 8.249 7.002 6.356 6.114
0.0152 0.01508 9.87506 0.5000000000 2.2374541529    0.500 -1.457  3.5498  4.746    1  0.000  0.545     0.00     0.00     0.00     0.00     0.00 -1 -2.63e-15      0.00 7.092e-01 2.755e-01 2.746e-03 7.408e-04 6.719e-03 -1.000 1.527e-02 8.414 12.805 11.469 10.049 8.989 7.813 6.647 5.990 5.760
0.0152 0.01508 9.87506 0.5249052644 2.2617337681    0.525 -1.369  3.5599  4.719    1  0.000  0.545     0.00     0.00     0.00     0.00     0.00 -1 -3.24e-15      0.00 7.177e-01 2.674e-01 2.670e-03 7.205e-04 6.535e-03 -1.000 1.486e-02 8.194 12.457 11.115 9.706 8.678 7.570 6.454 5.790 5.568
0.0152 0.01508 9.87506 0.5500000119 2.2836582633    0.550 -1.284  3.5696  4.693    1  0.000  0.545     0.00     0.00     0.00     0.00     0.00 -1 -3.96e-15      0.00 7.264e-01 2.591e-01 2.593e-03 6.997e-04 6.347e-03 -1.000 1.444e-02 7.981 12.131 10.778 9.377 8.378 7.338 6.268 5.597 5.384
0.0152 0.01508 9.87506 0.5725358725 2.3014752306    0.572 -1.206  3.5809  4.677    1  0.000  0.545     0.00     0.00     0.00     0.00     0.00 -1 -4.74e-15      0.00 7.276e-01 2.580e-01 2.583e-03 6.971e-04 6.324e-03 -1.000 1.438e-02 7.784 11.811 10.444 9.054 8.084 7.122 6.102 5.422 5.223
0.0152 0.01508 9.87506 0.6000000238 2.3211213258    0.600 -1.114  3.5940  4.658    1  0.000  0.545     0.00     0.00     0.00     0.00     0.00 -1 -5.85e-15      0.00 7.290e-01 2.567e-01 2.571e-03 6.941e-04 6.297e-03 -1.000 1.431e-02 7.554 11.449 10.062 8.694 7.755 6.877 5.906 5.216 5.037
0.0152 0.01508 9.87506 0.6465951204 2.3501040045    0.647 -0.951  3.6218  4.639    1  0.000  0.544     0.00     0.00     0.00     0.00     0.00 -1 -8.37e-15      0.00 7.312e-01 2.545e-01 2.553e-03 6.892e-04 6.253e-03 -1.000 1.423e-02 7.148 10.759 9.335 8.042 7.170 6.446 5.564 4.872 4.736
0.0152 0.01508 9.87506 0.6499999762 2.3520353107    0.650 -0.940  3.6238  4.638    1  0.000  0.544     0.00     0.00     0.00     0.00     0.00 -1 -8.59e-15      0.00 7.314e-01 2.544e-01 2.552e-03 6.889e-04 6.250e-03 -1.000 1.422e-02 7.120 10.706 9.281 7.997 7.129 6.416 5.540 4.850 4.717
0.0152 0.01508 9.87506 0.7000000477 2.3779267258    0.700 -0.771  3.6541  4.623    1  0.000  0.544     0.00     0.00     0.00     0.00     0.00 -1 -1.24e-14      0.00 7.337e-01 2.522e-01 2.533e-03 6.840e-04 6.207e-03 -1.000 1.410e-02 6.698 9.757 8.457 7.308 6.538 5.976 5.199 4.557 4.461
0.0152 0.01508 9.87506 0.7095443606 2.3823944609    0.710 -0.740  3.6598  4.620    1  0.000  0.543     0.00     0.00     0.00     0.00     0.00 -1 -1.33e-14      0.00 7.342e-01 2.517e-01 2.523e-03 6.827e-04 6.198e-03 -1.000 1.408e-02 6.619 9.543 8.299 7.179 6.431 5.892 5.137 4.512 4.420
0.0152 0.01508 9.87506 0.7408787012 2.3961360808    0.741 -0.637  3.6781  4.609    1  0.000  0.538     0.00     0.00     0.00     0.00     0.00 -1 -1.67e-14      0.00 7.357e-01 2.503e-01 2.489e-03 6.788e-04 6.167e-03 -1.000 1.397e-02 6.363 8.861 7.813 6.784 6.111 5.625 4.937 4.372 4.290
0.0152 0.01508 9.87506 0.7500000000 2.3998889087    0.750 -0.608  3.6833  4.606    1  0.000  0.537     0.00     0.00     0.00     0.00     0.00 -1 -1.78e-14      0.00 7.361e-01 2.499e-01 2.479e-03 6.777e-04 6.159e-03 -1.000 1.395e-02 6.289 8.677 7.682 6.676 6.023 5.550 4.879 4.331 4.252
0.0152 0.01508 9.87506 0.7717076540 2.4084113024    0.772 -0.541  3.6933  4.591    1  0.000  0.537     0.00     0.00     0.00     0.00     0.00 -1 -2.08e-14      0.00 7.377e-01 2.484e-01 2.467e-03 6.743e-04 6.129e-03 -1.000 1.391e-02 6.121 8.303 7.408 6.448 5.832 5.381 4.744 4.225 4.151
0.0152 0.01508 9.87506 0.7974340916 2.4178237605    0.797 -0.462  3.7048  4.573    1  0.000  0.537     0.00     0.00     0.00     0.00     0.00 -1 -2.51e-14      0.00 7.395e-01 2.467e-01 2.453e-03 6.704e-04 6.094e-03 -1.000 1.383e-02 5.924 7.871 7.098 6.187 5.613 5.185 4.587 4.102 4.034
0.0152 0.01508 9.87506 0.8000000119 2.4187244405    0.800 -0.454  3.7059  4.571    1  0.000  0.537     0.00     0.00     0.00     0.00     0.00 -1 -2.56e-14      0.00 7.396e-01 2.465e-01 2.451e-03 6.700e-04 6.090e-03 -1.000 1.382e-02 5.905 7.829 7.068 6.162 5.591 5.166 4.571 4.090 4.022
0.0152 0.01508 9.87506 0.8123109937 2.4229549351    0.812 -0.416  3.7112  4.561    1  0.000  0.537     0.00     0.00     0.00     0.00     0.00 -1  -2.8e-14      0.00 7.406e-01 2.456e-01 2.443e-03 6.678e-04 6.070e-03 -1.000 1.378e-02 5.811 7.635 6.927 6.042 5.489 5.073 4.496 4.030 3.964
0.0152 0.01508 9.87506 0.8356763721 2.4305913244    0.835 -0.345  3.7209  4.540    1  0.000  0.536     0.00     0.00     0.00     0.00     0.00 -1 -3.33e-14      0.00 7.425e-01 2.437e-01 2.427e-03 6.636e-04 6.033e-03 -1.000 1.373e-02 5.633 7.276 6.666 5.821 5.298 4.900 4.354 3.914 3.853
0.0152 0.01508 9.87506 0.8500000238 2.4350346840    0.849 -0.302  3.7267  4.527    1  0.000  0.536     0.00     0.00     0.00     0.00     0.00 -1  -3.7e-14      0.00 7.437e-01 2.426e-01 2.417e-03 6.610e-04 6.010e-03 -1.000 1.368e-02 5.524 7.067 6.514 5.690 5.184 4.795 4.266 3.843 3.783
0.0152 0.01508 9.87506 0.8552604914 2.4366236317    0.855 -0.286  3.7287  4.522    1  0.000  0.536     0.00     0.00     0.00     0.00     0.00 -1 -3.85e-14      0.00 7.442e-01 2.421e-01 2.413e-03 6.598e-04 5.999e-03 -1.000 1.364e-02 5.484 6.992 6.459 5.642 5.142 4.756 4.234 3.815 3.756
0.0152 0.01508 9.87506 0.8769571185 2.4429461705    0.876 -0.219  3.7367  4.499    1  0.000  0.536     0.00     0.00     0.00     0.00     0.00 -1 -4.55e-14      0.00 7.464e-01 2.400e-01 2.395e-03 6.550e-04 5.956e-03 -1.000 1.353e-02 5.318 6.691 6.232 5.447 4.970 4.598 4.100 3.703 3.647
0.0152 0.01508 9.87506 0.8973473907 2.4485686714    0.896 -0.156  3.7439  4.475    1  0.000  0.536     0.00     0.00     0.00     0.00     0.00 -1 -5.34e-14      0.00 7.485e-01 2.380e-01 2.378e-03 6.504e-04 5.915e-03 -1.000 1.345e-02 5.161 6.409 6.022 5.267 4.811 4.451 3.975 3.594 3.542
0.0152 0.01508 9.87506 0.9000000358 2.4492786175    0.899 -0.148  3.7448  4.471    1  0.000  0.536     0.00     0.00     0.00     0.00     0.00 -1 -5.45e-14      0.00 7.488e-01 2.378e-01 2.376e-03 6.498e-04 5.909e-03 -1.000 1.344e-02 5.141 6.373 5.995 5.244 4.791 4.432 3.958 3.580 3.528
0.0152 0.01508 9.87506 0.9041410685 2.4503773403    0.903 -0.135  3.7462  4.466    1  0.000  0.536     0.00     0.00     0.00     0.00     0.00 -1 -5.64e-14      0.00 7.493e-01 2.373e-01 2.372e-03 6.486e-04 5.899e-03 -1.000 1.343e-02 5.108 6.317 5.953 5.208 4.759 4.402 3.932 3.557 3.506
0.0152 0.01508 9.87506 0.9164308310 2.4535710042    0.916 -0.097  3.7501  4.449    1  0.000  0.536     0.00     0.00     0.00     0.00     0.00 -1 -6.24e-14      0.00 7.509e-01 2.358e-01 2.359e-03 6.451e-04 5.868e-03 -1.000 1.335e-02 5.012 6.153 5.830 5.101 4.663 4.313 3.854 3.488 3.439
0.0152 0.01508 9.87506 0.9283180237 2.4565677173    0.927 -0.060  3.7537  4.432    1  0.000  0.536     0.00     0.00     0.00     0.00     0.00 -1 -6.89e-14      0.00 7.525e-01 2.343e-01 2.346e-03 6.418e-04 5.837e-03 -1.000 1.325e-02 4.919 6.003 5.714 5.000 4.571 4.226 3.777 3.419 3.372
0.0152 0.01508 9.87506 0.9500000477 2.4618122009    0.949  0.009  3.7598  4.398    1  0.000  0.536     0.00     0.00     0.00     0.00     0.00 -1 -8.29e-14      0.00 7.553e-01 2.315e-01 2.323e-03 6.354e-04 5.781e-03 -1.000 1.318e-02 4.748 5.737 5.501 4.813 4.401 4.066 3.633 3.289 3.245
0.0152 0.01508 9.87506 0.9501664639 2.4618513907    0.949  0.009  3.7599  4.398    1  0.000  0.536     0.00     0.00     0.00     0.00     0.00 -1  -8.3e-14      0.00 7.554e-01 2.315e-01 2.322e-03 6.353e-04 5.780e-03 -1.000 1.318e-02 4.746 5.735 5.500 4.812 4.400 4.064 3.632 3.288 3.244
0.0152 0.01508 9.87506 0.9605953693 2.4642762064    0.960  0.043  3.7625  4.379    1  0.000  0.536     0.00     0.00     0.00     0.00     0.00 -1 -9.14e-14      0.00 7.571e-01 2.298e-01 2.308e-03 6.314e-04 5.745e-03 -1.000 1.305e-02 4.662 5.613 5.398 4.722 4.317 3.985 3.560 3.222 3.179
0.0152 0.01508 9.87506 0.9793134332 2.4684797327    0.979  0.104  3.7668  4.343    1  0.000  0.535     0.00     0.00     0.00     0.00     0.00 -1 -1.08e-13      0.00 7.604e-01 2.267e-01 2.281e-03 6.243e-04 5.681e-03 -1.000 1.292e-02 4.509 5.400 5.218 4.560 4.167 3.842 3.428 3.099 3.058
0.0152 0.01508 9.87506 0.9970707893 2.4723002063    0.997  0.161  3.7699  4.307    1  0.000  0.535     0.00     0.00     0.00     0.00     0.00 -1 -1.28e-13      0.00 7.634e-01 2.238e-01 2.256e-03 6.177e-04 5.622e-03 -1.000 1.279e-02 4.367 5.216 5.056 4.412 4.027 3.708 3.302 2.980 2.940
0.0152 0.01508 9.87506 1.0000000000 2.4729154477    1.000  0.170  3.7703  4.301    1  0.000  0.535     0.00     0.00     0.00     0.00     0.00 -1 -1.31e-13      0.00 7.639e-01 2.234e-01 2.253e-03 6.167e-04 5.613e-03 -1.000 1.277e-02 4.344 5.187 5.030 4.388 4.004 3.685 3.281 2.960 2.920
0.0152 0.01508 9.87506 1.0143189430 2.4758642285    1.014  0.218  3.7721  4.266    1  0.000  0.535     0.00     0.00     0.00     0.00     0.00 -1 -1.48e-13      0.00 7.664e-01 2.209e-01 2.232e-03 6.111e-04 5.563e-03 -1.000 1.267e-02 4.225 5.044 4.899 4.266 3.887 3.571 3.171 2.854 2.815
0.0152 0.01508 9.87506 1.0266821384 2.4783343037    1.026  0.262  3.7736  4.233    1  0.000  0.535     0.00     0.00     0.00     0.00     0.00 -1 -1.66e-13      0.00 7.669e-01 2.205e-01 2.229e-03 6.103e-04 5.557e-03 -1.000 1.267e-02 4.115 4.915 4.779 4.153 3.778 3.465 3.069 2.755 2.717
0.0152 0.01508 9.87506 1.0362150669 2.4801927000    1.035  0.297  3.7743  4.205    1  0.000  0.535     0.00     0.00     0.00     0.00     0.00 -1 -1.83e-13      0.00 7.668e-01 2.206e-01 2.231e-03 6.109e-04 5.561e-03 -1.000 1.267e-02 4.027 4.817 4.686 4.063 3.690 3.378 2.984 2.672 2.634
0.0152 0.01508 9.87506 1.0454643965 2.4819586074    1.044  0.333  3.7744  4.174    1  0.000  0.535     0.00     0.00     0.00     0.00     0.00 -1 -2.01e-13      0.00 7.662e-01 2.210e-01 2.237e-03 6.126e-04 5.578e-03 -1.000 1.272e-02 3.938 4.726 4.595 3.974 3.602 3.290 2.896 2.585 2.547
0.0152 0.01508 9.87506 1.0499999523 2.4828114860    1.049  0.351  3.7742  4.157    1  0.000  0.535     0.00     0.00     0.00     0.00     0.00 -1 -2.12e-13      0.00 7.657e-01 2.216e-01 2.243e-03 6.143e-04 5.593e-03 -1.000 1.275e-02 3.893 4.684 4.551 3.929 3.557 3.245 2.850 2.539 2.500
0.0152 0.01508 9.87506 1.0542761087 2.4836078623    1.053  0.368  3.7740  4.140    1  0.000  0.535     0.00     0.00     0.00     0.00     0.00 -1 -2.23e-13      0.00 7.654e-01 2.219e-01 2.247e-03 6.155e-04 5.604e-03 -1.000 1.276e-02 3.850 4.644 4.510 3.887 3.514 3.202 2.806 2.494 2.456
0.0152 0.01508 9.87506 1.0641866922 2.4854253104    1.063  0.408  3.7727  4.099    1  0.000  0.535     0.00     0.00     0.00     0.00     0.00 -1 -2.51e-13      0.00 7.637e-01 2.234e-01 2.266e-03 6.206e-04 5.651e-03 -1.000 1.290e-02 3.749 4.556 4.415 3.787 3.412 3.098 2.699 2.384 2.345
0.0152 0.01508 9.87506 1.0726693869 2.4869502691    1.071  0.444  3.7697  4.055    2  0.000  0.535     0.00     0.00     0.00     0.00     0.00 -1 -2.83e-13      0.00 7.586e-01 2.283e-01 2.314e-03 6.337e-04 5.770e-03 -1.000 1.314e-02 3.659 4.501 4.342 3.702 3.321 3.002 2.595 2.274 2.233
0.0152 0.01508 9.87506 1.0803478956 2.4883069362    1.079  0.475  3.7648  4.007    2  0.000  0.535     0.00     0.00     0.00     0.00     0.00 -1 -3.15e-13      0.00 7.512e-01 2.353e-01 2.378e-03 6.512e-04 5.928e-03 -1.000 1.347e-02 3.583 4.484 4.294 3.635 3.242 2.916 2.495 2.162 2.120
0.0152 0.01508 9.87506 1.0873296261 2.4895213865    1.086  0.497  3.7562  3.954    2  0.000  0.535     0.00     0.00     0.00     0.00     0.00 -1 -3.48e-13      0.00 7.417e-01 2.444e-01 2.457e-03 6.723e-04 6.117e-03 -1.000 1.390e-02 3.529 4.543 4.295 3.599 3.186 2.846 2.401 2.049 2.003
0.0152 0.01508 9.87506 1.0916827917 2.4902695712    1.090  0.500  3.7466  3.913    2  0.000  0.536     0.00     0.00     0.00     0.00     0.00 -1 -3.65e-13      0.00 7.342e-01 2.515e-01 2.516e-03 6.882e-04 6.259e-03 -1.000 1.423e-02 3.519 4.668 4.347 3.613 3.177 2.821 2.350 1.974 1.924
0.0152 0.01508 9.87506 1.0943440199 2.4907235902    1.092  0.495  3.7375  3.884    2  0.000  0.536     0.00     0.00     0.00     0.00     0.00 -1 -3.72e-13      0.00 7.291e-01 2.564e-01 2.556e-03 6.988e-04 6.354e-03 -1.000 1.444e-02 3.533 4.816 4.421 3.654 3.195 2.825 2.327 1.928 1.875
0.0152 0.01508 9.87506 1.0962148905 2.4910412531    1.094  0.487  3.7288  3.858    2  0.000  0.537     0.00     0.00     0.00     0.00     0.00 -1 -3.75e-13      0.00 7.255e-01 2.599e-01 2.583e-03 7.061e-04 6.419e-03 -1.000 1.460e-02 3.554 4.964 4.503 3.702 3.223 2.838 2.313 1.892 1.835
0.0152 0.01508 9.87506 1.0979919434 2.4913418337    1.096  0.483  3.7197  3.825    2  0.000  0.537     0.00     0.00     0.00     0.00     0.00 -1 -3.84e-13      0.00 7.225e-01 2.628e-01 2.605e-03 7.120e-04 6.471e-03 -1.000 1.472e-02 3.562 5.117 4.580 3.744 3.241 2.841 2.286 1.841 1.781
0.0152 0.01508 9.87506 1.1000000238 2.4916801480    1.098  0.494  3.7103  3.777    2  0.000  0.537     0.00     0.00     0.00     0.00     0.00 -1 -4.14e-13      0.00 7.194e-01 2.658e-01 2.626e-03 7.176e-04 6.521e-03 -1.000 1.482e-02 3.534 5.245 4.625 3.753 3.226 2.810 2.224 1.751 1.687
0.0152 0.01508 9.87506 1.1002769470 2.4917266916    1.098  0.496  3.7090  3.770    2  0.000  0.537     0.00     0.00     0.00     0.00     0.00 -1 -4.18e-13      0.00 7.189e-01 2.662e-01 2.629e-03 7.183e-04 6.527e-03 -1.000 1.483e-02 3.529 5.262 4.631 3.754 3.224 2.805 2.214 1.738 1.674
0.0152 0.01508 9.87506 1.1020275354 2.4920202977    1.100  0.525  3.7025  3.717    2  0.000  0.537     0.00     0.00     0.00     0.00     0.00 -1 -4.72e-13      0.00 7.162e-01 2.688e-01 2.643e-03 7.223e-04 6.562e-03 -1.000 1.492e-02 3.459 5.303 4.616 3.713 3.165 2.734 2.121 1.627 1.560
0.0152 0.01508 9.87506 1.1025267839 2.4921038345    1.101  0.535  3.7010  3.700    2  0.000  0.537     0.00     0.00     0.00     0.00     0.00 -1 -4.94e-13      0.00 7.155e-01 2.696e-01 2.647e-03 7.233e-04 6.571e-03 -1.000 1.493e-02 3.432 5.301 4.602 3.693 3.141 2.708 2.089 1.590 1.522
0.0152 0.01508 9.87506 1.1030414104 2.4921898534    1.101  0.549  3.6998  3.682    2  0.000  0.537     0.00     0.00     0.00     0.00     0.00 -1  -5.2e-13      0.00 7.146e-01 2.704e-01 2.650e-03 7.242e-04 6.578e-03 -1.000 1.493e-02 3.397 5.286 4.577 3.664 3.108 2.673 2.050 1.548 1.479
0.0152 0.01508 9.87506 1.1045250893 2.4924373317    1.103  0.594  3.6969  3.626    3  0.000  0.536     0.00     0.00     0.00     0.00     0.00 -1  -6.1e-13      0.00 7.119e-01 2.731e-01 2.652e-03 7.277e-04 6.598e-03 -1.000 1.497e-02 3.285 5.223 4.491 3.566 3.003 2.562 1.929 1.417 1.347
0.0152 0.01508 9.87506 1.1057085991 2.4926341942    1.104  0.635  3.6950  3.578    3  0.000  0.531     0.00     0.00     0.00     0.00     0.00 -1 -7.06e-13      0.00 7.093e-01 2.756e-01 2.636e-03 7.391e-04 6.611e-03 -1.000 1.505e-02 3.183 5.150 4.405 3.473 2.905 2.460 1.821 1.303 1.233
0.0152 0.01508 9.87506 1.1070857048 2.4928626498    1.105  0.687  3.6932  3.519    3  0.000  0.517     0.00     0.00     0.00     0.00     0.00 -1 -8.49e-13      0.00 7.058e-01 2.791e-01 2.568e-03 7.999e-04 6.625e-03 -1.000 1.511e-02 3.052 5.047 4.289 3.350 2.779 2.331 1.684 1.161 1.089
0.0152 0.01508 9.87506 1.1081038713 2.4930311392    1.106  0.730  3.6919  3.471    3  0.000  0.499     0.00     0.00     0.00     0.00     0.00 -1 -9.88e-13      0.00 7.030e-01 2.818e-01 2.482e-03 8.994e-04 6.633e-03 -1.000 1.513e-02 2.945 4.962 4.194 3.249 2.675 2.224 1.573 1.046 0.974
0.0152 0.01508 9.87506 1.1092449427 2.4932195446    1.107  0.782  3.6904  3.415    3  0.000  0.478     0.00     0.00     0.00     0.00     0.00 -1 -1.19e-12      0.00 7.000e-01 2.848e-01 2.384e-03 1.022e-03 6.641e-03 -1.000 1.514e-02 2.816 4.859 4.078 3.126 2.549 2.095 1.438 0.907 0.835
0.0152 0.01508 9.87506 1.1101155281 2.4933629898    1.108  0.825  3.6893  3.367    3  0.000  0.466     0.00     0.00     0.00     0.00     0.00 -1 -1.38e-12      0.00 6.977e-01 2.871e-01 2.321e-03 1.101e-03 6.647e-03 -1.000 1.514e-02 2.709 4.774 3.983 3.025 2.445 1.988 1.327 0.792 0.720
0.0152 0.01508 9.87506 1.1109287739 2.4934967538    1.109  0.868  3.6880  3.319    3  0.000  0.456     0.00     0.00     0.00     0.00     0.00 -1 -1.61e-12      0.00 6.958e-01 2.890e-01 2.276e-03 1.158e-03 6.650e-03 -1.000 1.514e-02 2.600 4.689 3.887 2.923 2.339 1.880 1.214 0.677 0.603
0.0152 0.01508 9.87506 1.1116358042 2.4936128643    1.110  0.909  3.6868  3.273    3  0.000  0.450     0.00     0.00     0.00     0.00     0.00 -1 -1.86e-12      0.00 6.943e-01 2.905e-01 2.245e-03 1.198e-03 6.653e-03 -1.000 1.520e-02 2.498 4.610 3.798 2.827 2.240 1.778 1.108 0.567 0.493
0.0152 0.01508 9.87506 1.1124852896 2.4937521448    1.110  0.962  3.6851  3.213    3  0.000  0.444     0.00     0.00     0.00     0.00     0.00 -1 -2.25e-12      0.00 6.928e-01 2.920e-01 2.217e-03 1.234e-03 6.655e-03 -1.000 1.520e-02 2.364 4.510 3.682 2.702 2.111 1.645 0.969 0.423 0.348
0.0152 0.01508 9.87506 1.1130766869 2.4938489652    1.111  1.003  3.6837  3.168    3  0.000  0.441     0.00     0.00     0.00     0.00     0.00 -1  -2.6e-12      0.00 6.918e-01 2.930e-01 2.200e-03 1.256e-03 6.657e-03 -1.000 1.520e-02 2.263 4.435 3.595 2.608 2.013 1.544 0.863 0.313 0.238
0.0152 0.01508 9.87506 1.1137611866 2.4939608802    1.112  1.054  3.6818  3.109    3  0.000  0.438     0.00     0.00     0.00     0.00     0.00 -1 -3.12e-12      0.00 6.910e-01 2.938e-01 2.185e-03 1.275e-03 6.658e-03 -1.000 1.522e-02 2.135 4.345 3.486 2.489 1.890 1.417 0.729 0.174 0.097
0.0152 0.01508 9.87506 1.1142711639 2.4940441582    1.112  1.095  3.6803  3.062    3  0.000  0.436     0.00     0.00     0.00     0.00     0.00 -1 -3.62e-12      0.00 6.905e-01 2.943e-01 2.178e-03 1.285e-03 6.659e-03 -1.000 1.520e-02 2.032 4.273 3.399 2.394 1.790 1.314 0.620 0.060 -0.017
0.0152 0.01508 9.87506 1.1148432493 2.4941374740    1.113  1.146  3.6782  3.003    3  0.000  0.434     0.00     0.00     0.00     0.00     0.00 -1 -4.35e-12      0.00 6.901e-01 2.947e-01 2.170e-03 1.294e-03 6.660e-03 -1.000 1.523e-02 1.905 4.190 3.294 2.279 1.669 1.189 0.486 -0.080 -0.158
0.0152 0.01508 9.87506 1.1153702736 2.4942233422    1.113  1.198  3.6760  2.942    3  0.000  0.434     0.00     0.00     0.00     0.00     0.00 -1 -5.25e-12      0.00 6.899e-01 2.949e-01 2.167e-03 1.299e-03 6.660e-03 -1.000 1.525e-02 1.775 4.106 3.188 2.162 1.546 1.061 0.350 -0.223 -0.302
0.0152 0.01508 9.87506 1.1158272028 2.4942977143    1.113  1.248  3.6738  2.884    3  0.000  0.433     0.00     0.00     0.00     0.00     0.00 -1 -6.29e-12      0.00 6.898e-01 2.949e-01 2.166e-03 1.300e-03 6.660e-03 -1.000 1.525e-02 1.651 4.028 3.087 2.051 1.429 0.938 0.219 -0.361 -0.441
0.0152 0.01508 9.87506 1.1162452698 2.4943656997    1.114  1.298  3.6715  2.825    3  0.000  0.433     0.00     0.00     0.00     0.00     0.00 -1 -7.55e-12      0.00 6.898e-01 2.949e-01 2.165e-03 1.301e-03 6.660e-03 -1.000 1.525e-02 1.526 3.951 2.986 1.939 1.311 0.815 0.087 -0.500 -0.582
0.0152 0.01508 9.87506 1.1166322231 2.4944285733    1.114  1.348  3.6690  2.765    3  0.000  0.433     0.00     0.00     0.00     0.00     0.00 -1 -9.09e-12      0.00 6.898e-01 2.950e-01 2.165e-03 1.301e-03 6.661e-03 -1.000 1.525e-02 1.399 3.875 2.885 1.827 1.192 0.691 -0.047 -0.641 -0.725
0.0152 0.01508 9.87506 1.1169693470 2.4944833095    1.114  1.396  3.6666  2.707    3  0.000  0.433     0.00     0.00     0.00     0.00     0.00 -1 -1.08e-11      0.00 6.898e-01 2.950e-01 2.165e-03 1.302e-03 6.661e-03 -1.000 1.525e-02 1.279 3.807 2.792 1.722 1.080 0.573 -0.174 -0.775 -0.861
0.0152 0.01508 9.87506 1.1172926426 2.4945357649    1.115  1.446  3.6641  2.647    3  0.000  0.433     0.00     0.00     0.00     0.00     0.00 -1  -1.3e-11      0.00 6.898e-01 2.950e-01 2.164e-03 1.302e-03 6.661e-03 -1.000 1.525e-02 1.155 3.738 2.696 1.614 0.964 0.452 -0.305 -0.915 -1.002
0.0152 0.01508 9.87506 1.1175861359 2.4945833546    1.115  1.494  3.6615  2.589    3  0.000  0.433     0.00     0.00     0.00     0.00     0.00 -1 -1.55e-11      0.00 6.898e-01 2.950e-01 2.164e-03 1.303e-03 6.661e-03 -1.000 1.525e-02 1.035 3.673 2.605 1.511 0.853 0.335 -0.432 -1.049 -1.138
0.0152 0.01508 9.87506 1.1178742647 2.4946300465    1.115  1.540  3.6590  2.533    3  0.000  0.433     0.00     0.00     0.00     0.00     0.00 -1 -1.84e-11      0.00 6.898e-01 2.950e-01 2.164e-03 1.303e-03 6.661e-03 -1.000 1.525e-02 0.920 3.613 2.518 1.412 0.747 0.223 -0.554 -1.179 -1.270
0.0152 0.01508 9.87506 1.1182494164 2.4946907991    1.115  1.583  3.6567  2.482    3  0.000  0.433     0.00     0.00     0.00     0.00     0.00 -1 -2.17e-11      0.00 6.898e-01 2.950e-01 2.163e-03 1.304e-03 6.661e-03 -1.000 1.525e-02 0.813 3.563 2.439 1.321 0.649 0.119 -0.667 -1.299 -1.391
0.0152 0.01508 9.87506 1.1184738874 2.4947271279    1.115  1.551  3.6590  2.523    3  0.000  0.433     0.00     0.00     0.00     0.00     0.00 -1 -1.94e-11      0.00 6.898e-01 2.950e-01 2.163e-03 1.304e-03 6.661e-03 -1.000 1.525e-02 0.893 3.587 2.492 1.385 0.721 0.197 -0.580 -1.206 -1.296
0.0152 0.01508 9.87506 1.1186194420 2.4947506758    1.115  1.515  3.6613  2.568    3  0.000  0.433     0.00     0.00     0.00     0.00     0.00 -1  -1.7e-11      0.00 6.898e-01 2.950e-01 2.163e-03 1.304e-03 6.661e-03 -1.000 1.525e-02 0.984 3.625 2.555 1.460 0.802 0.284 -0.484 -1.102 -1.191
0.0152 0.01508 9.87506 1.1186511517 2.4947558048    1.115  1.506  3.6619  2.579    3  0.000  0.433     0.00     0.00     0.00     0.00     0.00 -1 -1.64e-11      0.00 6.898e-01 2.950e-01 2.163e-03 1.304e-03 6.661e-03 -1.000 1.525e-02 1.005 3.634 2.570 1.477 0.822 0.305 -0.461 -1.077 -1.166
0.0152 0.01508 9.87506 1.1187374592 2.4947697634    1.115  1.524  3.6609  2.557    3  0.000  0.433     0.00     0.00     0.00     0.00     0.00 -1 -1.74e-11      0.00 6.898e-01 2.950e-01 2.163e-03 1.304e-03 6.661e-03 -1.000 1.525e-02 0.961 3.611 2.537 1.440 0.781 0.261 -0.508 -1.127 -1.216
0.0152 0.01508 9.87506 1.1189657450 2.4948066724    1.115  1.572  3.6581  2.498    3  0.000  0.433     0.00     0.00     0.00     0.00     0.00 -1 -2.06e-11      0.00 6.898e-01 2.950e-01 2.163e-03 1.305e-03 6.661e-03 -1.000 1.525e-02 0.841 3.553 2.449 1.338 0.671 0.145 -0.635 -1.263 -1.354
0.0152 0.01508 9.87506 1.1191908121 2.4948430440    1.116  1.619  3.6554  2.440    3  0.000  0.433     0.00     0.00     0.00     0.00     0.00 -1 -2.46e-11      0.00 6.897e-01 2.950e-01 2.162e-03 1.305e-03 6.661e-03 -1.000 1.525e-02 0.722 3.515 2.368 1.239 0.562 0.029 -0.762 -1.398 -1.491
0.0152 0.01508 9.87506 1.1194000244 2.4948768384    1.116  1.667  3.6526  2.381    3  0.000  0.433     0.00     0.00     0.00     0.00     0.00 -1 -2.93e-11      0.00 6.897e-01 2.950e-01 2.162e-03 1.305e-03 6.661e-03 -1.000 1.525e-02 0.604 3.479 2.289 1.141 0.453 -0.087 -0.889 -1.533 -1.627
0.0152 0.01508 9.87506 1.1195888519 2.4949073275    1.116  1.713  3.6499  2.324    3  0.000  0.433     0.00     0.00     0.00     0.00     0.00 -1 -3.48e-11      0.00 6.897e-01 2.950e-01 2.162e-03 1.305e-03 6.661e-03 -1.000 1.525e-02 0.489 3.446 2.212 1.046 0.348 -0.199 -1.012 -1.664 -1.760
0.0152 0.01508 9.87506 1.1197628975 2.4949354193    1.116  1.758  3.6470  2.267    3  0.000  0.433     0.00     0.00     0.00     0.00     0.00 -1 -4.13e-11      0.00 6.897e-01 2.950e-01 2.162e-03 1.306e-03 6.661e-03 -1.000 1.525e-02 0.374 3.419 2.140 0.954 0.245 -0.310 -1.134 -1.795 -1.894
0.0152 0.01508 9.87506 1.1199259758 2.4949617319    1.116  1.805  3.6441  2.209    3  0.000  0.433     0.00     0.00     0.00     0.00     0.00 -1 -4.92e-11      0.00 6.897e-01 2.950e-01 2.162e-03 1.306e-03 6.661e-03 -1.000 1.525e-02 0.257 3.392 2.066 0.860 0.141 -0.423 -1.259 -1.928 -2.029
0.0152 0.01508 9.87506 1.1200709343 2.4949851135    1.116  1.850  3.6413  2.153    3  0.000  0.433     0.00     0.00     0.00     0.00     0.00 -1 -5.82e-11      0.00 6.897e-01 2.950e-01 2.161e-03 1.306e-03 6.661e-03 -1.000 1.525e-02 0.145 3.368 1.996 0.771 0.040 -0.531 -1.379 -2.057 -2.160
0.0152 0.01508 9.87506 1.1202062368 2.4950069312    1.116  1.895  3.6384  2.096    3  0.000  0.433     0.00     0.00     0.00     0.00     0.00 -1  -6.9e-11      0.00 6.897e-01 2.950e-01 2.161e-03 1.306e-03 6.661e-03 -1.000 1.525e-02 0.031 3.346 1.927 0.682 -0.060 -0.640 -1.500 -2.187 -2.292
0.0152 0.01508 9.87506 1.1203291416 2.4950267446    1.115  1.940  3.6355  2.039    3  0.000  0.433     0.00     0.00     0.00     0.00     0.00 -1 -8.17e-11      0.00 6.897e-01 2.950e-01 2.161e-03 1.306e-03 6.661e-03 -1.000 1.525e-02 -0.080 3.328 1.861 0.597 -0.156 -0.747 -1.619 -2.315 -2.422
0.0152 0.01508 9.87506 1.1204419136 2.4950449201    1.115  1.985  3.6325  1.983    3  0.000  0.433     0.00     0.00     0.00     0.00     0.00 -1 -9.66e-11      0.00 6.897e-01 2.950e-01 2.161e-03 1.307e-03 6.661e-03 -1.000 1.525e-02 -0.191 3.303 1.796 0.511 -0.253 -0.853 -1.738 -2.441 -2.552
0.0152 0.01508 9.87506 1.1205453873 2.4950615932    1.115  2.029  3.6295  1.926    3  0.000  0.432     0.00     0.00     0.00     0.00     0.00 -1 -1.14e-10      0.00 6.897e-01 2.950e-01 2.161e-03 1.307e-03 6.661e-03 -1.000 1.525e-02 -0.302 3.256 1.732 0.423 -0.348 -0.957 -1.855 -2.562 -2.678
0.0152 0.01508 9.87506 1.1206392050 2.4950767074    1.115  2.073  3.6265  1.870    3  0.000  0.432     0.00     0.00     0.00     0.00     0.00 -1 -1.35e-10      0.00 6.897e-01 2.950e-01 2.161e-03 1.307e-03 6.661e-03 -1.000 1.525e-02 -0.412 3.209 1.670 0.338 -0.439 -1.058 -1.969 -2.680 -2.802
0.0152 0.01508 9.87506 1.1207257509 2.4950906476    1.115  2.116  3.6234  1.814    3  0.000  0.432     0.00     0.00     0.00     0.00     0.00 -1 -1.59e-10      0.00 6.897e-01 2.950e-01 2.161e-03 1.307e-03 6.661e-03 -1.000 1.525e-02 -0.521 3.159 1.606 0.254 -0.531 -1.159 -2.084 -2.799 -2.926
0.0152 0.01508 9.87506 1.1208044291 2.4951033182    1.114  2.159  3.6204  1.759    3  0.000  0.432     0.00     0.00     0.00     0.00     0.00 -1 -1.87e-10      0.00 6.897e-01 2.950e-01 2.161e-03 1.307e-03 6.661e-03 -1.000 1.525e-02 -0.629 3.109 1.543 0.170 -0.621 -1.258 -2.197 -2.916 -3.049
0.0152 0.01508 9.87506 1.1208769083 2.4951149888    1.114  2.202  3.6173  1.704    3  0.000  0.432     0.00     0.00     0.00     0.00     0.00 -1  -2.2e-10      0.00 6.897e-01 2.950e-01 2.161e-03 1.307e-03 6.661e-03 -1.000 1.525e-02 -0.736 3.057 1.482 0.090 -0.707 -1.356 -2.308 -3.033 -3.172
0.0152 0.01508 9.87506 1.1209447384 2.4951259092    1.114  2.245  3.6142  1.648    3  0.000  0.432     0.00     0.00     0.00     0.00     0.00 -1  -2.6e-10      0.00 6.897e-01 2.950e-01 2.161e-03 1.307e-03 6.661e-03 -1.000 1.525e-02 -0.844 3.003 1.419 0.009 -0.795 -1.454 -2.421 -3.150 -3.295
0.0152 0.01508 9.87506 1.1210050583 2.4951356192    1.113  2.287  3.6111  1.594    3  0.000  0.432     0.00     0.00     0.00     0.00     0.00 -1 -3.04e-10      0.00 6.897e-01 2.950e-01 2.160e-03 1.307e-03 6.661e-03 -1.000 1.525e-02 -0.947 2.953 1.360 -0.068 -0.879 -1.548 -2.530 -3.263 -3.415
0.0152 0.01508 9.87506 1.1210627556 2.4951449060    1.113  2.330  3.6080  1.539    3  0.000  0.432     0.00     0.00     0.00     0.00     0.00 -1 -3.59e-10      0.00 6.897e-01 2.950e-01 2.160e-03 1.307e-03 6.661e-03 -1.000 1.525e-02 -1.055 2.898 1.298 -0.145 -0.963 -1.644 -2.641 -3.380 -3.539
0.0152 0.01508 9.87506 1.1211138964 2.4951531364    1.113  2.371  3.6048  1.485    3  0.000  0.432     0.00     0.00     0.00     0.00     0.00 -1 -4.19e-10      0.00 6.897e-01 2.950e-01 2.160e-03 1.307e-03 6.661e-03 -1.000 1.525e-02 -1.157 2.860 1.244 -0.214 -1.042 -1.735 -2.749 -3.494 -3.659
0.0152 0.01508 9.87506 1.1211612225 2.4951607522    1.112  2.412  3.6017  1.431    3  0.000  0.432     0.00     0.00     0.00     0.00     0.00 -1  -4.9e-10      0.00 6.897e-01 2.950e-01 2.160e-03 1.308e-03 6.661e-03 -1.000 1.525e-02 -1.259 2.860 1.199 -0.278 -1.119 -1.829 -2.858 -3.612 -3.782
0.0152 0.01508 9.87506 1.1212061644 2.4951679837    1.112  2.453  3.5985  1.377    3  0.000  0.432     0.00     0.00     0.00     0.00     0.00 -1 -5.76e-10      0.00 6.897e-01 2.950e-01 2.160e-03 1.308e-03 6.661e-03 -1.000 1.525e-02 -1.363 2.858 1.154 -0.340 -1.195 -1.924 -2.969 -3.732 -3.907
0.0152 0.01508 9.87506 1.1212460995 2.4951744089    1.111  2.493  3.5952  1.324    3  0.000  0.432     0.00     0.00     0.00     0.00     0.00 -1 -6.71e-10      0.00 6.897e-01 2.950e-01 2.160e-03 1.308e-03 6.661e-03 -1.000 1.525e-02 -1.462 2.855 1.115 -0.394 -1.263 -2.014 -3.077 -3.847 -4.027
0.0152 0.01508 9.87506 1.1212834120 2.4951804117    1.110  2.533  3.5920  1.271    3  0.000  0.432    12.14     8.79     6.16     4.74     3.84  4 -7.83e-10      0.00 6.897e-01 2.950e-01 2.160e-03 1.308e-03 6.661e-03 -1.000 1.525e-02 -1.562 2.854 1.076 -0.448 -1.332 -2.105 -3.184 -3.964 -4.149
0.0152 0.01508 9.87506 1.1213182211 2.4951860114    1.110  2.573  3.5887  1.217    3  0.000  0.432    13.56     9.68     6.75     5.20     4.22  4 -9.15e-10      0.00 6.897e-01 2.950e-01 2.160e-03 1.308e-03 6.661e-03 -1.000 1.525e-02 -1.662 2.852 1.039 -0.498 -1.397 -2.195 -3.292 -4.080 -4.270
0.0152 0.01508 9.87506 1.1213489771 2.4951909587    1.109  2.611  3.5855  1.166    3  0.000  0.432    15.07    10.62     7.37     5.68     4.62  3 -1.06e-09      0.00 6.897e-01 2.950e-01 2.160e-03 1.308e-03 6.661e-03 -1.000 1.525e-02 -1.757 2.849 1.010 -0.538 -1.453 -2.279 -3.395 -4.191 -4.386
0.0152 0.01508 9.87506 1.1213783026 2.4951956756    1.108  2.649  3.5821  1.114    3  0.000  0.432    16.78    11.66     8.07     6.23     5.06  3 -1.23e-09      0.00 6.897e-01 2.950e-01 2.160e-03 1.308e-03 6.661e-03 -1.000 1.525e-02 -1.853 2.849 0.981 -0.579 -1.510 -2.364 -3.499 -4.304 -4.504
0.0152 0.01508 9.87506 1.1214059591 2.4952001238    1.107  2.688  3.5788  1.062    3  0.000  0.432    18.70    12.82     8.83     6.83     5.55  3 -1.43e-09      0.00 6.897e-01 2.950e-01 2.160e-03 1.308e-03 6.661e-03 -1.000 1.525e-02 -1.949 2.846 0.956 -0.615 -1.563 -2.449 -3.604 -4.417 -4.623
0.0152 0.01508 9.87506 1.1214306355 2.4952040925    1.106  2.724  3.5755  1.011    3  0.000  0.432    20.75    14.04     9.63     7.45     6.06  3 -1.65e-09      0.00 6.897e-01 2.950e-01 2.160e-03 1.308e-03 6.661e-03 -1.000 1.525e-02 -2.041 2.841 0.940 -0.636 -1.603 -2.527 -3.704 -4.525 -4.736
0.0152 0.01508 9.87506 1.1214594841 2.4952087319    1.105  2.770  3.5712  0.948    3  0.000  0.432    23.64    15.73    10.73     8.32     6.77  3 -1.98e-09      0.00 6.897e-01 2.950e-01 2.160e-03 1.308e-03 6.661e-03 -1.000 1.525e-02 -2.155 2.843 0.924 -0.660 -1.652 -2.625 -3.830 -4.661 -4.878
0.0152 0.01508 9.87506 1.1214858294 2.4952129686    1.104  2.815  3.5669  0.886    3  0.000  0.432    26.90    17.61    11.95     9.29     7.55  3 -2.37e-09      0.00 6.897e-01 2.950e-01 2.160e-03 1.308e-03 6.661e-03 -1.000 1.525e-02 -2.267 2.843 0.923 -0.663 -1.685 -2.717 -3.955 -4.795 -5.019
0.0152 0.01508 9.87506 1.1215099096 2.4952168407    1.102  2.859  3.5626  0.824    3  0.000  0.432    30.56    19.68    13.29    10.34     8.41  3 -2.82e-09      0.00 6.897e-01 2.950e-01 2.160e-03 1.308e-03 6.661e-03 -1.000 1.525e-02 -2.377 2.842 0.927 -0.657 -1.711 -2.805 -4.078 -4.926 -5.157
0.0152 0.01508 9.87506 1.1215323210 2.4952204444    1.101  2.903  3.5583  0.762    3  0.000  0.432    34.72    21.99    14.78    11.52     9.37  2 -3.36e-09      0.00 6.897e-01 2.951e-01 2.160e-03 1.308e-03 6.661e-03 -1.000 1.525e-02 -2.486 2.841 0.941 -0.640 -1.728 -2.890 -4.200 -5.057 -5.295
0.0152 0.01508 9.87506 1.1215528250 2.4952237412    1.099  2.945  3.5539  0.701    3  0.000  0.432    39.38    24.55    16.41    12.82    10.43  2 -3.99e-09      0.00 6.897e-01 2.951e-01 2.160e-03 1.308e-03 6.661e-03 -1.000 1.525e-02 -2.594 2.840 0.969 -0.602 -1.732 -2.967 -4.320 -5.186 -5.431
0.0152 0.01508 9.87506 1.1215713024 2.4952267120    1.097  2.987  3.5496  0.642    3  0.000  0.432    44.50    27.31    18.17    14.21    11.57  2 -4.72e-09      0.00 6.897e-01 2.951e-01 2.160e-03 1.308e-03 6.661e-03 -1.000 1.525e-02 -2.697 2.840 1.002 -0.560 -1.732 -3.039 -4.436 -5.310 -5.563
0.0152 0.01508 9.87506 1.1215889454 2.4952295485    1.095  3.028  3.5452  0.582    3  0.000  0.432    50.37    30.42    20.14    15.78    12.85  2 -5.59e-09      0.00 6.897e-01 2.951e-01 2.160e-03 1.308e-03 6.661e-03 -1.000 1.525e-02 -2.800 2.838 1.057 -0.486 -1.712 -3.099 -4.554 -5.435 -5.695
0.0152 0.01508 9.87506 1.1216050386 2.4952321359    1.092  3.068  3.5408  0.523    3  0.000  0.432    56.85    33.80    22.28    17.48    14.24  2 -6.59e-09      0.00 6.897e-01 2.951e-01 2.160e-03 1.308e-03 6.661e-03 -1.000 1.525e-02 -2.900 2.839 1.115 -0.409 -1.689 -3.155 -4.669 -5.557 -5.825
0.0152 0.01508 9.87506 1.1216199398 2.4952345314    1.090  3.107  3.5364  0.466    3  0.000  0.432    64.07    37.51    24.60    19.34    15.75  2 -7.76e-09      0.00 6.897e-01 2.951e-01 2.160e-03 1.308e-03 6.661e-03 -1.000 1.525e-02 -2.998 2.840 1.197 -0.303 -1.650 -3.196 -4.782 -5.676 -5.952
0.0152 0.01508 9.87506 1.1216337681 2.4952367545    1.087  3.146  3.5319  0.408    3  0.000  0.432    72.18    41.61    27.16    21.39    17.43  2 -9.12e-09      0.00 6.897e-01 2.951e-01 2.160e-03 1.308e-03 6.661e-03 -1.000 1.525e-02 -3.095 2.843 1.290 -0.185 -1.603 -3.231 -4.894 -5.794 -6.078
0.0152 0.01508 9.87506 1.1216466427 2.4952388241    1.084  3.184  3.5275  0.351    3  0.000  0.432    81.24    46.12    29.96    23.63    19.26  2 -1.07e-08      0.00 6.897e-01 2.951e-01 2.160e-03 1.308e-03 6.661e-03 -1.000 1.525e-02 -3.191 2.845 1.400 -0.046 -1.544 -3.248 -5.005 -5.910 -6.203
0.0152 0.01508 9.87506 1.1216585636 2.4952407405    1.080  3.221  3.5230  0.294    3  0.000  0.432    91.21    51.00    32.98    26.05    21.24  2 -1.25e-08      0.00 6.897e-01 2.951e-01 2.160e-03 1.308e-03 6.661e-03 -1.000 1.525e-02 -3.283 2.850 1.528 0.115 -1.472 -3.249 -5.113 -6.022 -6.324
0.0152 0.01508 9.87506 1.1216697693 2.4952425417    1.077  3.257  3.5185  0.239    3  0.000  0.432   102.32    56.35    36.28    28.70    23.40  1 -1.46e-08      0.00 6.897e-01 2.951e-01 2.160e-03 1.308e-03 6.662e-03 -1.000 1.525e-02 -3.374 2.858 1.672 0.298 -1.385 -3.234 -5.219 -6.132 -6.444
0.0152 0.01508 9.87506 1.1216801405 2.4952442089    1.073  3.293  3.5140  0.184    3  0.000  0.432   114.61    62.18    39.85    31.58    25.75  1 -1.71e-08      0.00 6.897e-01 2.951e-01 2.160e-03 1.308e-03 6.662e-03 -1.000 1.525e-02 -3.462 2.867 1.841 0.518 -1.275 -3.189 -5.322 -6.240 -6.562
0.0152 0.01508 9.87506 1.1216899157 2.4952457801    1.068  3.327  3.5096  0.130    3  0.000  0.432   128.15    68.50    43.71    34.69    28.30  1 -1.98e-08      0.00 6.897e-01 2.951e-01 2.160e-03 1.308e-03 6.662e-03 -1.000 1.525e-02 -3.548 2.876 2.008 0.734 -1.167 -3.144 -5.423 -6.345 -6.677
0.0152 0.01508 9.87506 1.1216993332 2.4952472939    1.063  3.361  3.5051  0.076    3  0.000  0.432   143.18    75.41    47.90    38.08    31.07  1 -2.31e-08      0.00 6.897e-01 2.951e-01 2.160e-03 1.308e-03 6.662e-03 -1.000 1.525e-02 -3.634 2.876 2.143 0.910 -1.080 -3.104 -5.522 -6.449 -6.788
0.0152 0.01508 9.87506 1.1217107773 2.4952491333    1.056  3.401  3.5000  0.012    3  0.000  0.432   163.15    84.42    53.35    42.48    34.67  1 -2.77e-08      0.00 6.897e-01 2.951e-01 2.160e-03 1.308e-03 6.662e-03 -1.000 1.525e-02 -3.733 2.883 2.322 1.140 -0.961 -3.042 -5.638 -6.570 -6.920
0.0152 0.01508 9.87506 1.1217107773 2.4952491333    1.056  1.699  3.6682  2.388    4  0.000  0.449     0.00     0.00     0.00     0.00     0.00 -1    -1e-30      0.00 6.915e-01 2.934e-01 2.240e-03 1.204e-03 6.647e-03 -1.000 1.518e-02 0.522 3.030 2.025 0.947 0.317 -0.185 -0.928 -1.520 -1.605
0.0152 0.01508 9.87506 1.1218328476 2.4952687515    1.056  1.708  3.6676  2.376    4  0.000  0.449     0.00     0.00     0.00     0.00     0.00 -1    -1e-30      0.00 6.915e-01 2.934e-01 2.240e-03 1.204e-03 6.647e-03 -1.000 1.518e-02 0.500 3.026 2.011 0.929 0.297 -0.207 -0.953 -1.546 -1.631
0.0152 0.01508 9.87506 1.1219582558 2.4952889011    1.056  1.712  3.6674  2.371    4  0.000  0.449     0.00     0.00     0.00     0.00     0.00 -1    -1e-30      0.00 6.915e-01 2.934e-01 2.240e-03 1.204e-03 6.647e-03 -1.000 1.518e-02 0.490 3.021 2.004 0.920 0.287 -0.217 -0.963 -1.557 -1.643
0.0152 0.01508 9.87506 1.1220846176 2.4953091986    1.057  1.712  3.6676  2.373    4  0.000  0.449     0.00     0.00     0.00     0.00     0.00 -1    -1e-30      0.00 6.915e-01 2.934e-01 2.239e-03 1.204e-03 6.647e-03 -1.000 1.518e-02 0.491 3.016 2.002 0.919 0.287 -0.216 -0.962 -1.555 -1.640
0.0152 0.01508 9.87506 1.1222147942 2.4953301034    1.057  1.710  3.6680  2.376    4  0.000  0.449     0.00     0.00     0.00     0.00     0.00 -1    -1e-30      0.00 6.915e-01 2.934e-01 2.239e-03 1.204e-03 6.647e-03 -1.000 1.518e-02 0.496 3.011 2.002 0.921 0.291 -0.212 -0.956 -1.547 -1.632
0.0152 0.01508 9.87506 1.1223444939 2.4953509260    1.057  1.707  3.6685  2.381    4  0.000  0.449     0.00     0.00     0.00     0.00     0.00 -1    -1e-30      0.00 6.914e-01 2.934e-01 2.239e-03 1.205e-03 6.647e-03 -1.000 1.518e-02 0.502 3.005 2.003 0.924 0.296 -0.205 -0.948 -1.538 -1.623
0.0152 0.01508 9.87506 1.1224725246 2.4953714753    1.057  1.704  3.6690  2.386    4  0.000  0.449     0.00     0.00     0.00     0.00     0.00 -1    -1e-30      0.00 6.914e-01 2.934e-01 2.239e-03 1.205e-03 6.647e-03 -1.000 1.518e-02 0.509 2.999 2.003 0.928 0.301 -0.199 -0.939 -1.528 -1.613
0.0152 0.01508 9.87506 1.1225999594 2.4953919236    1.057  1.702  3.6695  2.390    4  0.000  0.449     0.00     0.00     0.00     0.00     0.00 -1    -1e-30      0.00 6.914e-01 2.934e-01 2.239e-03 1.205e-03 6.647e-03 -1.000 1.518e-02 0.516 2.993 2.004 0.931 0.306 -0.193 -0.932 -1.519 -1.603
0.0152 0.01508 9.87506 1.1227313280 2.4954129975    1.057  1.699  3.6700  2.395    4  0.000  0.449     0.00     0.00     0.00     0.00     0.00 -1    -1e-30      0.00 6.914e-01 2.934e-01 2.239e-03 1.205e-03 6.647e-03 -1.000 1.518e-02 0.522 2.988 2.004 0.934 0.311 -0.187 -0.924 -1.510 -1.594
0.0152 0.01508 9.87506 1.1228526831 2.4954324601    1.058  1.697  3.6703  2.398    4  0.000  0.449     0.00     0.00     0.00     0.00     0.00 -1    -1e-30      0.00 6.914e-01 2.934e-01 2.239e-03 1.206e-03 6.647e-03 -1.000 1.518e-02 0.527 2.984 2.005 0.937 0.315 -0.182 -0.917 -1.502 -1.586
0.0152 0.01508 9.87506 1.1229758263 2.4954522044    1.058  1.695  3.6707  2.402    4  0.000  0.449     0.00     0.00     0.00     0.00     0.00 -1    -1e-30      0.00 6.914e-01 2.934e-01 2.238e-03 1.206e-03 6.647e-03 -1.000 1.518e-02 0.531 2.979 2.005 0.939 0.318 -0.178 -0.912 -1.495 -1.579
0.0152 0.01508 9.87506 1.1230993271 2.4954720011    1.058  1.694  3.6710  2.405    4  0.000  0.449     0.00     0.00     0.00     0.00     0.00 -1    -1e-30      0.00 6.914e-01 2.934e-01 2.238e-03 1.206e-03 6.647e-03 -1.000 1.518e-02 0.535 2.975 2.006 0.941 0.321 -0.174 -0.907 -1.490 -1.573
0.0152 0.01508 9.87506 1.1232218742 2.4954916400    1.058  1.693  3.6714  2.407    4  0.000  0.449     0.00     0.00     0.00     0.00     0.00 -1    -1e-30      0.00 6.914e-01 2.934e-01 2.238e-03 1.206e-03 6.648e-03 -1.000 1.518e-02 0.539 2.971 2.005 0.943 0.324 -0.171 -0.903 -1.484 -1.567
0.0152 0.01508 9.87506 1.1233435869 2.4955111403    1.058  1.691  3.6716  2.410    4  0.000  0.449     0.00     0.00     0.00     0.00     0.00 -1    -1e-30      0.00 6.914e-01 2.934e-01 2.238e-03 1.206e-03 6.648e-03 -1.000 1.518e-02 0.541 2.967 2.005 0.944 0.326 -0.169 -0.899 -1.480 -1.563
0.0152 0.01508 9.87506 1.1234731674 2.4955318957    1.058  1.690  3.6719  2.412    4  0.000  0.449     0.00     0.00     0.00     0.00     0.00 -1    -1e-30      0.00 6.914e-01 2.934e-01 2.238e-03 1.207e-03 6.648e-03 -1.000 1.518e-02 0.544 2.964 2.005 0.945 0.328 -0.166 -0.896 -1.476 -1.558
0.0152 0.01508 9.87506 1.1235034466 2.4955367449    1.058  1.690  3.6720  2.412    4  0.000  0.449     0.00     0.00     0.00     0.00     0.00 -1    -1e-30      0.00 6.914e-01 2.934e-01 2.238e-03 1.207e-03 6.648e-03 -1.000 1.518e-02 0.544 2.963 2.004 0.945 0.328 -0.166 -0.895 -1.475 -1.557
0.0152 0.01508 9.87506 1.1236331463 2.4955575127    1.058  1.689  3.6722  2.414    4  0.000  0.449     0.00     0.00     0.00     0.00     0.00 -1    -1e-30      0.00 6.914e-01 2.934e-01 2.238e-03 1.207e-03 6.648e-03 -1.000 1.518e-02 0.546 2.959 2.004 0.945 0.329 -0.164 -0.892 -1.472 -1.554
0.0152 0.01508 9.87506 1.1237571239 2.4955773591    1.059  1.689  3.6724  2.415    4  0.000  0.449     0.00     0.00     0.00     0.00     0.00 -1    -1e-30      0.00 6.914e-01 2.934e-01 2.237e-03 1.207e-03 6.648e-03 -1.000 1.518e-02 0.548 2.956 2.003 0.945 0.330 -0.163 -0.890 -1.469 -1.551
0.0152 0.01508 9.87506 1.1238805056 2.4955971050    1.059  1.689  3.6725  2.416    4  0.000  0.449     0.00     0.00     0.00     0.00     0.00 -1    -1e-30      0.00 6.914e-01 2.934e-01 2.237e-03 1.207e-03 6.648e-03 -1.000 1.518e-02 0.548 2.953 2.002 0.945 0.330 -0.162 -0.889 -1.468 -1.550
0.0152 0.01508 9.87506 1.1240102053 2.4956178568    1.059  1.689  3.6727  2.417    4  0.000  0.449     0.00     0.00     0.00     0.00     0.00 -1    -1e-30      0.00 6.914e-01 2.934e-01 2.237e-03 1.207e-03 6.648e-03 -1.000 1.518e-02 0.548 2.950 2.000 0.944 0.330 -0.163 -0.889 -1.467 -1.549
0.0152 0.01508 9.87506 1.1241331100 2.4956375163    1.059  1.689  3.6727  2.417    4  0.000  0.449     0.00     0.00     0.00     0.00     0.00 -1    -1e-30      0.00 6.914e-01 2.934e-01 2.237e-03 1.208e-03 6.648e-03 -1.000 1.518e-02 0.547 2.947 1.998 0.943 0.329 -0.164 -0.890 -1.467 -1.549
0.0152 0.01508 9.87506 1.1242661476 2.4956587910    1.059  1.690  3.6728  2.416    4  0.000  0.449     0.00     0.00     0.00     0.00     0.00 -1    -1e-30      0.00 6.914e-01 2.934e-01 2.237e-03 1.208e-03 6.648e-03 -1.000 1.518e-02 0.545 2.945 1.996 0.941 0.327 -0.166 -0.892 -1.469 -1.551
0.0152 0.01508 9.87506 1.1243929863 2.4956790691    1.059  1.691  3.6728  2.415    4  0.000  0.449     0.00     0.00     0.00     0.00     0.00 -1    -1e-30      0.00 6.914e-01 2.934e-01 2.237e-03 1.208e-03 6.648e-03 -1.000 1.518e-02 0.542 2.942 1.994 0.938 0.324 -0.168 -0.895 -1.472 -1.554
0.0152 0.01508 9.87506 1.1244010925 2.4956803649    1.059  1.691  3.6728  2.415    4  0.000  0.449     0.00     0.00     0.00     0.00     0.00 -1    -1e-30      0.00 6.914e-01 2.934e-01 2.237e-03 1.208e-03 6.648e-03 -1.000 1.518e-02 0.542 2.942 1.993 0.938 0.323 -0.169 -0.895 -1.472 -1.554
0.0152 0.01508 9.87506 1.1244684458 2.4956911305    1.059  1.692  3.6727  2.414    4  0.000  0.449     0.00     0.00     0.00     0.00     0.00 -1    -1e-30      0.00 6.914e-01 2.934e-01 2.237e-03 1.208e-03 6.648e-03 -1.000 1.518e-02 0.540 2.941 1.992 0.936 0.321 -0.171 -0.897 -1.475 -1.557
0.0152 0.01508 9.87506 1.1245881319 2.4957102573    1.060  1.694  3.6726  2.412    4  0.000  0.448     0.00     0.00     0.00     0.00     0.00 -1    -1e-30      0.00 6.914e-01 2.934e-01 2.236e-03 1.208e-03 6.648e-03 -1.000 1.518e-02 0.535 2.939 1.988 0.932 0.317 -0.175 -0.902 -1.480 -1.562
0.0152 0.01508 9.87506 1.1247044802 2.4957288461    1.060  1.696  3.6725  2.409    4  0.000  0.448     0.00     0.00     0.00     0.00     0.00 -1    -1e-30      0.00 6.914e-01 2.934e-01 2.236e-03 1.209e-03 6.648e-03 -1.000 1.518e-02 0.530 2.938 1.985 0.927 0.312 -0.181 -0.908 -1.486 -1.568
0.0152 0.01508 9.87506 1.1248211861 2.4957474877    1.060  1.699  3.6723  2.405    4  0.000  0.448     0.00     0.00     0.00     0.00     0.00 -1    -1e-30      0.00 6.914e-01 2.934e-01 2.236e-03 1.209e-03 6.648e-03 -1.000 1.518e-02 0.523 2.936 1.980 0.921 0.306 -0.188 -0.916 -1.494 -1.577
0.0152 0.01508 9.87506 1.1249401569 2.4957664865    1.060  1.702  3.6720  2.401    4  0.000  0.448     0.00     0.00     0.00     0.00     0.00 -1    -1e-30      0.00 6.914e-01 2.934e-01 2.236e-03 1.209e-03 6.648e-03 -1.000 1.518e-02 0.514 2.935 1.975 0.914 0.297 -0.196 -0.926 -1.505 -1.588
0.0152 0.01508 9.87506 1.1250592470 2.4957854996    1.060  1.707  3.6716  2.395    4  0.000  0.448     0.00     0.00     0.00     0.00     0.00 -1    -1e-30      0.00 6.914e-01 2.934e-01 2.236e-03 1.209e-03 6.648e-03 -1.000 1.518e-02 0.504 2.934 1.969 0.906 0.288 -0.207 -0.937 -1.518 -1.600
0.0152 0.01508 9.87506 1.1251769066 2.4958042799    1.060  1.711  3.6712  2.389    4  0.000  0.448     0.00     0.00     0.00     0.00     0.00 -1    -1e-30      0.00 6.914e-01 2.934e-01 2.236e-03 1.209e-03 6.648e-03 -1.000 1.518e-02 0.492 2.932 1.962 0.896 0.277 -0.218 -0.950 -1.532 -1.615
0.0152 0.01508 9.87506 1.1252951622 2.4958231507    1.060  1.717  3.6706  2.381    4  0.000  0.448     0.00     0.00     0.00     0.00     0.00 -1    -1e-30      0.00 6.914e-01 2.934e-01 2.236e-03 1.210e-03 6.648e-03 -1.000 1.518e-02 0.477 2.931 1.953 0.885 0.264 -0.233 -0.967 -1.550 -1.634
0.0152 0.01508 9.87506 1.1254119873 2.4958417888    1.061  1.725  3.6699  2.371    4  0.000  0.448     0.00     0.00     0.00     0.00     0.00 -1    -1e-30      0.00 6.914e-01 2.935e-01 2.235e-03 1.210e-03 6.648e-03 -1.000 1.518e-02 0.458 2.930 1.943 0.870 0.247 -0.251 -0.988 -1.573 -1.657
0.0152 0.01508 9.87506 1.1255366802 2.4958616772    1.061  1.734  3.6691  2.358    4  0.000  0.448     0.00     0.00     0.00     0.00     0.00 -1    -1e-30      0.00 6.914e-01 2.935e-01 2.235e-03 1.210e-03 6.648e-03 -1.000 1.518e-02 0.436 2.931 1.931 0.853 0.227 -0.273 -1.013 -1.601 -1.686
0.0152 0.01508 9.87506 1.1256533861 2.4958802871    1.061  1.740  3.6686  2.350    4  0.000  0.448     0.00     0.00     0.00     0.00     0.00 -1    -1e-30      0.00 6.914e-01 2.935e-01 2.235e-03 1.210e-03 6.648e-03 -1.000 1.518e-02 0.421 2.929 1.923 0.842 0.214 -0.287 -1.029 -1.619 -1.703
0.0152 0.01508 9.87506 1.1257715225 2.4958991205    1.061  1.763  3.6664  2.318    4  0.000  0.448     0.00     0.00     0.00     0.00     0.00 -1    -1e-30      0.00 6.914e-01 2.935e-01 2.235e-03 1.210e-03 6.648e-03 -1.000 1.518e-02 0.362 2.928 1.891 0.797 0.162 -0.345 -1.095 -1.691 -1.777
0.0152 0.01508 9.87506 1.1258815527 2.4959166576    1.061  1.802  3.6629  2.266    4  0.000  0.448     0.00     0.00     0.00     0.00     0.00 -1    -1e-30      0.00 6.914e-01 2.935e-01 2.235e-03 1.211e-03 6.649e-03 -1.000 1.518e-02 0.266 2.926 1.839 0.724 0.076 -0.438 -1.201 -1.807 -1.896
0.0152 0.01508 9.87506 1.1259354353 2.4959252442    1.061  1.840  3.6594  2.214    4  0.000  0.448     0.00     0.00     0.00     0.00     0.00 -1    -1e-30      0.00 6.914e-01 2.935e-01 2.235e-03 1.211e-03 6.649e-03 -1.000 1.518e-02 0.170 2.925 1.788 0.652 -0.008 -0.530 -1.308 -1.924 -2.014
0.0152 0.01508 9.87506 1.1259653568 2.4959300120    1.061  1.881  3.6557  2.157    4  0.000  0.448     0.00     0.00     0.00     0.00     0.00 -1    -1e-30      0.00 6.913e-01 2.935e-01 2.235e-03 1.211e-03 6.649e-03 -1.000 1.518e-02 0.067 2.927 1.735 0.576 -0.098 -0.630 -1.422 -2.050 -2.143
0.0152 0.01508 9.87506 1.1259797812 2.4959323104    1.061  1.920  3.6523  2.105    4  0.000  0.448     0.00     0.00     0.00     0.00     0.00 -1    -1e-30      0.00 6.913e-01 2.935e-01 2.235e-03 1.211e-03 6.649e-03 -1.000 1.518e-02 -0.029 2.928 1.685 0.505 -0.182 -0.722 -1.528 -2.166 -2.261
0.0152 0.01508 9.87506 1.1259870529 2.4959334690    1.061  1.958  3.6489  2.054    4  0.000  0.448     0.00     0.00     0.00     0.00     0.00 -1    -1e-30      0.00 6.913e-01 2.935e-01 2.235e-03 1.211e-03 6.649e-03 -1.000 1.518e-02 -0.124 2.931 1.637 0.436 -0.264 -0.812 -1.632 -2.280 -2.378
0.0152 0.01508 9.87506 1.1259914637 2.4959341718    1.061  1.995  3.6456  2.003    4  0.000  0.448     0.00     0.00     0.00     0.00     0.00 -1    -1e-30      0.00 6.913e-01 2.935e-01 2.235e-03 1.211e-03 6.649e-03 -1.000 1.518e-02 -0.218 2.936 1.591 0.369 -0.344 -0.902 -1.734 -2.393 -2.493
0.0152 0.01508 9.87506 1.1259943247 2.4959346276    1.061  2.033  3.6423  1.953    4  0.000  0.448     0.00     0.00     0.00     0.00     0.00 -1    -1e-30      0.00 6.913e-01 2.935e-01 2.235e-03 1.211e-03 6.649e-03 -1.000 1.518e-02 -0.312 2.919 1.545 0.298 -0.424 -0.990 -1.836 -2.500 -2.605
0.0152 0.01508 9.87506 1.1259957552 2.4959348555    1.061  2.058  3.6402  1.919    7  0.000  0.448     0.00     0.00     0.00     0.00     0.00 -1    -1e-30      0.00 6.913e-01 2.935e-01 2.235e-03 1.211e-03 6.649e-03 -1.000 1.518e-02 -0.375 2.905 1.513 0.251 -0.478 -1.049 -1.904 -2.572 -2.679
0.0152 0.01508 9.87506 1.1259964705 2.4959349695    1.061  2.070  3.6392  1.903    7  0.000  0.448     0.00     0.00     0.00     0.00     0.00 -1    -1e-30      0.00 6.913e-01 2.935e-01 2.235e-03 1.211e-03 6.649e-03 -1.000 1.518e-02 -0.405 2.898 1.499 0.229 -0.503 -1.076 -1.936 -2.605 -2.715
0.0152 0.01508 9.87506 1.1259984970 2.4959352924    1.061  2.112  3.6356  1.846    7  0.000  0.448     0.00     0.00     0.00     0.00     0.00 -1    -1e-30      0.00 6.913e-01 2.935e-01 2.235e-03 1.211e-03 6.649e-03 -1.000 1.518e-02 -0.509 2.873 1.448 0.152 -0.589 -1.173 -2.047 -2.723 -2.838
0.0152 0.01508 9.87506 1.1260001659 2.4959355583    1.061  2.148  3.6325  1.798    7  0.000  0.448     0.00     0.00     0.00     0.00     0.00 -1    -1e-30      0.00 6.913e-01 2.935e-01 2.235e-03 1.211e-03 6.649e-03 -1.000 1.518e-02 -0.600 2.850 1.402 0.085 -0.664 -1.256 -2.143 -2.825 -2.945
0.0152 0.01508 9.87506 1.1260020733 2.4959358622    1.061  2.176  3.6302  1.761    7  0.000  0.448     0.00     0.00     0.00     0.00     0.00 -1    -1e-30      0.00 6.913e-01 2.935e-01 2.235e-03 1.211e-03 6.649e-03 -1.000 1.518e-02 -0.669 2.830 1.366 0.033 -0.722 -1.320 -2.218 -2.903 -3.027
0.0152 0.01508 9.87506 1.1260039806 2.4959361661    1.061  2.198  3.6283  1.731    7  0.000  0.448     0.00     0.00     0.00     0.00     0.00 -1    -1e-30      0.00 6.913e-01 2.935e-01 2.235e-03 1.211e-03 6.649e-03 -1.000 1.518e-02 -0.724 2.812 1.338 -0.007 -0.766 -1.370 -2.276 -2.964 -3.091
0.0152 0.01508 9.87506 1.1260092258 2.4959370018    1.061  2.177  3.6301  1.759    7  0.000  0.448     0.00     0.00     0.00     0.00     0.00 -1 -1.13e-30      0.00 6.913e-01 2.935e-01 2.235e-03 1.211e-03 6.649e-03 -1.000 1.519e-02 -0.672 2.827 1.364 0.030 -0.725 -1.323 -2.221 -2.906 -3.030
0.0152 0.01508 9.87506 1.1260128021 2.4959375716    1.061  2.152  3.6323  1.793    7  0.000  0.448     0.00     0.00     0.00     0.00     0.00 -1 -2.91e-30      0.00 6.913e-01 2.934e-01 2.235e-03 1.211e-03 6.649e-03 -1.000 1.521e-02 -0.610 2.845 1.396 0.076 -0.673 -1.265 -2.154 -2.836 -2.956
0.0152 0.01508 9.87506 1.1260209084 2.4959388631    1.061  2.120  3.6349  1.835    7  0.000  0.448     0.00     0.00     0.00     0.00     0.00 -1 -1.76e-29      0.00 6.913e-01 2.934e-01 2.235e-03 1.211e-03 6.649e-03 -1.000 1.525e-02 -0.531 2.866 1.436 0.135 -0.608 -1.193 -2.070 -2.747 -2.863
0.0152 0.01508 9.87506 1.1260378361 2.4959415600    1.061  2.108  3.6360  1.852    7  0.000  0.448     0.00     0.00     0.00     0.00     0.00 -1  -6.3e-27      0.00 6.913e-01 2.933e-01 2.235e-03 1.211e-03 6.649e-03 -1.000 1.538e-02 -0.500 2.874 1.451 0.158 -0.582 -1.165 -2.037 -2.713 -2.827
0.0152 0.01508 9.87506 1.1261276007 2.4959558595    1.061  2.129  3.6341  1.823    7  0.000  0.448     0.00     0.00     0.00     0.00     0.00 -1 -3.57e-10      0.00 6.913e-01 2.924e-01 2.234e-03 1.211e-03 6.649e-03 -1.000 1.626e-02 -0.552 2.863 1.426 0.120 -0.625 -1.212 -2.093 -2.772 -2.889
0.0152 0.01508 9.87506 1.1261862516 2.4959652013    1.060  2.173  3.6303  1.764    7  0.000  0.448     0.00     0.00     0.00     0.00     0.00 -1 -6.93e-10      0.00 6.913e-01 2.924e-01 2.234e-03 1.211e-03 6.649e-03 -1.000 1.627e-02 -0.662 2.834 1.371 0.039 -0.715 -1.313 -2.210 -2.895 -3.018
0.0152 0.01508 9.87506 1.1262359619 2.4959731181    1.059  2.216  3.6266  1.705    7  0.000  0.448     0.00     0.00     0.00     0.00     0.00 -1 -8.62e-10      0.00 6.913e-01 2.924e-01 2.234e-03 1.211e-03 6.649e-03 -1.000 1.627e-02 -0.770 2.800 1.317 -0.039 -0.802 -1.411 -2.325 -3.016 -3.146
0.0152 0.01508 9.87506 1.1262782812 2.4959798572    1.058  2.259  3.6229  1.647    7  0.000  0.448     0.00     0.00     0.00     0.00     0.00 -1 -1.08e-09      0.00 6.913e-01 2.924e-01 2.234e-03 1.211e-03 6.649e-03 -1.000 1.627e-02 -0.878 2.764 1.261 -0.117 -0.889 -1.509 -2.439 -3.137 -3.274
0.0152 0.01508 9.87506 1.1263136864 2.4959854948    1.057  2.302  3.6193  1.590    7  0.000  0.448     0.00     0.00     0.00     0.00     0.00 -1 -1.34e-09      0.00 6.913e-01 2.924e-01 2.234e-03 1.211e-03 6.649e-03 -1.000 1.627e-02 -0.984 2.726 1.206 -0.193 -0.974 -1.605 -2.551 -3.255 -3.399
0.0152 0.01508 9.87506 1.1263436079 2.4959902589    1.056  2.343  3.6158  1.533    7  0.000  0.448     0.00     0.00     0.00     0.00     0.00 -1 -1.65e-09      0.00 6.913e-01 2.924e-01 2.234e-03 1.211e-03 6.649e-03 -1.000 1.627e-02 -1.088 2.688 1.153 -0.265 -1.054 -1.697 -2.660 -3.371 -3.522
0.0152 0.01508 9.87506 1.1263697147 2.4959944154    1.055  2.385  3.6122  1.477    7  0.000  0.448     0.00     0.00     0.00     0.00     0.00 -1 -2.04e-09      0.00 6.913e-01 2.924e-01 2.234e-03 1.211e-03 6.649e-03 -1.000 1.627e-02 -1.191 2.669 1.103 -0.334 -1.133 -1.790 -2.770 -3.489 -3.646
0.0152 0.01508 9.87506 1.1263928413 2.4959980973    1.054  2.426  3.6086  1.422    7  0.000  0.448     0.00     0.00     0.00     0.00     0.00 -1  -2.5e-09      0.00 6.913e-01 2.924e-01 2.234e-03 1.211e-03 6.649e-03 -1.000 1.627e-02 -1.294 2.681 1.062 -0.396 -1.210 -1.883 -2.881 -3.610 -3.773
0.0152 0.01508 9.87506 1.1264134645 2.4960013804    1.053  2.467  3.6050  1.366    7  0.000  0.448     0.00     0.00     0.00     0.00     0.00 -1 -3.08e-09      0.00 6.913e-01 2.924e-01 2.234e-03 1.211e-03 6.649e-03 -1.000 1.627e-02 -1.396 2.690 1.022 -0.455 -1.285 -1.976 -2.991 -3.730 -3.898
0.0152 0.01508 9.87506 1.1264325380 2.4960044167    1.051  2.508  3.6014  1.310    7  0.000  0.448    10.98     8.08     5.67     4.36     3.54  4 -3.76e-09      0.00 6.913e-01 2.924e-01 2.234e-03 1.212e-03 6.649e-03 -1.000 1.627e-02 -1.499 2.702 0.984 -0.514 -1.359 -2.069 -3.102 -3.851 -4.024
0.0152 0.01508 9.87506 1.1264501810 2.4960072252    1.049  2.548  3.5975  1.252    7  0.000  0.448    12.37     8.96     6.26     4.83     3.92  4 -4.57e-09      0.00 6.913e-01 2.924e-01 2.233e-03 1.212e-03 6.649e-03 -1.000 1.627e-02 -1.601 2.718 0.953 -0.564 -1.426 -2.160 -3.213 -3.973 -4.152
0.0152 0.01508 9.87506 1.1264666319 2.4960098438    1.047  2.589  3.5919  1.189    7  0.000  0.448    14.11    10.05     6.99     5.39     4.38  3 -5.62e-09      0.00 6.913e-01 2.924e-01 2.232e-03 1.212e-03 6.649e-03 -1.000 1.627e-02 -1.703 2.770 0.952 -0.586 -1.473 -2.245 -3.327 -4.103 -4.290
0.0152 0.01508 9.87506 1.1264785528 2.4960117413    1.046  2.620  3.5865  1.136    7  0.000  0.447    15.75    11.05     7.65     5.92     4.80  3  -6.5e-09      0.00 6.913e-01 2.924e-01 2.230e-03 1.214e-03 6.649e-03 -1.000 1.626e-02 -1.780 2.828 0.975 -0.579 -1.490 -2.306 -3.416 -4.208 -4.402
0.0152 0.01508 9.87506 1.1264935732 2.4960141321    1.043  2.660  3.5826  1.078    7  0.000  0.446    17.73    12.25     8.44     6.54     5.31  3 -7.94e-09      0.00 6.913e-01 2.924e-01 2.226e-03 1.217e-03 6.649e-03 -1.000 1.626e-02 -1.881 2.836 0.952 -0.616 -1.546 -2.394 -3.527 -4.329 -4.530
0.0152 0.01508 9.87506 1.1265075207 2.4960163521    1.040  2.701  3.5786  1.021    7  0.000  0.445    19.97    13.59     9.32     7.23     5.87  3 -9.61e-09      0.00 6.913e-01 2.924e-01 2.220e-03 1.224e-03 6.649e-03 -1.000 1.626e-02 -1.982 2.844 0.934 -0.644 -1.595 -2.481 -3.638 -4.450 -4.657
0.0152 0.01508 9.87506 1.1265206337 2.4960184392    1.037  2.741  3.5746  0.963    7  0.000  0.444    22.47    15.05    10.28     7.98     6.49  3 -1.17e-08      0.00 6.913e-01 2.924e-01 2.214e-03 1.232e-03 6.649e-03 -1.000 1.626e-02 -2.081 2.852 0.928 -0.657 -1.631 -2.565 -3.748 -4.570 -4.783
0.0152 0.01508 9.87506 1.1265329123 2.4960203934    1.033  2.782  3.5703  0.904    7  0.000  0.443    25.42    16.76    11.38     8.86     7.20  3 -1.43e-08      0.00 6.913e-01 2.924e-01 2.208e-03 1.239e-03 6.649e-03 -1.000 1.626e-02 -2.184 2.864 0.925 -0.669 -1.668 -2.651 -3.862 -4.694 -4.914
0.0152 0.01508 9.87506 1.1265422106 2.4960218732    1.030  2.823  3.5659  0.844    7  0.000  0.442    28.77    18.66    12.61     9.83     7.99  3 -1.74e-08      0.00 6.913e-01 2.924e-01 2.202e-03 1.245e-03 6.649e-03 -1.000 1.626e-02 -2.287 2.870 0.936 -0.656 -1.686 -2.732 -3.978 -4.819 -5.045
0.0152 0.01508 9.87506 1.1265484095 2.4960228598    1.027  2.861  3.5617  0.787    7  0.000  0.441    32.34    20.65    13.90    10.85     8.82  2 -2.07e-08      0.00 6.913e-01 2.924e-01 2.198e-03 1.251e-03 6.649e-03 -1.000 1.626e-02 -2.383 2.878 0.951 -0.639 -1.700 -2.807 -4.087 -4.936 -5.169
0.0152 0.01508 9.87506 1.1265532970 2.4960236376    1.025  2.900  3.5574  0.730    7  0.000  0.440    36.38    22.87    15.32    11.98     9.74  2 -2.49e-08      0.00 6.913e-01 2.924e-01 2.194e-03 1.256e-03 6.649e-03 -1.000 1.626e-02 -2.479 2.885 0.981 -0.603 -1.701 -2.877 -4.196 -5.054 -5.294
0.0152 0.01508 9.87506 1.1265578270 2.4960243586    1.022  2.939  3.5530  0.673    7  0.000  0.439    41.01    25.38    16.92    13.25    10.78  2 -2.97e-08      0.00 6.913e-01 2.924e-01 2.191e-03 1.260e-03 6.649e-03 -1.000 1.626e-02 -2.577 2.892 1.021 -0.553 -1.693 -2.944 -4.307 -5.173 -5.421
0.0152 0.01508 9.87506 1.1265618801 2.4960250036    1.019  2.978  3.5483  0.614    7  0.000  0.439    46.32    28.20    18.71    14.68    11.94  2 -3.54e-08      0.00 6.913e-01 2.924e-01 2.188e-03 1.263e-03 6.649e-03 -1.000 1.626e-02 -2.674 2.900 1.073 -0.486 -1.674 -3.004 -4.418 -5.294 -5.549
0.0152 0.01508 9.87506 1.1265656948 2.4960256107    1.015  3.016  3.5437  0.556    7  0.000  0.438    52.21    31.28    20.65    16.23    13.21  2 -4.23e-08      0.00 6.913e-01 2.924e-01 2.186e-03 1.266e-03 6.649e-03 -1.000 1.626e-02 -2.769 2.907 1.142 -0.397 -1.641 -3.053 -4.528 -5.411 -5.674
0.0152 0.01508 9.87506 1.1265695095 2.4960262178    1.011  3.055  3.5388  0.495    7  0.000  0.438    59.28    34.92    22.94    18.06    14.70  2 -5.07e-08      0.00 6.913e-01 2.924e-01 2.184e-03 1.268e-03 6.649e-03 -1.000 1.625e-02 -2.868 2.918 1.228 -0.287 -1.595 -3.098 -4.643 -5.534 -5.806
0.0152 0.01508 9.87506 1.1265734434 2.4960268438    1.006  3.095  3.5335  0.431    7  0.000  0.438    67.54    39.08    25.54    20.15    16.40  2 -6.06e-08      0.00 6.913e-01 2.924e-01 2.184e-03 1.268e-03 6.649e-03 -1.000 1.625e-02 -2.968 2.932 1.349 -0.135 -1.526 -3.125 -4.761 -5.659 -5.940
0.0152 0.01508 9.87506 1.1265773773 2.4960274699    0.999  3.132  3.5286  0.372    7  0.000  0.438    76.30    43.42    28.24    22.31    18.17  2 -7.27e-08      0.00 6.913e-01 2.924e-01 2.184e-03 1.269e-03 6.649e-03 -1.000 1.625e-02 -3.059 2.947 1.475 0.024 -1.452 -3.138 -4.870 -5.773 -6.064
0.0152 0.01508 9.87506 1.1265817881 2.4960281718    0.991  3.168  3.5234  0.311    7  0.000  0.438    86.51    48.38    31.31    24.78    20.19  1 -8.71e-08      0.00 6.913e-01 2.924e-01 2.184e-03 1.269e-03 6.649e-03 -1.000 1.625e-02 -3.150 2.965 1.638 0.226 -1.352 -3.123 -4.979 -5.888 -6.189
0.0152 0.01508 9.87506 1.1265864372 2.4960289116    0.980  3.203  3.5182  0.251    7  0.000  0.438    97.84    53.77    34.62    27.46    22.37  1 -1.03e-07      0.00 6.913e-01 2.924e-01 2.184e-03 1.269e-03 6.649e-03 -1.000 1.625e-02 -3.237 2.988 1.821 0.454 -1.235 -3.086 -5.083 -5.997 -6.309
0.0152 0.01508 9.87506 1.1265891790 2.4960293480    0.973  3.230  3.5142  0.205    7  0.000  0.438   107.73    58.40    37.46    29.76    24.25  1 -1.18e-07      0.00 6.913e-01 2.924e-01 2.184e-03 1.269e-03 6.649e-03 -1.000 1.625e-02 -3.305 3.006 1.983 0.664 -1.125 -3.035 -5.164 -6.083 -6.404
0.0152 0.01508 9.87506 1.1265897751 2.4960294428    0.971  3.245  3.5120  0.180    7  0.000  0.438   113.32    61.00    39.05    31.04    25.30  1 -1.27e-07      0.00 6.913e-01 2.924e-01 2.184e-03 1.269e-03 6.649e-03 -1.000 1.625e-02 -3.343 3.014 2.069 0.774 -1.067 -3.009 -5.208 -6.130 -6.455
0.0152 0.01508 9.87506 1.1265907288 2.4960295946    0.968  3.174  3.5212  0.287    7  0.000  0.438    90.56    50.24    32.44    25.71    20.95  1 -9.52e-08      0.00 6.913e-01 2.924e-01 2.183e-03 1.269e-03 6.649e-03 -1.000 1.625e-02 -3.164 2.997 1.731 0.335 -1.286 -3.091 -5.000 -5.911 -6.217
0.0152 0.01508 9.87506 1.1265908480 2.4960296136    0.968  3.142  3.5257  0.337    7  0.000  0.438    81.64    45.93    29.77    23.57    19.20  1 -8.36e-08      0.00 6.913e-01 2.924e-01 2.183e-03 1.269e-03 6.649e-03 -1.000 1.625e-02 -3.084 2.984 1.590 0.160 -1.372 -3.105 -4.905 -5.811 -6.108
0.0152 0.01508 9.87506 1.1265909672 2.4960296325    0.967  3.161  3.5231  0.307    7  0.000  0.438    86.90    48.47    31.35    24.84    20.23  1 -9.02e-08      0.00 6.913e-01 2.924e-01 2.183e-03 1.269e-03 6.649e-03 -1.000 1.625e-02 -3.133 2.989 1.668 0.257 -1.326 -3.100 -4.963 -5.872 -6.174
0.0152 0.01508 9.87506 1.1265910864 2.4960296515    0.967  3.142  3.5257  0.337    7  0.000  0.438    81.60    45.91    29.76    23.56    19.19  1 -8.32e-08      0.00 6.913e-01 2.924e-01 2.183e-03 1.269e-03 6.649e-03 -1.000 1.625e-02 -3.084 2.983 1.588 0.157 -1.374 -3.106 -4.905 -5.811 -6.108
0.0152 0.01508 9.87506 1.1265912056 2.4960296705    0.967  3.167  3.5223  0.297    7  0.000  0.438    88.63    49.30    31.86    25.25    20.57  1 -9.24e-08      0.00 6.913e-01 2.924e-01 2.183e-03 1.269e-03 6.649e-03 -1.000 1.625e-02 -3.148 2.991 1.694 0.289 -1.311 -3.098 -4.981 -5.890 -6.194
0.0152 0.01508 9.87506 1.1265914440 2.4960297084    0.966  3.200  3.5179  0.247    7  0.000  0.438    98.55    54.04    34.77    27.60    22.48  1 -1.06e-07      0.00 6.913e-01 2.924e-01 2.183e-03 1.269e-03 6.649e-03 -1.000 1.625e-02 -3.231 3.001 1.843 0.479 -1.218 -3.073 -5.078 -5.992 -6.305
0.0152 0.01508 9.87506 1.1265916824 2.4960297463    0.966  3.235  3.5131  0.192    7  0.000  0.438   110.42    59.62    38.19    30.36    24.74  1 -1.22e-07      0.00 6.913e-01 2.924e-01 2.183e-03 1.269e-03 6.649e-03 -1.000 1.625e-02 -3.318 3.017 2.034 0.726 -1.089 -3.015 -5.180 -6.100 -6.423
0.0152 0.01508 9.87506 1.1265919209 2.4960297843    0.965  3.269  3.5082  0.138    7  0.000  0.438   123.64    65.74    41.93    33.38    27.20  1 -1.41e-07      0.00 6.913e-01 2.924e-01 2.183e-03 1.269e-03 6.649e-03 -1.000 1.625e-02 -3.403 3.028 2.208 0.953 -0.971 -2.962 -5.281 -6.206 -6.539
0.0152 0.01508 9.87506 1.1265922785 2.4960298412    0.964  3.304  3.5032  0.083    7  0.000  0.438   138.78    72.63    46.11    36.76    29.97  1 -1.64e-07      0.00 6.913e-01 2.924e-01 2.183e-03 1.269e-03 6.649e-03 -1.000 1.625e-02 -3.490 3.036 2.371 1.164 -0.861 -2.905 -5.384 -6.314 -6.656
0.0152 0.01508 9.87506 1.1265926361 2.4960298981    0.962  3.338  3.4981  0.028    7  0.000  0.438   155.64    80.18    50.68    40.47    33.00  1 -1.88e-07      0.00 6.913e-01 2.924e-01 2.183e-03 1.269e-03 6.649e-03 -1.000 1.625e-02 -3.575 3.049 2.545 1.382 -0.742 -2.833 -5.484 -6.419 -6.771
0.0152 0.01508 9.87506 1.1265931129 2.4960299740    0.960  3.371  3.4930 -0.026    7  0.000  0.438   172.05    88.34    55.59    44.46    36.26  1 -2.15e-07      0.00 6.913e-01 2.924e-01 2.183e-03 1.269e-03 6.649e-03 -1.000 1.625e-02 -3.656 3.060 2.704 1.572 -0.636 -2.763 -5.581 -6.522 -6.884
0.0152 0.01508 9.87506 1.1265937090 2.4960300688    0.956  3.405  3.4874 -0.085    7  0.523  0.438   187.93    98.11    61.45    49.22    40.15  1  -2.5e-07      0.00 6.913e-01 2.924e-01 2.183e-03 1.269e-03 6.649e-03 -1.000 1.625e-02 -3.742 3.072 2.851 1.725 -0.548 -2.701 -5.684 -6.630 -7.001
0.0152 0.01508 9.87506 1.1265943050 2.4960301637    0.952  3.419  3.4850 -0.110    8  0.524  0.459   195.12   102.63    64.14    51.42    41.95  1 -2.67e-07      0.00 6.913e-01 2.935e-01 2.293e-03 1.271e-03 6.664e-03 -1.000 1.515e-02 -3.777 3.078 2.899 1.761 -0.525 -2.683 -5.726 -6.674 -7.049
0.0152 0.01508 9.87506 1.1265943050 2.4960301637    0.952  3.151  3.5225  0.308    8  0.524  0.459    86.44    48.19    31.16    24.70    20.11  1 -9.06e-08      0.00 6.913e-01 2.935e-01 2.293e-03 1.271e-03 6.664e-03 -1.000 1.515e-02 -3.107 3.021 1.720 0.315 -1.279 -3.062 -4.938 -5.848 -6.151
0.0152 0.01508 9.87506 1.1265944242 2.4960301827    0.951  3.030  3.5393  0.496    8  0.524  0.459    58.32    34.30    22.52    17.77    14.45  2 -5.47e-08      0.00 6.913e-01 2.935e-01 2.293e-03 1.271e-03 6.664e-03 -1.000 1.515e-02 -2.805 2.974 1.270 -0.250 -1.550 -3.043 -4.578 -5.468 -5.739
0.0152 0.01508 9.87506 1.1265945435 2.4960302016    0.950  2.861  3.5627  0.757    8  0.524  0.459    33.73    21.38    14.34    11.23     9.13  2 -2.65e-08      0.00 6.913e-01 2.935e-01 2.293e-03 1.271e-03 6.664e-03 -1.000 1.515e-02 -2.383 2.889 0.938 -0.663 -1.720 -2.812 -4.085 -4.931 -5.164
0.0152 0.01508 9.87506 1.1265947819 2.4960302396    0.949  2.885  3.5590  0.718    8  0.524  0.459    36.60    22.93    15.33    12.02     9.77  2 -2.96e-08      0.00 6.913e-01 2.935e-01 2.293e-03 1.271e-03 6.664e-03 -1.000 1.515e-02 -2.444 2.909 0.974 -0.622 -1.706 -2.853 -4.156 -5.009 -5.248
0.0152 0.01508 9.87506 1.1265950203 2.4960302775    0.948  3.011  3.5413  0.521    8  0.524  0.459    55.28    32.74    21.54    16.98    13.82  2  -5.1e-08      0.00 6.913e-01 2.935e-01 2.293e-03 1.271e-03 6.664e-03 -1.000 1.515e-02 -2.757 2.978 1.243 -0.286 -1.560 -3.017 -4.524 -5.411 -5.678
0.0152 0.01508 9.87506 1.1265952587 2.4960303155    0.946  3.170  3.5188  0.271    8  0.524  0.459    93.22    51.40    33.14    26.30    21.42  1 -9.94e-08      0.00 6.913e-01 2.935e-01 2.293e-03 1.271e-03 6.664e-03 -1.000 1.515e-02 -3.154 3.047 1.864 0.494 -1.180 -3.021 -4.998 -5.912 -6.223
0.0152 0.01508 9.87506 1.1265957355 2.4960303913    0.944  3.301  3.5001  0.065    8  0.524  0.459   143.58    74.61    47.30    37.75    30.77  1  -1.7e-07      0.00 6.913e-01 2.935e-01 2.293e-03 1.271e-03 6.664e-03 -1.000 1.515e-02 -3.481 3.089 2.528 1.355 -0.731 -2.806 -5.384 -6.318 -6.665
0.0152 0.01508 9.87506 1.1265960932 2.4960304482    0.941  3.384  3.4880 -0.068    8  0.524  0.459   182.08    94.79    59.44    47.61    38.83  1 -2.39e-07      0.00 6.913e-01 2.935e-01 2.293e-03 1.271e-03 6.664e-03 -1.000 1.515e-02 -3.689 3.104 2.873 1.753 -0.513 -2.664 -5.629 -6.575 -6.945
0.0152 0.01508 9.87506 1.1265965700 2.4960305241    0.938  3.426  3.4815 -0.137    8  0.525  0.459   202.27   107.36    66.94    53.73    43.83  1 -2.85e-07      0.00 6.913e-01 2.935e-01 2.293e-03 1.271e-03 6.664e-03 -1.000 1.515e-02 -3.795 3.109 2.990 1.837 -0.464 -2.629 -5.753 -6.704 -7.085
0.0152 0.01508 9.87506 1.1265971661 2.4960306190    0.935  3.444  3.4784 -0.169    8  0.525  0.459   212.21   113.68    70.69    56.80    46.34  1 -3.09e-07      0.00 6.913e-01 2.935e-01 2.293e-03 1.271e-03 6.664e-03 -1.000 1.515e-02 -3.840 3.115 3.045 1.875 -0.441 -2.613 -5.807 -6.760 -7.146
0.0152 0.01508 9.87506 1.1265977621 2.4960307138    0.932  3.453  3.4765 -0.188    8  0.525  0.459   217.91   117.37    72.87    58.58    47.80  1 -3.22e-07      0.00 6.913e-01 2.935e-01 2.293e-03 1.271e-03 6.664e-03 -1.000 1.515e-02 -3.862 3.122 3.077 1.897 -0.425 -2.602 -5.834 -6.789 -7.177
0.0152 0.01508 9.87506 1.1265977621 2.4960307138    0.931  3.245  3.5054  0.136    8  0.525  0.459   123.44    65.40    41.69    33.23    27.07  1 -1.41e-07      0.00 6.913e-01 2.935e-01 2.293e-03 1.271e-03 6.664e-03 -1.000 1.515e-02 -3.342 3.114 2.388 1.167 -0.808 -2.825 -5.229 -6.157 -6.494
0.0152 0.01508 9.87506 1.1265978813 2.4960307328    0.931  3.070  3.5297  0.408    8  0.525  0.459    69.75    39.97    26.05    20.61    16.77  2 -6.86e-08      0.00 6.913e-01 2.935e-01 2.293e-03 1.271e-03 6.664e-03 -1.000 1.515e-02 -2.904 3.060 1.566 0.111 -1.339 -3.006 -4.710 -5.614 -5.901
0.0152 0.01508 9.87506 1.1265980005 2.4960307518    0.930  2.901  3.5531  0.670    8  0.525  0.459    40.29    24.90    16.58    13.03    10.59  2 -3.36e-08      0.00 6.913e-01 2.935e-01 2.293e-03 1.271e-03 6.664e-03 -1.000 1.515e-02 -2.483 2.986 1.111 -0.464 -1.603 -2.851 -4.212 -5.079 -5.326
0.0152 0.01508 9.87506 1.1265982389 2.4960307897    0.928  2.925  3.5496  0.631    8  0.526  0.459    43.68    26.69    17.71    13.94    11.33  2 -3.75e-08      0.00 6.913e-01 2.935e-01 2.293e-03 1.271e-03 6.664e-03 -1.000 1.515e-02 -2.543 3.002 1.159 -0.406 -1.578 -2.886 -4.283 -5.156 -5.409
0.0152 0.01508 9.87506 1.1265984774 2.4960308277    0.926  3.049  3.5321  0.436    8  0.526  0.459    65.72    37.95    24.79    19.60    15.95  2 -6.39e-08      0.00 6.913e-01 2.935e-01 2.293e-03 1.271e-03 6.664e-03 -1.000 1.515e-02 -2.853 3.060 1.515 0.046 -1.366 -2.990 -4.650 -5.551 -5.834
0.0152 0.01508 9.87506 1.1265988350 2.4960308846    0.924  3.206  3.5099  0.189    8  0.526  0.459   110.26    59.28    37.95    30.21    24.61  1 -1.23e-07      0.00 6.913e-01 2.935e-01 2.293e-03 1.271e-03 6.664e-03 -1.000 1.515e-02 -3.245 3.127 2.271 1.009 -0.879 -2.849 -5.117 -6.042 -6.371
0.0152 0.01508 9.87506 1.1265993118 2.4960309604    0.921  3.335  3.4915 -0.015    8  0.526  0.459   166.55    85.67    53.94    43.18    35.20  1 -2.09e-07      0.00 6.913e-01 2.935e-01 2.293e-03 1.271e-03 6.664e-03 -1.000 1.515e-02 -3.568 3.150 2.842 1.727 -0.499 -2.633 -5.496 -6.440 -6.803
0.0152 0.01508 9.87506 1.1265997887 2.4960310363    0.917  3.417  3.4795 -0.146    8  0.526  0.459   203.40   108.51    67.59    54.30    44.30  1 -2.92e-07      0.00 6.913e-01 2.935e-01 2.293e-03 1.271e-03 6.664e-03 -1.000 1.515e-02 -3.773 3.153 3.068 1.907 -0.401 -2.568 -5.736 -6.690 -7.073
0.0152 0.01508 9.87506 1.1266002655 2.4960311122    0.914  3.458  3.4732 -0.215    8  0.527  0.459   225.54   122.65    75.97    61.15    49.90  1 -3.48e-07      0.00 6.913e-01 2.935e-01 2.293e-03 1.271e-03 6.664e-03 -1.000 1.515e-02 -3.876 3.152 3.151 1.955 -0.378 -2.562 -5.857 -6.814 -7.206
0.0152 0.01508 9.87506 1.1266008615 2.4960312071    0.909  3.476  3.4703 -0.246    8  0.527  0.459   236.29   129.67    80.11    64.55    52.68  1 -3.77e-07      0.00 6.913e-01 2.935e-01 2.293e-03 1.271e-03 6.664e-03 -1.000 1.515e-02 -3.920 3.156 3.196 1.983 -0.361 -2.553 -5.909 -6.867 -7.265
0.0152 0.01508 9.87506 1.1266015768 2.4960313209    0.905  3.484  3.4685 -0.264    8  0.527  0.459   242.30   133.68    82.47    66.49    54.26  1 -3.95e-07      0.01 6.913e-01 2.935e-01 2.293e-03 1.271e-03 6.664e-03 -1.000 1.515e-02 -3.941 3.159 3.220 2.000 -0.350 -2.548 -5.935 -6.894 -7.293
0.0152 0.01508 9.87506 1.1266015768 2.4960313209    0.904  3.283  3.4969  0.051    8  0.527  0.459   146.88    75.70    47.91    38.31    31.22  1 -1.78e-07      0.00 6.913e-01 2.935e-01 2.293e-03 1.271e-03 6.664e-03 -1.000 1.515e-02 -3.438 3.171 2.705 1.557 -0.576 -2.672 -5.351 -6.288 -6.640
0.0152 0.01508 9.87506 1.1266016960 2.4960313398    0.903  3.109  3.5215  0.323    8  0.528  0.459    82.89    46.26    29.93    23.76    19.34  1 -8.81e-08      0.00 6.913e-01 2.935e-01 2.293e-03 1.271e-03 6.664e-03 -1.000 1.515e-02 -3.003 3.124 1.862 0.473 -1.138 -2.936 -4.837 -5.749 -6.053
0.0152 0.01508 9.87506 1.1266018152 2.4960313588    0.902  2.940  3.5453  0.586    8  0.528  0.459    47.67    28.74    18.99    14.97    12.17  2 -4.36e-08      0.00 6.913e-01 2.935e-01 2.293e-03 1.271e-03 6.664e-03 -1.000 1.515e-02 -2.581 3.052 1.271 -0.273 -1.497 -2.881 -4.335 -5.215 -5.475
0.0152 0.01508 9.87506 1.1266020536 2.4960313968    0.900  2.964  3.5419  0.548    8  0.528  0.459    51.66    30.79    20.29    16.01    13.02  2 -4.85e-08      0.00 6.913e-01 2.935e-01 2.293e-03 1.271e-03 6.664e-03 -1.000 1.515e-02 -2.640 3.067 1.335 -0.192 -1.458 -2.905 -4.405 -5.291 -5.557
0.0152 0.01508 9.87506 1.1266024113 2.4960314537    0.897  3.086  3.5243  0.355    8  0.528  0.459    77.47    43.62    28.29    22.45    18.27  1 -8.16e-08      0.00 6.913e-01 2.935e-01 2.293e-03 1.271e-03 6.664e-03 -1.000 1.515e-02 -2.945 3.123 1.782 0.371 -1.184 -2.937 -4.769 -5.678 -5.977
0.0152 0.01508 9.87506 1.1266027689 2.4960315106    0.894  3.240  3.5021  0.110    8  0.528  0.459   129.43    67.81    43.11    34.43    28.05  1 -1.55e-07      0.00 6.913e-01 2.935e-01 2.293e-03 1.271e-03 6.664e-03 -1.000 1.515e-02 -3.330 3.178 2.555 1.367 -0.671 -2.721 -5.227 -6.159 -6.501
0.0152 0.01508 9.87506 1.1266032457 2.4960315865    0.890  3.366  3.4837 -0.092    8  0.529  0.459   185.08    97.60    61.04    49.02    39.97  1 -2.59e-07      0.00 6.913e-01 2.935e-01 2.293e-03 1.271e-03 6.664e-03 -1.000 1.515e-02 -3.646 3.199 3.044 1.908 -0.376 -2.534 -5.598 -6.548 -6.924
0.0152 0.01508 9.87506 1.1266037226 2.4960316623    0.886  3.446  3.4718 -0.222    8  0.529  0.459   225.41   123.21    76.25    61.45    50.13  1  -3.6e-07      0.00 6.913e-01 2.935e-01 2.293e-03 1.271e-03 6.664e-03 -1.000 1.515e-02 -3.846 3.197 3.216 2.014 -0.322 -2.509 -5.831 -6.788 -7.183
0.0152 0.01508 9.87506 1.1266043186 2.4960317572    0.881  3.486  3.4656 -0.289    8  0.529  0.459   249.36   138.90    85.49    69.03    56.33  0 -4.27e-07      0.01 6.913e-01 2.935e-01 2.293e-03 1.271e-03 6.664e-03 -1.000 1.515e-02 -3.946 3.191 3.285 2.053 -0.306 -2.511 -5.947 -6.907 -7.309
0.0152 0.01508 9.87506 1.1266050339 2.4960318710    0.876  3.503  3.4628 -0.319    8  0.530  0.459   260.69   146.51    89.94    72.71    59.33  0 -4.63e-07      0.01 6.913e-01 2.935e-01 2.293e-03 1.271e-03 6.664e-03 -1.000 1.515e-02 -3.987 3.195 3.320 2.074 -0.295 -2.510 -5.995 -6.956 -7.363
0.0152 0.01508 9.87506 1.1266057491 2.4960319848    0.870  3.510  3.4612 -0.336    8  0.530  0.459   266.70   150.67    92.36    74.71    60.97  0 -4.86e-07      0.01 6.913e-01 2.935e-01 2.293e-03 1.271e-03 6.664e-03 -1.000 1.515e-02 -4.005 3.204 3.346 2.091 -0.285 -2.504 -6.017 -6.979 -7.388
0.0152 0.01508 9.87506 1.1266057491 2.4960319848    0.869  3.317  3.4891 -0.031    8  0.530  0.459   167.14    86.93    54.63    43.83    35.72  1 -2.29e-07      0.00 6.913e-01 2.935e-01 2.293e-03 1.271e-03 6.664e-03 -1.000 1.515e-02 -3.523 3.228 2.979 1.870 -0.382 -2.528 -5.458 -6.404 -6.771
0.0152 0.01508 9.87506 1.1266058683 2.4960320038    0.868  3.144  3.5142  0.241    8  0.530  0.459    97.74    53.10    34.11    27.17    22.12  1 -1.15e-07      0.00 6.913e-01 2.935e-01 2.293e-03 1.271e-03 6.664e-03 -1.000 1.515e-02 -3.091 3.188 2.176 0.865 -0.916 -2.824 -4.949 -5.869 -6.188
0.0152 0.01508 9.87506 1.1266061068 2.4960320417    0.866  2.976  3.5386  0.506    8  0.531  0.459    55.91    32.87    21.58    17.07    13.88  2 -5.74e-08      0.00 6.913e-01 2.935e-01 2.293e-03 1.271e-03 6.664e-03 -1.000 1.515e-02 -2.669 3.110 1.430 -0.080 -1.391 -2.896 -4.445 -5.337 -5.608
0.0152 0.01508 9.87506 1.1266063452 2.4960320797    0.863  2.999  3.5350  0.467    8  0.531  0.459    60.69    35.26    23.07    18.27    14.86  1  -6.4e-08      0.00 6.913e-01 2.935e-01 2.293e-03 1.271e-03 6.664e-03 -1.000 1.515e-02 -2.728 3.126 1.521 0.034 -1.333 -2.905 -4.516 -5.412 -5.691
0.0152 0.01508 9.87506 1.1266067028 2.4960321366    0.859  3.119  3.5172  0.274    8  0.531  0.459    91.03    49.90    32.14    25.59    20.83  1 -1.06e-07      0.00 6.913e-01 2.935e-01 2.293e-03 1.271e-03 6.664e-03 -1.000 1.515e-02 -3.028 3.189 2.068 0.722 -0.986 -2.849 -4.876 -5.793 -6.106
0.0152 0.01508 9.87506 1.1266070604 2.4960321935    0.855  3.270  3.4947  0.030    8  0.531  0.459   151.06    77.41    48.88    39.18    31.91  1 -1.99e-07      0.00 6.913e-01 2.935e-01 2.293e-03 1.271e-03 6.664e-03 -1.000 1.515e-02 -3.406 3.242 2.842 1.708 -0.461 -2.572 -5.325 -6.265 -6.621
0.0152 0.01508 9.87506 1.1266075373 2.4960322694    0.849  3.394  3.4760 -0.171    8  0.532  0.459   205.48   111.29    69.12    55.71    45.42  1 -3.31e-07      0.00 6.913e-01 2.935e-01 2.293e-03 1.271e-03 6.664e-03 -1.000 1.515e-02 -3.716 3.256 3.219 2.042 -0.277 -2.453 -5.689 -6.644 -7.032
0.0152 0.01508 9.87506 1.1266081333 2.4960323642    0.843  3.473  3.4639 -0.301    8  0.532  0.459   250.23   140.49    86.34    69.84    56.97  0 -4.58e-07      0.01 6.913e-01 2.935e-01 2.293e-03 1.271e-03 6.664e-03 -1.000 1.515e-02 -3.912 3.246 3.359 2.122 -0.243 -2.453 -5.917 -6.878 -7.282
0.0152 0.01508 9.87506 1.1266087294 2.4960324591    0.836  3.512  3.4575 -0.369    8  0.533  0.459   276.98   158.52    96.87    78.53    64.07  0 -5.46e-07      0.01 6.913e-01 2.935e-01 2.293e-03 1.271e-03 6.664e-03 -1.000 1.515e-02 -4.009 3.255 3.432 2.168 -0.227 -2.461 -6.030 -6.993 -7.407
0.0152 0.01508 9.87506 1.1266094446 2.4960325729    0.829  3.528  3.4546 -0.401    8  0.533  0.459   276.16    -1.00    -1.00    -1.00    -1.00  0 -5.96e-07      0.01 6.913e-01 2.935e-01 2.293e-03 1.271e-03 6.664e-03 -1.000 1.515e-02 -4.049 3.274 3.477 2.205 -0.210 -2.459 -6.076 -7.040 -7.459
0.0152 0.01508 9.87506 1.1266102791 2.4960327057    0.820  3.535  3.4530 -0.419    8  0.534  0.459   271.06    -1.00    -1.00    -1.00    -1.00  0 -6.31e-07      0.01 6.913e-01 2.935e-01 2.293e-03 1.271e-03 6.664e-03 -1.000 1.515e-02 -4.067 3.286 3.503 2.228 -0.198 -2.455 -6.097 -7.062 -7.483
0.0152 0.01508 9.87506 1.1266102791 2.4960327057    0.819  3.352  3.4805 -0.127    8  0.534  0.459   189.40   101.75    63.40    51.10    41.64  1 -3.12e-07      0.00 6.913e-01 2.935e-01 2.293e-03 1.271e-03 6.664e-03 -1.000 1.515e-02 -3.611 3.295 3.195 2.040 -0.261 -2.426 -5.571 -6.524 -6.906
0.0152 0.01508 9.87506 1.1266103983 2.4960327246    0.818  3.181  3.5061  0.146    8  0.534  0.459   118.22    62.07    39.55    31.65    25.76  1 -1.59e-07      0.00 6.913e-01 2.935e-01 2.293e-03 1.271e-03 6.664e-03 -1.000 1.515e-02 -3.182 3.260 2.511 1.283 -0.677 -2.686 -5.066 -5.994 -6.329
0.0152 0.01508 9.87506 1.1266106367 2.4960327626    0.814  3.013  3.5313  0.413    8  0.534  0.459    67.13    38.25    24.90    19.79    16.09  1  -8.1e-08      0.00 6.913e-01 2.935e-01 2.293e-03 1.271e-03 6.664e-03 -1.000 1.515e-02 -2.762 3.179 1.644 0.175 -1.250 -2.889 -4.563 -5.463 -5.749
0.0152 0.01508 9.87506 1.1266108751 2.4960328005    0.810  3.036  3.5276  0.373    8  0.534  0.459    73.10    41.12    26.68    21.23    17.26  1 -9.07e-08      0.00 6.913e-01 2.935e-01 2.293e-03 1.271e-03 6.664e-03 -1.000 1.515e-02 -2.820 3.197 1.757 0.316 -1.178 -2.879 -4.634 -5.539 -5.832
0.0152 0.01508 9.87506 1.1266112328 2.4960328574    0.804  3.154  3.5094  0.179    8  0.535  0.459   109.92    58.22    37.18    29.74    24.20  1  -1.5e-07      0.00 6.913e-01 2.935e-01 2.293e-03 1.271e-03 6.664e-03 -1.000 1.515e-02 -3.114 3.272 2.427 1.168 -0.729 -2.705 -4.987 -5.913 -6.243
0.0152 0.01508 9.87506 1.1266115904 2.4960329143    0.797  3.302  3.4864 -0.065    8  0.535  0.459   170.41    90.29    56.53    45.53    37.08  1 -2.77e-07      0.00 6.913e-01 2.935e-01 2.293e-03 1.271e-03 6.664e-03 -1.000 1.515e-02 -3.484 3.322 3.119 1.995 -0.275 -2.428 -5.427 -6.376 -6.747
0.0152 0.01508 9.87506 1.1266121864 2.4960330092    0.789  3.423  3.4672 -0.268    8  0.535  0.459   232.05   129.94    80.02    64.81    52.83  0 -4.58e-07      0.01 6.913e-01 2.935e-01 2.293e-03 1.271e-03 6.664e-03 -1.000 1.515e-02 -3.788 3.333 3.406 2.180 -0.175 -2.375 -5.784 -6.744 -7.145
0.0152 0.01508 9.87506 1.1266126633 2.4960330851    0.780  3.500  3.4547 -0.399    8  0.536  0.459   247.58    -1.00    -1.00    -1.00    -1.00  0 -6.37e-07      0.01 6.913e-01 2.935e-01 2.293e-03 1.271e-03 6.664e-03 -1.000 1.515e-02 -3.980 3.352 3.550 2.276 -0.140 -2.389 -6.005 -6.970 -7.390
0.0152 0.01508 9.87506 1.1266133785 2.4960331989    0.770  3.539  3.4483 -0.469    8  0.536  0.459   241.60    -1.00    -1.00    -1.00    -1.00  0 -7.67e-07      0.02 6.913e-01 2.935e-01 2.293e-03 1.271e-03 6.664e-03 -1.000 1.515e-02 -4.076 3.369 3.622 2.342 -0.120 -2.402 -6.115 -7.081 -7.510
0.0152 0.01508 9.87506 1.1266140938 2.4960333127    0.758  3.555  3.4455 -0.503    8  0.537  0.459   235.06    -1.00    -1.00    -1.00    -1.00  0 -8.54e-07      0.02 6.913e-01 2.935e-01 2.293e-03 1.271e-03 6.664e-03 -1.000 1.515e-02 -4.116 3.385 3.656 2.378 -0.109 -2.408 -6.160 -7.126 -7.559
0.0152 0.01508 9.87506 1.1266149282 2.4960334455    0.745  3.562  3.4444 -0.522    8  0.538  0.459   228.03    -1.00    -1.00    -1.00    -1.00  0 -9.26e-07      0.02 6.913e-01 2.935e-01 2.293e-03 1.271e-03 6.664e-03 -1.000 1.515e-02 -4.135 3.412 3.683 2.399 -0.101 -2.409 -6.178 -7.145 -7.582
0.0152 0.01508 9.87506 1.1266149282 2.4960334455    0.744  3.391  3.4719 -0.241    8  0.538  0.459   218.28   122.05    75.27    61.05    49.73  0 -4.85e-07      0.01 6.913e-01 2.935e-01 2.293e-03 1.271e-03 6.664e-03 -1.000 1.515e-02 -3.706 3.377 3.387 2.176 -0.170 -2.359 -5.688 -6.647 -7.044
0.0152 0.01508 9.87506 1.1266150475 2.4960334645    0.741  3.221  3.4993  0.036    8  0.538  0.459   142.09    73.88    46.60    37.52    30.53  1 -2.54e-07      0.00 6.913e-01 2.935e-01 2.293e-03 1.271e-03 6.664e-03 -1.000 1.515e-02 -3.283 3.332 2.791 1.617 -0.490 -2.574 -5.187 -6.122 -6.473
0.0152 0.01508 9.87506 1.1266152859 2.4960335024    0.736  3.053  3.5267  0.311    8  0.538  0.459    81.98    44.88    28.95    23.14    18.81  1 -1.32e-07      0.00 6.913e-01 2.935e-01 2.293e-03 1.271e-03 6.664e-03 -1.000 1.515e-02 -2.863 3.218 1.778 0.329 -1.187 -2.905 -4.680 -5.584 -5.880
0.0152 0.01508 9.87506 1.1266155243 2.4960335403    0.728  3.076  3.5237  0.271    8  0.538  0.459    89.07    48.10    30.92    24.75    20.12  1  -1.5e-07      0.00 6.913e-01 2.935e-01 2.293e-03 1.271e-03 6.664e-03 -1.000 1.515e-02 -2.921 3.230 1.875 0.447 -1.131 -2.900 -4.748 -5.656 -5.958
0.0152 0.01508 9.87506 1.1266158819 2.4960335972    0.719  3.191  3.5058  0.079    8  0.539  0.459   131.56    67.87    42.94    34.57    28.12  1 -2.49e-07      0.00 6.913e-01 2.935e-01 2.293e-03 1.271e-03 6.664e-03 -1.000 1.515e-02 -3.208 3.309 2.551 1.308 -0.673 -2.692 -5.093 -6.019 -6.359
0.0152 0.01508 9.87506 1.1266162395 2.4960336542    0.707  3.336  3.4830 -0.164    8  0.539  0.459   190.33   104.78    64.99    52.69    42.89  0 -4.64e-07      0.01 6.913e-01 2.935e-01 2.293e-03 1.271e-03 6.664e-03 -1.000 1.515e-02 -3.569 3.380 3.224 2.061 -0.249 -2.416 -5.519 -6.470 -6.854
0.0152 0.01508 9.87506 1.1266168356 2.4960337490    0.694  3.454  3.4646 -0.364    8  0.540  0.459   200.44    -1.00    -1.00    -1.00    -1.00  0  -7.8e-07      0.02 6.913e-01 2.935e-01 2.293e-03 1.271e-03 6.664e-03 -1.000 1.515e-02 -3.865 3.426 3.504 2.230 -0.160 -2.380 -5.861 -6.825 -7.239
0.0152 0.01508 9.87506 1.1266173124 2.4960338249    0.679  3.529  3.4541 -0.491    8  0.540  0.459   192.53    -1.00    -1.00    -1.00    -1.00  0 -1.12e-06      0.04 6.913e-01 2.935e-01 2.293e-03 1.271e-03 6.664e-03 -1.000 1.515e-02 -4.052 3.504 3.662 2.333 -0.127 -2.396 -6.064 -7.037 -7.472
0.0152 0.01508 9.87506 1.1266180277 2.4960339387    0.662  3.566  3.4509 -0.552    8  0.541  0.459   183.92    -1.00    -1.00    -1.00    -1.00  0 -1.41e-06      0.05 6.913e-01 2.935e-01 2.293e-03 1.271e-03 6.664e-03 -1.000 1.515e-02 -4.145 3.548 3.709 2.352 -0.143 -2.433 -6.159 -7.135 -7.582
0.0152 0.01508 9.87506 1.1266187429 2.4960340525    0.643  3.582  3.4528 -0.572    8  0.541  0.459   174.71    -1.00    -1.00    -1.00    -1.00  0 -1.67e-06      0.07 6.913e-01 2.935e-01 2.293e-03 1.271e-03 6.664e-03 -1.000 1.515e-02 -4.184 3.620 3.722 2.332 -0.176 -2.466 -6.181 -7.163 -7.617
0.0152 0.01508 9.87506 1.1266195774 2.4960341853    0.623  3.589  3.4580 -0.572    8  0.542  0.459   165.03    -1.00    -1.00    -1.00    -1.00  0 -1.95e-06      0.09 6.913e-01 2.935e-01 2.293e-03 1.271e-03 6.664e-03 -1.000 1.515e-02 -4.203 3.680 3.688 2.266 -0.241 -2.517 -6.176 -7.163 -7.621
0.0152 0.01508 9.87506 1.1266223192 2.4960346216    0.543 -9.999  4.0000  1.771    9  0.544  0.000     0.00     0.00     0.00     0.00     0.00 -1    -1e-30      0.00 6.913e-01 2.935e-01 2.293e-03 1.271e-03 6.664e-03 -1.000 1.515e-02 29.767 29.720 29.983 30.032 30.020 30.018 30.066 30.065 30.082
#isochrone terminated
