# File generated by CMD 3.7 (http://stev.oapd.inaf.it/cmd) on Tue Mar  7 16:01:20 CET 2023
# isochrones based on PARSEC release v1.2S +  COLIBRI S_37 + S_35 + PR16
# Basic references: Bressan et al. (2012), MNRAS, 427, 127 + Chen et al. (2014, 2015), MNRAS, 444, 2525 + MNRAS, 452, 1068 + Tang et al. (2014), MNRAS, 445, 4287 + Marigo et al. (2017), ApJ, 835, 77 + Pastorelli al. (2019), MNRAS, 485, 5666 + Pastorelli al. (2020), MNRAS, in press
# Thermal pulse cycles included 
# On RGB, assumed Reimers mass loss with efficiency eta=0.2
# LPV periods and growth rates added cf. Trabucchi et al. (2019)
# but fundamental-mode LPV periods are from Trabucchi et al. (2021)
# Photometric system: <i>UBVRIJHK</i> (cf. Maiz-Apellaniz 2006 + Bessell 1990)
# Using YBC version of bolometric corrections as in Chen et al. (2019)
# O-rich circumstellar dpmod60alox40 dust from Groenewegen (2006)
# C-rich circumstellar AMCSIC15 dust from Groenewegen (2006)
# IMF: Kroupa (2001, 2002) + Kroupa et al. (2013) canonical two-part-power law IMF corrected for unresolved binaries 
# Kind of output: isochrone tables
# Zini     MH   logAge Mini        int_IMF         Mass   logL    logTe  logg  label   McoreTP C_O  period0  period1  period2  period3  period4  pmode  Mloss  tau1m   X   Y   Xc  Xn  Xo  Cexcess  Z 	 mbolmag  Umag    Bmag    Vmag    Rmag    Imag    Jmag    Hmag    Kmag
0.02 0.14251 9.87506 0.0900000036 1.0816895926    0.090 -3.437  3.3544  5.199    1  0.000  0.545     0.00     0.00     0.00     0.00     0.00 -1 -3.86e-17      0.00 6.952e-01 2.848e-01 3.596e-03 9.702e-04 8.799e-03 -1.000 2.000e-02 13.363 22.395 19.939 18.140 16.047 13.823 11.270 10.662 10.353
0.02 0.14251 9.87506 0.1000000015 1.1711064122    0.100 -3.265  3.3780  5.167    1  0.000  0.545     0.00     0.00     0.00     0.00     0.00 -1 -5.64e-17      0.00 6.949e-01 2.851e-01 3.596e-03 9.702e-04 8.799e-03 -1.000 2.000e-02 12.932 21.903 19.482 17.694 15.611 13.393 10.840 10.233 9.922
0.02 0.14251 9.87506 0.1116078496 1.2613489465    0.112 -3.114  3.3969  5.139    1  0.000  0.545     0.00     0.00     0.00     0.00     0.00 -1 -7.81e-17      0.00 6.945e-01 2.855e-01 3.596e-03 9.702e-04 8.799e-03 -1.000 2.000e-02 12.554 21.472 19.082 17.302 15.228 13.014 10.463 9.857 9.542
0.02 0.14251 9.87506 0.1200000048 1.3193154741    0.120 -3.014  3.4095  5.120    1  0.000  0.545     0.00     0.00     0.00     0.00     0.00 -1 -9.68e-17      0.00 6.943e-01 2.857e-01 3.596e-03 9.702e-04 8.799e-03 -1.000 2.000e-02 12.304 21.188 18.817 17.043 14.975 12.765 10.213 9.609 9.292
0.02 0.14251 9.87506 0.1400000006 1.4384526719    0.140 -2.826  3.4313  5.087    1  0.000  0.545     0.00     0.00     0.00     0.00     0.00 -1 -1.43e-16      0.00 6.938e-01 2.862e-01 3.596e-03 9.702e-04 8.799e-03 -1.000 2.000e-02 11.836 19.898 17.790 16.078 14.184 12.095 9.778 9.173 8.857
0.02 0.14251 9.87506 0.1599999964 1.5372931554    0.160 -2.682  3.4460  5.060    1  0.000  0.545     0.00     0.00     0.00     0.00     0.00 -1 -1.93e-16      0.00 6.933e-01 2.867e-01 3.596e-03 9.702e-04 8.799e-03 -1.000 2.000e-02 11.476 18.819 16.914 15.269 13.528 11.552 9.449 8.844 8.533
0.02 0.14251 9.87506 0.2000000030 1.6938790862    0.200 -2.465  3.4648  5.015    1  0.000  0.545     0.00     0.00     0.00     0.00     0.00 -1 -2.99e-16      0.00 6.925e-01 2.875e-01 3.596e-03 9.702e-04 8.799e-03 -1.000 2.000e-02 10.933 17.442 15.765 14.183 12.624 10.809 8.951 8.344 8.042
0.02 0.14251 9.87506 0.2500000000 1.8403257998    0.250 -2.256  3.4811  4.969    1  0.000  0.545     0.00     0.00     0.00     0.00     0.00 -1 -4.56e-16      0.00 6.918e-01 2.882e-01 3.596e-03 9.702e-04 8.799e-03 -1.000 2.000e-02 10.411 16.309 14.786 13.253 11.829 10.147 8.466 7.856 7.567
0.02 0.14251 9.87506 0.3225199878 1.9959320288    0.322 -2.017  3.4973  4.905    1  0.000  0.545     0.00     0.00     0.00     0.00     0.00 -1 -7.49e-16      0.00 6.936e-01 2.864e-01 3.596e-03 9.703e-04 8.799e-03 -1.000 2.000e-02 9.813 15.205 13.797 12.301 10.989 9.442 7.907 7.291 7.016
0.02 0.14251 9.87506 0.3476496637 2.0395484399    0.348 -1.944  3.5016  4.882    1  0.000  0.545     0.00     0.00     0.00     0.00     0.00 -1 -8.79e-16      0.00 6.955e-01 2.845e-01 3.596e-03 9.702e-04 8.799e-03 -1.000 2.000e-02 9.630 14.901 13.520 12.039 10.753 9.235 7.733 7.114 6.844
0.02 0.14251 9.87506 0.3500000238 2.0434175133    0.350 -1.937  3.5020  4.879    1  0.000  0.545     0.00     0.00     0.00     0.00     0.00 -1 -8.92e-16      0.00 6.957e-01 2.843e-01 3.596e-03 9.702e-04 8.799e-03 -1.000 2.000e-02 9.613 14.874 13.496 12.015 10.732 9.216 7.717 7.098 6.828
0.02 0.14251 9.87506 0.4000000358 2.1185024810    0.400 -1.794  3.5133  4.840    1  0.000  0.545     0.00     0.00     0.00     0.00     0.00 -1 -1.21e-15      0.00 6.959e-01 2.841e-01 3.596e-03 9.702e-04 8.799e-03 -1.000 2.000e-02 9.256 14.247 12.916 11.463 10.241 8.804 7.387 6.759 6.500
0.02 0.14251 9.87506 0.4500000179 2.1822809362    0.450 -1.648  3.5257  4.794    1  0.000  0.545     0.00     0.00     0.00     0.00     0.00 -1 -1.69e-15      0.00 6.960e-01 2.840e-01 3.596e-03 9.702e-04 8.799e-03 -1.000 2.000e-02 8.890 13.634 12.334 10.907 9.746 8.387 7.052 6.412 6.164
0.02 0.14251 9.87506 0.4917783439 2.2288870319    0.492 -1.521  3.5375  4.752    1  0.000  0.545     0.00     0.00     0.00     0.00     0.00 -1 -2.27e-15      0.00 6.960e-01 2.840e-01 3.596e-03 9.702e-04 8.799e-03 -1.000 2.000e-02 8.572 13.120 11.831 10.430 9.319 8.027 6.762 6.110 5.873
0.02 0.14251 9.87506 0.5000000000 2.2374541529    0.500 -1.497  3.5397  4.745    1  0.000  0.545     0.00     0.00     0.00     0.00     0.00 -1  -2.4e-15      0.00 6.960e-01 2.840e-01 3.596e-03 9.702e-04 8.799e-03 -1.000 2.000e-02 8.512 13.027 11.739 10.342 9.240 7.960 6.708 6.054 5.818
0.02 0.14251 9.87506 0.5078498125 2.2454025752    0.508 -1.470  3.5426  4.736    1  0.000  0.545     0.00     0.00     0.00     0.00     0.00 -1 -2.56e-15      0.00 6.986e-01 2.816e-01 3.567e-03 9.624e-04 8.729e-03 -1.000 1.984e-02 8.444 12.920 11.630 10.237 9.146 7.884 6.648 5.991 5.758
0.02 0.14251 9.87506 0.5500000119 2.2836582633    0.550 -1.330  3.5577  4.691    1  0.000  0.545     0.00     0.00     0.00     0.00     0.00 -1 -3.57e-15      0.00 7.129e-01 2.682e-01 3.408e-03 9.196e-04 8.342e-03 -1.000 1.895e-02 8.096 12.385 11.076 9.698 8.661 7.493 6.340 5.668 5.448
0.02 0.14251 9.87506 0.6000000238 2.3211213258    0.600 -1.164  3.5809  4.656    1  0.000  0.545     0.00     0.00     0.00     0.00     0.00 -1 -5.23e-15      0.00 7.155e-01 2.658e-01 3.381e-03 9.123e-04 8.277e-03 -1.000 1.878e-02 7.681 11.733 10.367 8.997 8.028 7.026 5.989 5.297 5.104
0.02 0.14251 9.87506 0.6499999762 2.3520353107    0.650 -0.994  3.6094  4.634    1  0.000  0.544     0.00     0.00     0.00     0.00     0.00 -1 -7.61e-15      0.00 7.177e-01 2.636e-01 3.357e-03 9.060e-04 8.220e-03 -1.000 1.871e-02 7.255 11.045 9.605 8.280 7.379 6.562 5.634 4.934 4.783
0.02 0.14251 9.87506 0.7000000477 2.3779267258    0.700 -0.827  3.6394  4.620    1  0.000  0.544     0.00     0.00     0.00     0.00     0.00 -1 -1.09e-14      0.00 7.199e-01 2.615e-01 3.334e-03 9.002e-04 8.168e-03 -1.000 1.859e-02 6.839 10.243 8.813 7.585 6.761 6.122 5.294 4.619 4.510
0.02 0.14251 9.87506 0.7318414450 2.3923115385    0.732 -0.722  3.6596  4.615    1  0.000  0.540     0.00     0.00     0.00     0.00     0.00 -1 -1.37e-14      0.00 7.212e-01 2.603e-01 3.292e-03 8.958e-04 8.136e-03 -1.000 1.851e-02 6.574 9.551 8.276 7.140 6.386 5.843 5.087 4.466 4.373
0.02 0.14251 9.87506 0.7500000000 2.3998889087    0.750 -0.662  3.6708  4.611    1  0.000  0.537     0.00     0.00     0.00     0.00     0.00 -1 -1.56e-14      0.00 7.219e-01 2.596e-01 3.269e-03 8.933e-04 8.118e-03 -1.000 1.847e-02 6.426 9.149 7.986 6.905 6.194 5.688 4.973 4.387 4.301
0.02 0.14251 9.87506 0.7645694613 2.4056702405    0.764 -0.619  3.6772  4.601    1  0.000  0.537     0.00     0.00     0.00     0.00     0.00 -1 -1.73e-14      0.00 7.229e-01 2.587e-01 3.259e-03 8.906e-04 8.094e-03 -1.000 1.842e-02 6.316 8.888 7.797 6.748 6.063 5.574 4.883 4.320 4.237
0.02 0.14251 9.87506 0.8000000119 2.4187244405    0.800 -0.513  3.6927  4.577    1  0.000  0.537     0.00     0.00     0.00     0.00     0.00 -1 -2.22e-14      0.00 7.252e-01 2.565e-01 3.235e-03 8.842e-04 8.037e-03 -1.000 1.827e-02 6.052 8.295 7.362 6.384 5.759 5.307 4.668 4.153 4.077
0.02 0.14251 9.87506 0.8096861243 2.4220653394    0.809 -0.484  3.6968  4.569    1  0.000  0.537     0.00     0.00     0.00     0.00     0.00 -1 -2.37e-14      0.00 7.260e-01 2.558e-01 3.228e-03 8.822e-04 8.019e-03 -1.000 1.822e-02 5.980 8.136 7.247 6.288 5.678 5.235 4.610 4.107 4.034
0.02 0.14251 9.87506 0.8355806470 2.4305610396    0.835 -0.407  3.7076  4.549    1  0.000  0.537     0.00     0.00     0.00     0.00     0.00 -1 -2.85e-14      0.00 7.279e-01 2.540e-01 3.208e-03 8.769e-04 7.971e-03 -1.000 1.811e-02 5.787 7.727 6.951 6.037 5.465 5.043 4.455 3.984 3.915
0.02 0.14251 9.87506 0.8500000238 2.4350346840    0.849 -0.364  3.7135  4.537    1  0.000  0.536     0.00     0.00     0.00     0.00     0.00 -1 -3.16e-14      0.00 7.289e-01 2.530e-01 3.197e-03 8.740e-04 7.946e-03 -1.000 1.810e-02 5.681 7.510 6.792 5.903 5.350 4.939 4.370 3.915 3.849
0.02 0.14251 9.87506 0.8742175102 2.4421677204    0.873 -0.292  3.7227  4.514    1  0.000  0.536     0.00     0.00     0.00     0.00     0.00 -1 -3.78e-14      0.00 7.310e-01 2.510e-01 3.175e-03 8.681e-04 7.892e-03 -1.000 1.798e-02 5.501 7.160 6.535 5.682 5.158 4.763 4.224 3.794 3.731
0.02 0.14251 9.87506 0.8961982727 2.4482596241    0.895 -0.227  3.7308  4.492    1  0.000  0.536     0.00     0.00     0.00     0.00     0.00 -1 -4.45e-14      0.00 7.330e-01 2.491e-01 3.155e-03 8.626e-04 7.843e-03 -1.000 1.788e-02 5.337 6.856 6.309 5.487 4.987 4.605 4.091 3.682 3.623
0.02 0.14251 9.87506 0.8999999762 2.4492786016    0.899 -0.216  3.7321  4.488    1  0.000  0.536     0.00     0.00     0.00     0.00     0.00 -1 -4.58e-14      0.00 7.333e-01 2.488e-01 3.151e-03 8.617e-04 7.835e-03 -1.000 1.786e-02 5.309 6.805 6.270 5.454 4.957 4.578 4.068 3.663 3.604
0.02 0.14251 9.87506 0.9095022678 2.4517827279    0.909 -0.187  3.7353  4.477    1  0.000  0.536     0.00     0.00     0.00     0.00     0.00 -1 -4.93e-14      0.00 7.344e-01 2.478e-01 3.141e-03 8.588e-04 7.809e-03 -1.000 1.780e-02 5.237 6.680 6.174 5.371 4.883 4.510 4.009 3.612 3.555
0.02 0.14251 9.87506 0.9233788848 2.4553333537    0.923 -0.145  3.7399  4.460    1  0.000  0.536     0.00     0.00     0.00     0.00     0.00 -1 -5.49e-14      0.00 7.359e-01 2.464e-01 3.125e-03 8.546e-04 7.771e-03 -1.000 1.769e-02 5.133 6.499 6.035 5.250 4.776 4.410 3.924 3.538 3.483
0.02 0.14251 9.87506 0.9360862970 2.4584788485    0.935 -0.107  3.7439  4.443    1  0.000  0.536     0.00     0.00     0.00     0.00     0.00 -1 -6.07e-14      0.00 7.373e-01 2.451e-01 3.111e-03 8.507e-04 7.737e-03 -1.000 1.758e-02 5.037 6.333 5.910 5.142 4.679 4.320 3.845 3.469 3.416
0.02 0.14251 9.87506 0.9487964511 2.4615282916    0.948 -0.068  3.7477  4.426    1  0.000  0.536     0.00     0.00     0.00     0.00     0.00 -1 -6.72e-14      0.00 7.387e-01 2.438e-01 3.096e-03 8.468e-04 7.701e-03 -1.000 1.750e-02 4.941 6.170 5.786 5.034 4.584 4.230 3.766 3.399 3.348
0.02 0.14251 9.87506 0.9499999881 2.4618121868    0.949 -0.065  3.7481  4.424    1  0.000  0.536     0.00     0.00     0.00     0.00     0.00 -1 -6.78e-14      0.00 7.388e-01 2.437e-01 3.094e-03 8.464e-04 7.698e-03 -1.000 1.749e-02 4.932 6.154 5.774 5.024 4.574 4.222 3.759 3.392 3.341
0.02 0.14251 9.87506 0.9603348374 2.4642163675    0.960 -0.033  3.7509  4.409    1  0.000  0.536     0.00     0.00     0.00     0.00     0.00 -1  -7.4e-14      0.00 7.403e-01 2.423e-01 3.080e-03 8.425e-04 7.663e-03 -1.000 1.742e-02 4.852 6.027 5.675 4.936 4.495 4.147 3.692 3.331 3.282
0.02 0.14251 9.87506 0.9716846943 2.4667890227    0.971  0.002  3.7539  4.391    1  0.000  0.536     0.00     0.00     0.00     0.00     0.00 -1 -8.14e-14      0.00 7.418e-01 2.408e-01 3.064e-03 8.381e-04 7.623e-03 -1.000 1.734e-02 4.765 5.892 5.568 4.841 4.408 4.065 3.618 3.264 3.216
0.02 0.14251 9.87506 0.9824666977 2.4691697576    0.982  0.035  3.7565  4.373    1  0.000  0.536     0.00     0.00     0.00     0.00     0.00 -1 -8.93e-14      0.00 7.433e-01 2.394e-01 3.048e-03 8.340e-04 7.586e-03 -1.000 1.727e-02 4.681 5.766 5.466 4.751 4.325 3.986 3.546 3.199 3.152
0.02 0.14251 9.87506 0.9928532243 2.4714070262    0.992  0.068  3.7589  4.355    1  0.000  0.536     0.00     0.00     0.00     0.00     0.00 -1 -9.77e-14      0.00 7.448e-01 2.380e-01 3.033e-03 8.299e-04 7.551e-03 -1.000 1.720e-02 4.601 5.648 5.369 4.664 4.245 3.910 3.477 3.135 3.089
0.02 0.14251 9.87506 1.0000000000 2.4729154477    1.000  0.090  3.7604  4.342    1  0.000  0.536     0.00     0.00     0.00     0.00     0.00 -1 -1.04e-13      0.00 7.457e-01 2.371e-01 3.023e-03 8.272e-04 7.527e-03 -1.000 1.716e-02 4.546 5.570 5.304 4.606 4.191 3.858 3.429 3.090 3.045
0.02 0.14251 9.87506 1.0059320927 2.4741487914    1.005  0.108  3.7615  4.331    1  0.000  0.536     0.00     0.00     0.00     0.00     0.00 -1 -1.09e-13      0.00 7.467e-01 2.362e-01 3.013e-03 8.244e-04 7.501e-03 -1.000 1.710e-02 4.501 5.509 5.252 4.558 4.146 3.815 3.389 3.052 3.008
0.02 0.14251 9.87506 1.0161259174 2.4762295636    1.015  0.138  3.7630  4.311    1  0.000  0.535     0.00     0.00     0.00     0.00     0.00 -1 -1.17e-13      0.00 7.484e-01 2.346e-01 2.995e-03 8.198e-04 7.460e-03 -1.000 1.700e-02 4.425 5.411 5.165 4.478 4.071 3.742 3.320 2.987 2.943
0.02 0.14251 9.87506 1.0324174166 2.4794570963    1.032  0.190  3.7653  4.275    1  0.000  0.535     0.00     0.00     0.00     0.00     0.00 -1 -1.32e-13      0.00 7.503e-01 2.328e-01 2.977e-03 8.148e-04 7.414e-03 -1.000 1.684e-02 4.295 5.250 5.021 4.344 3.943 3.617 3.201 2.873 2.830
0.02 0.14251 9.87506 1.0452951193 2.4819266113    1.044  0.233  3.7670  4.244    1  0.000  0.535     0.00     0.00     0.00     0.00     0.00 -1 -1.48e-13      0.00 7.505e-01 2.327e-01 2.975e-03 8.145e-04 7.412e-03 -1.000 1.680e-02 4.188 5.119 4.902 4.233 3.837 3.514 3.102 2.778 2.736
0.02 0.14251 9.87506 1.0499999523 2.4828114860    1.049  0.249  3.7674  4.231    1  0.000  0.535     0.00     0.00     0.00     0.00     0.00 -1 -1.54e-13      0.00 7.502e-01 2.329e-01 2.978e-03 8.153e-04 7.420e-03 -1.000 1.683e-02 4.147 5.072 4.858 4.191 3.796 3.474 3.063 2.740 2.698
0.02 0.14251 9.87506 1.0558243990 2.4838943817    1.055  0.270  3.7678  4.215    1  0.000  0.535     0.00     0.00     0.00     0.00     0.00 -1 -1.63e-13      0.00 7.501e-01 2.330e-01 2.980e-03 8.158e-04 7.424e-03 -1.000 1.687e-02 4.095 5.013 4.803 4.138 3.744 3.424 3.014 2.692 2.650
0.02 0.14251 9.87506 1.0667605400 2.4858909664    1.065  0.310  3.7682  4.181    1  0.000  0.535     0.00     0.00     0.00     0.00     0.00 -1 -1.81e-13      0.00 7.495e-01 2.335e-01 2.989e-03 8.181e-04 7.446e-03 -1.000 1.695e-02 3.996 4.907 4.700 4.038 3.645 3.325 2.916 2.595 2.554
0.02 0.14251 9.87506 1.0753509998 2.4874265985    1.074  0.342  3.7679  4.151    1  0.000  0.535     0.00     0.00     0.00     0.00     0.00 -1 -1.99e-13      0.00 7.486e-01 2.344e-01 3.001e-03 8.216e-04 7.478e-03 -1.000 1.702e-02 3.915 4.829 4.621 3.957 3.565 3.244 2.834 2.512 2.471
0.02 0.14251 9.87506 1.0841933489 2.4889780660    1.083  0.376  3.7672  4.117    1  0.000  0.535     0.00     0.00     0.00     0.00     0.00 -1 -2.19e-13      0.00 7.473e-01 2.356e-01 3.018e-03 8.263e-04 7.521e-03 -1.000 1.712e-02 3.831 4.754 4.540 3.874 3.480 3.158 2.746 2.423 2.381
0.02 0.14251 9.87506 1.0872879028 2.4895141822    1.086  0.388  3.7668  4.105    1  0.000  0.535     0.00     0.00     0.00     0.00     0.00 -1 -2.27e-13      0.00 7.466e-01 2.362e-01 3.026e-03 8.284e-04 7.541e-03 -1.000 1.718e-02 3.801 4.729 4.513 3.845 3.450 3.128 2.715 2.390 2.348
0.02 0.14251 9.87506 1.0949269533 2.4908227028    1.093  0.418  3.7646  4.069    2  0.000  0.535     0.00     0.00     0.00     0.00     0.00 -1  -2.5e-13      0.00 7.426e-01 2.400e-01 3.075e-03 8.417e-04 7.661e-03 -1.000 1.745e-02 3.725 4.679 4.450 3.774 3.374 3.048 2.629 2.300 2.257
0.02 0.14251 9.87506 1.1000000238 2.4916801480    1.098  0.438  3.7624  4.043    2  0.000  0.535     0.00     0.00     0.00     0.00     0.00 -1 -2.67e-13      0.00 7.392e-01 2.432e-01 3.113e-03 8.521e-04 7.756e-03 -1.000 1.766e-02 3.676 4.657 4.414 3.729 3.324 2.995 2.570 2.236 2.192
0.02 0.14251 9.87506 1.1036328077 2.4922885905    1.102  0.452  3.7604  4.022    2  0.000  0.535     0.00     0.00     0.00     0.00     0.00 -1  -2.8e-13      0.00 7.364e-01 2.458e-01 3.144e-03 8.608e-04 7.833e-03 -1.000 1.784e-02 3.640 4.647 4.390 3.697 3.288 2.956 2.525 2.187 2.142
0.02 0.14251 9.87506 1.1104149818 2.4934122707    1.109  0.473  3.7533  3.975    2  0.000  0.536     0.00     0.00     0.00     0.00     0.00 -1 -3.06e-13      0.00 7.288e-01 2.529e-01 3.224e-03 8.825e-04 8.026e-03 -1.000 1.831e-02 3.587 4.694 4.385 3.662 3.235 2.891 2.440 2.085 2.037
0.02 0.14251 9.87506 1.1160389185 2.4943321505    1.114  0.481  3.7430  3.928    2  0.000  0.536     0.00     0.00     0.00     0.00     0.00 -1 -3.26e-13      0.00 7.208e-01 2.605e-01 3.305e-03 9.045e-04 8.221e-03 -1.000 1.872e-02 3.568 4.826 4.434 3.671 3.219 2.857 2.377 1.996 1.944
0.02 0.14251 9.87506 1.1191402674 2.4948348773    1.117  0.473  3.7327  3.896    2  0.000  0.536     0.00     0.00     0.00     0.00     0.00 -1  -3.3e-13      0.00 7.154e-01 2.656e-01 3.357e-03 9.189e-04 8.347e-03 -1.000 1.898e-02 3.588 5.001 4.526 3.724 3.246 2.868 2.355 1.949 1.893
0.02 0.14251 9.87506 1.1211736202 2.4951627472    1.119  0.463  3.7235  3.870    2  0.000  0.537     0.00     0.00     0.00     0.00     0.00 -1 -3.32e-13      0.00 7.118e-01 2.690e-01 3.392e-03 9.281e-04 8.428e-03 -1.000 1.917e-02 3.612 5.169 4.619 3.781 3.279 2.886 2.344 1.913 1.853
0.02 0.14251 9.87506 1.1227023602 2.4954083511    1.121  0.458  3.7159  3.845    2  0.000  0.537     0.00     0.00     0.00     0.00     0.00 -1 -3.36e-13      0.00 7.093e-01 2.715e-01 3.416e-03 9.345e-04 8.485e-03 -1.000 1.927e-02 3.624 5.306 4.690 3.822 3.301 2.894 2.328 1.876 1.813
0.02 0.14251 9.87506 1.1245301962 2.4957009993    1.123  0.462  3.7069  3.806    2  0.000  0.537     0.00     0.00     0.00     0.00     0.00 -1 -3.52e-13      0.00 7.065e-01 2.741e-01 3.440e-03 9.411e-04 8.542e-03 -1.000 1.937e-02 3.615 5.452 4.755 3.853 3.307 2.884 2.287 1.810 1.743
0.02 0.14251 9.87506 1.1263576746 2.4959924985    1.125  0.485  3.6998  3.756    2  0.000  0.537     0.00     0.00     0.00     0.00     0.00 -1  -3.9e-13      0.00 7.038e-01 2.767e-01 3.460e-03 9.464e-04 8.588e-03 -1.000 1.954e-02 3.559 5.522 4.760 3.829 3.263 2.827 2.206 1.708 1.638
0.02 0.14251 9.87506 1.1276201010 2.4961932325    1.126  0.511  3.6961  3.715    2  0.000  0.537     0.00     0.00     0.00     0.00     0.00 -1 -4.34e-13      0.00 7.019e-01 2.785e-01 3.470e-03 9.495e-04 8.616e-03 -1.000 1.960e-02 3.492 5.523 4.728 3.782 3.205 2.762 2.127 1.619 1.547
0.02 0.14251 9.87506 1.1283575296 2.4963102494    1.127  0.532  3.6946  3.688    2  0.000  0.537     0.00     0.00     0.00     0.00     0.00 -1 -4.68e-13      0.00 7.006e-01 2.798e-01 3.472e-03 9.519e-04 8.628e-03 -1.000 1.962e-02 3.441 5.499 4.690 3.738 3.157 2.711 2.071 1.558 1.485
0.02 0.14251 9.87506 1.1299462318 2.4965617518    1.128  0.580  3.6918  3.629    3  0.000  0.533     0.00     0.00     0.00     0.00     0.00 -1 -5.56e-13      0.00 6.976e-01 2.827e-01 3.461e-03 9.650e-04 8.654e-03 -1.000 1.965e-02 3.320 5.425 4.593 3.630 3.042 2.591 1.940 1.419 1.345
0.02 0.14251 9.87506 1.1314952374 2.4968061880    1.130  0.634  3.6896  3.567    3  0.000  0.521     0.00     0.00     0.00     0.00     0.00 -1 -6.74e-13      0.00 6.941e-01 2.862e-01 3.392e-03 1.025e-03 8.674e-03 -1.000 1.973e-02 3.184 5.323 4.475 3.505 2.912 2.456 1.798 1.270 1.195
0.02 0.14251 9.87506 1.1328786612 2.4970238454    1.131  0.688  3.6881  3.507    3  0.000  0.499     0.00     0.00     0.00     0.00     0.00 -1 -8.14e-13      0.00 6.904e-01 2.898e-01 3.255e-03 1.174e-03 8.690e-03 -1.000 1.979e-02 3.049 5.211 4.354 3.378 2.782 2.323 1.659 1.126 1.050
0.02 0.14251 9.87506 1.1338949203 2.4971833469    1.132  0.732  3.6869  3.460    3  0.000  0.482     0.00     0.00     0.00     0.00     0.00 -1  -9.5e-13      0.00 6.879e-01 2.923e-01 3.144e-03 1.311e-03 8.698e-03 -1.000 1.984e-02 2.941 5.124 4.258 3.275 2.677 2.215 1.546 1.010 0.934
0.02 0.14251 9.87506 1.1350847483 2.4973696725    1.133  0.787  3.6854  3.399    3  0.000  0.464     0.00     0.00     0.00     0.00     0.00 -1 -1.15e-12      0.00 6.848e-01 2.953e-01 3.029e-03 1.457e-03 8.707e-03 -1.000 1.988e-02 2.803 5.015 4.136 3.145 2.543 2.078 1.404 0.863 0.786
0.02 0.14251 9.87506 1.1359406710 2.4975034314    1.134  0.830  3.6842  3.352    3  0.000  0.454     0.00     0.00     0.00     0.00     0.00 -1 -1.34e-12      0.00 6.827e-01 2.974e-01 2.964e-03 1.540e-03 8.713e-03 -1.000 1.989e-02 2.695 4.931 4.041 3.043 2.439 1.971 1.292 0.748 0.671
0.02 0.14251 9.87506 1.1366863251 2.4976197694    1.135  0.870  3.6830  3.306    3  0.000  0.447     0.00     0.00     0.00     0.00     0.00 -1 -1.55e-12      0.00 6.812e-01 2.989e-01 2.922e-03 1.594e-03 8.716e-03 -1.000 1.994e-02 2.594 4.852 3.951 2.948 2.340 1.870 1.187 0.639 0.561
0.02 0.14251 9.87506 1.1373854876 2.4977286943    1.135  0.911  3.6818  3.261    3  0.000  0.442     0.00     0.00     0.00     0.00     0.00 -1 -1.79e-12      0.00 6.800e-01 3.001e-01 2.891e-03 1.634e-03 8.719e-03 -1.000 1.993e-02 2.492 4.775 3.863 2.853 2.242 1.768 1.080 0.530 0.451
0.02 0.14251 9.87506 1.1380316019 2.4978292179    1.136  0.952  3.6804  3.215    3  0.000  0.438     0.00     0.00     0.00     0.00     0.00 -1 -2.07e-12      0.00 6.790e-01 3.011e-01 2.868e-03 1.664e-03 8.721e-03 -1.000 1.993e-02 2.390 4.700 3.775 2.757 2.143 1.667 0.973 0.419 0.339
0.02 0.14251 9.87506 1.1388195753 2.4979516346    1.137  1.007  3.6785  3.153    3  0.000  0.435     0.00     0.00     0.00     0.00     0.00 -1 -2.52e-12      0.00 6.779e-01 3.022e-01 2.843e-03 1.695e-03 8.723e-03 -1.000 1.993e-02 2.254 4.605 3.660 2.632 2.013 1.532 0.831 0.271 0.191
0.02 0.14251 9.87506 1.1394795179 2.4980540111    1.137  1.057  3.6766  3.095    3  0.000  0.432     0.00     0.00     0.00     0.00     0.00 -1 -3.02e-12      0.00 6.773e-01 3.028e-01 2.830e-03 1.712e-03 8.725e-03 -1.000 1.990e-02 2.127 4.520 3.555 2.517 1.892 1.407 0.699 0.133 0.052
0.02 0.14251 9.87506 1.1399686337 2.4981297993    1.138  1.098  3.6749  3.048    3  0.000  0.431     0.00     0.00     0.00     0.00     0.00 -1 -3.51e-12      0.00 6.770e-01 3.031e-01 2.823e-03 1.721e-03 8.725e-03 -1.000 1.991e-02 2.025 4.453 3.471 2.425 1.795 1.306 0.592 0.021 -0.062
0.02 0.14251 9.87506 1.1405348778 2.4982174453    1.138  1.150  3.6728  2.988    3  0.000  0.430     0.00     0.00     0.00     0.00     0.00 -1 -4.22e-12      0.00 6.767e-01 3.034e-01 2.817e-03 1.729e-03 8.726e-03 -1.000 1.996e-02 1.896 4.369 3.365 2.308 1.672 1.179 0.456 -0.122 -0.205
0.02 0.14251 9.87506 1.1410274506 2.4982936066    1.139  1.199  3.6706  2.930    3  0.000  0.430     0.00     0.00     0.00     0.00     0.00 -1 -5.05e-12      0.00 6.765e-01 3.035e-01 2.814e-03 1.733e-03 8.727e-03 -1.000 1.998e-02 1.773 4.292 3.265 2.198 1.555 1.057 0.326 -0.258 -0.343
0.02 0.14251 9.87506 1.1414959431 2.4983659746    1.139  1.250  3.6683  2.870    3  0.000  0.430     0.00     0.00     0.00     0.00     0.00 -1 -6.08e-12      0.00 6.765e-01 3.035e-01 2.813e-03 1.734e-03 8.727e-03 -1.000 1.998e-02 1.644 4.214 3.163 2.084 1.435 0.932 0.191 -0.400 -0.486
0.02 0.14251 9.87506 1.1419062614 2.4984293003    1.139  1.300  3.6659  2.810    3  0.000  0.430     0.00     0.00     0.00     0.00     0.00 -1  -7.3e-12      0.00 6.765e-01 3.035e-01 2.812e-03 1.735e-03 8.727e-03 -1.000 1.998e-02 1.520 4.143 3.065 1.975 1.319 0.810 0.060 -0.538 -0.627
0.02 0.14251 9.87506 1.1422684193 2.4984851498    1.140  1.348  3.6635  2.753    3  0.000  0.430     0.00     0.00     0.00     0.00     0.00 -1 -8.71e-12      0.00 6.765e-01 3.035e-01 2.812e-03 1.736e-03 8.727e-03 -1.000 1.998e-02 1.400 4.075 2.972 1.870 1.207 0.692 -0.067 -0.673 -0.763
0.02 0.14251 9.87506 1.1426160336 2.4985387182    1.140  1.398  3.6610  2.693    3  0.000  0.430     0.00     0.00     0.00     0.00     0.00 -1 -1.05e-11      0.00 6.765e-01 3.036e-01 2.811e-03 1.736e-03 8.727e-03 -1.000 1.999e-02 1.275 4.007 2.876 1.762 1.091 0.570 -0.199 -0.812 -0.904
0.02 0.14251 9.87506 1.1429271698 2.4985866334    1.140  1.446  3.6585  2.635    3  0.000  0.429     0.00     0.00     0.00     0.00     0.00 -1 -1.25e-11      0.00 6.765e-01 3.036e-01 2.811e-03 1.737e-03 8.727e-03 -1.000 1.999e-02 1.155 3.945 2.786 1.659 0.981 0.454 -0.325 -0.946 -1.040
0.02 0.14251 9.87506 1.1432281733 2.4986329597    1.140  1.492  3.6560  2.579    3  0.000  0.429     0.00     0.00     0.00     0.00     0.00 -1 -1.48e-11      0.00 6.764e-01 3.036e-01 2.811e-03 1.737e-03 8.727e-03 -1.000 1.999e-02 1.041 3.888 2.701 1.562 0.876 0.342 -0.446 -1.075 -1.171
0.02 0.14251 9.87506 1.1436299086 2.4986947455    1.141  1.538  3.6535  2.523    3  0.000  0.429     0.00     0.00     0.00     0.00     0.00 -1 -1.75e-11      0.00 6.764e-01 3.036e-01 2.810e-03 1.738e-03 8.727e-03 -1.000 1.999e-02 0.925 3.830 2.614 1.464 0.770 0.230 -0.568 -1.205 -1.302
0.02 0.14251 9.87506 1.1436852217 2.4987032486    1.141  1.543  3.6532  2.517    3  0.000  0.429     0.00     0.00     0.00     0.00     0.00 -1 -1.79e-11      0.00 6.764e-01 3.036e-01 2.810e-03 1.738e-03 8.727e-03 -1.000 1.999e-02 0.911 3.823 2.604 1.452 0.757 0.217 -0.583 -1.220 -1.318
0.02 0.14251 9.87506 1.1439801455 2.4987485702    1.141  1.497  3.6564  2.576    3  0.000  0.429     0.00     0.00     0.00     0.00     0.00 -1 -1.53e-11      0.00 6.764e-01 3.036e-01 2.810e-03 1.739e-03 8.727e-03 -1.000 1.999e-02 1.028 3.866 2.683 1.547 0.862 0.330 -0.458 -1.085 -1.181
0.02 0.14251 9.87506 1.1441096067 2.4987684564    1.141  1.467  3.6583  2.614    3  0.000  0.429     0.00     0.00     0.00     0.00     0.00 -1 -1.37e-11      0.00 6.764e-01 3.036e-01 2.809e-03 1.739e-03 8.727e-03 -1.000 1.999e-02 1.103 3.895 2.735 1.607 0.929 0.402 -0.378 -0.999 -1.093
0.02 0.14251 9.87506 1.1442008018 2.4987824614    1.141  1.485  3.6573  2.591    3  0.000  0.429     0.00     0.00     0.00     0.00     0.00 -1 -1.45e-11      0.00 6.764e-01 3.036e-01 2.809e-03 1.739e-03 8.727e-03 -1.000 1.999e-02 1.057 3.873 2.701 1.568 0.887 0.357 -0.427 -1.052 -1.146
0.02 0.14251 9.87506 1.1444524527 2.4988210949    1.141  1.535  3.6545  2.531    3  0.000  0.429     0.00     0.00     0.00     0.00     0.00 -1 -1.72e-11      0.00 6.764e-01 3.036e-01 2.809e-03 1.740e-03 8.727e-03 -1.000 1.999e-02 0.933 3.815 2.611 1.465 0.775 0.237 -0.558 -1.191 -1.288
0.02 0.14251 9.87506 1.1446977854 2.4988587395    1.141  1.584  3.6517  2.470    3  0.000  0.429     0.00     0.00     0.00     0.00     0.00 -1 -2.07e-11      0.00 6.764e-01 3.036e-01 2.809e-03 1.740e-03 8.728e-03 -1.000 1.999e-02 0.810 3.767 2.524 1.362 0.662 0.117 -0.689 -1.330 -1.429
0.02 0.14251 9.87506 1.1449238062 2.4988934045    1.141  1.632  3.6488  2.410    3  0.000  0.429     0.00     0.00     0.00     0.00     0.00 -1 -2.48e-11      0.00 6.764e-01 3.036e-01 2.808e-03 1.740e-03 8.728e-03 -1.000 1.999e-02 0.689 3.733 2.445 1.262 0.552 -0.001 -0.818 -1.468 -1.569
0.02 0.14251 9.87506 1.1451258659 2.4989243812    1.141  1.679  3.6460  2.352    3  0.000  0.429     0.00     0.00     0.00     0.00     0.00 -1 -2.95e-11      0.00 6.764e-01 3.036e-01 2.808e-03 1.741e-03 8.728e-03 -1.000 1.999e-02 0.572 3.702 2.370 1.168 0.446 -0.115 -0.943 -1.601 -1.704
0.02 0.14251 9.87506 1.1453162432 2.4989535554    1.142  1.727  3.6431  2.292    3  0.000  0.429     0.00     0.00     0.00     0.00     0.00 -1 -3.53e-11      0.00 6.764e-01 3.036e-01 2.808e-03 1.741e-03 8.728e-03 -1.000 1.999e-02 0.452 3.674 2.294 1.072 0.339 -0.231 -1.072 -1.737 -1.843
0.02 0.14251 9.87506 1.1454867125 2.4989796694    1.142  1.774  3.6402  2.234    3  0.000  0.429     0.00     0.00     0.00     0.00     0.00 -1 -4.21e-11      0.00 6.764e-01 3.036e-01 2.808e-03 1.741e-03 8.728e-03 -1.000 1.999e-02 0.335 3.648 2.221 0.979 0.234 -0.344 -1.196 -1.870 -1.979
0.02 0.14251 9.87506 1.1456435919 2.4990036936    1.142  1.821  3.6372  2.176    3  0.000  0.429     0.00     0.00     0.00     0.00     0.00 -1 -5.01e-11      0.00 6.764e-01 3.036e-01 2.807e-03 1.742e-03 8.728e-03 -1.000 1.999e-02 0.218 3.625 2.151 0.889 0.133 -0.456 -1.321 -2.003 -2.114
0.02 0.14251 9.87506 1.1457850933 2.4990253565    1.141  1.866  3.6343  2.118    3  0.000  0.429     0.00     0.00     0.00     0.00     0.00 -1 -5.94e-11      0.00 6.764e-01 3.036e-01 2.807e-03 1.742e-03 8.728e-03 -1.000 1.999e-02 0.104 3.604 2.083 0.801 0.034 -0.566 -1.442 -2.134 -2.247
0.02 0.14251 9.87506 1.1459157467 2.4990453531    1.141  1.912  3.6313  2.061    3  0.000  0.429     0.00     0.00     0.00     0.00     0.00 -1 -7.06e-11      0.00 6.764e-01 3.036e-01 2.807e-03 1.742e-03 8.728e-03 -1.000 1.999e-02 -0.010 3.585 2.016 0.713 -0.065 -0.675 -1.564 -2.264 -2.380
0.02 0.14251 9.87506 1.1460357904 2.4990637212    1.141  1.958  3.6282  2.002    3  0.000  0.429     0.00     0.00     0.00     0.00     0.00 -1  -8.4e-11      0.00 6.764e-01 3.036e-01 2.807e-03 1.742e-03 8.728e-03 -1.000 1.999e-02 -0.125 3.569 1.951 0.628 -0.162 -0.785 -1.687 -2.396 -2.515
0.02 0.14251 9.87506 1.1461426020 2.4990800610    1.141  2.002  3.6252  1.946    3  0.000  0.429     0.00     0.00     0.00     0.00     0.00 -1 -9.92e-11      0.00 6.764e-01 3.036e-01 2.807e-03 1.742e-03 8.728e-03 -1.000 1.999e-02 -0.236 3.523 1.888 0.543 -0.254 -0.888 -1.804 -2.516 -2.640
0.02 0.14251 9.87506 1.1462415457 2.4990951940    1.141  2.047  3.6221  1.889    3  0.000  0.429     0.00     0.00     0.00     0.00     0.00 -1 -1.18e-10      0.00 6.764e-01 3.036e-01 2.807e-03 1.743e-03 8.728e-03 -1.000 1.999e-02 -0.348 3.475 1.825 0.457 -0.346 -0.992 -1.921 -2.637 -2.767
0.02 0.14251 9.87506 1.1463309526 2.4991088659    1.141  2.091  3.6191  1.833    3  0.000  0.429     0.00     0.00     0.00     0.00     0.00 -1 -1.39e-10      0.00 6.764e-01 3.036e-01 2.807e-03 1.743e-03 8.728e-03 -1.000 1.999e-02 -0.457 3.424 1.762 0.374 -0.436 -1.093 -2.036 -2.756 -2.892
0.02 0.14251 9.87506 1.1464139223 2.4991215511    1.141  2.135  3.6159  1.776    3  0.000  0.429     0.00     0.00     0.00     0.00     0.00 -1 -1.64e-10      0.00 6.764e-01 3.036e-01 2.806e-03 1.743e-03 8.728e-03 -1.000 1.999e-02 -0.568 3.370 1.699 0.292 -0.524 -1.195 -2.152 -2.875 -3.018
0.02 0.14251 9.87506 1.1464890242 2.4991330317    1.140  2.178  3.6128  1.720    3  0.000  0.429     0.00     0.00     0.00     0.00     0.00 -1 -1.93e-10      0.00 6.764e-01 3.036e-01 2.806e-03 1.743e-03 8.728e-03 -1.000 1.999e-02 -0.676 3.318 1.638 0.213 -0.610 -1.293 -2.266 -2.993 -3.142
0.02 0.14251 9.87506 1.1465573311 2.4991434720    1.140  2.221  3.6097  1.665    3  0.000  0.429     0.00     0.00     0.00     0.00     0.00 -1 -2.27e-10      0.00 6.764e-01 3.036e-01 2.806e-03 1.743e-03 8.728e-03 -1.000 1.999e-02 -0.782 3.264 1.577 0.136 -0.694 -1.389 -2.377 -3.108 -3.264
0.02 0.14251 9.87506 1.1466202736 2.4991530911    1.140  2.263  3.6065  1.610    3  0.000  0.429     0.00     0.00     0.00     0.00     0.00 -1 -2.67e-10      0.00 6.764e-01 3.036e-01 2.806e-03 1.743e-03 8.728e-03 -1.000 1.999e-02 -0.887 3.207 1.519 0.064 -0.774 -1.483 -2.488 -3.223 -3.386
0.02 0.14251 9.87506 1.1466789246 2.4991620533    1.139  2.305  3.6033  1.554    3  0.000  0.429     0.00     0.00     0.00     0.00     0.00 -1 -3.14e-10      0.00 6.764e-01 3.036e-01 2.806e-03 1.743e-03 8.728e-03 -1.000 1.999e-02 -0.993 3.151 1.460 -0.009 -0.855 -1.578 -2.600 -3.340 -3.510
0.02 0.14251 9.87506 1.1467312574 2.4991700492    1.139  2.346  3.6002  1.501    3  0.000  0.429     0.00     0.00     0.00     0.00     0.00 -1 -3.68e-10      0.00 6.764e-01 3.036e-01 2.806e-03 1.743e-03 8.728e-03 -1.000 1.999e-02 -1.096 3.095 1.404 -0.079 -0.933 -1.668 -2.707 -3.451 -3.629
0.02 0.14251 9.87506 1.1467797756 2.4991774615    1.139  2.387  3.5969  1.447    3  0.000  0.429     0.00     0.00     0.00     0.00     0.00 -1  -4.3e-10      0.00 6.764e-01 3.036e-01 2.806e-03 1.744e-03 8.728e-03 -1.000 1.999e-02 -1.197 3.087 1.362 -0.133 -1.002 -1.761 -2.817 -3.569 -3.752
0.02 0.14251 9.87506 1.1468253136 2.4991844178    1.138  2.428  3.5937  1.393    3  0.000  0.429     0.00     0.00     0.00     0.00     0.00 -1 -5.03e-10      0.00 6.764e-01 3.036e-01 2.806e-03 1.744e-03 8.728e-03 -1.000 1.999e-02 -1.300 3.079 1.321 -0.188 -1.071 -1.854 -2.928 -3.688 -3.876
0.02 0.14251 9.87506 1.1468650103 2.4991904813    1.138  2.466  3.5905  1.342    3  0.000  0.429     0.00     0.00     0.00     0.00     0.00 -1 -5.84e-10      0.00 6.764e-01 3.036e-01 2.806e-03 1.744e-03 8.728e-03 -1.000 1.999e-02 -1.396 3.073 1.283 -0.238 -1.135 -1.941 -3.032 -3.800 -3.993
0.02 0.14251 9.87506 1.1469027996 2.4991962530    1.137  2.506  3.5872  1.289    3  0.000  0.429    11.78     8.56     6.00     4.61     3.74  4  -6.8e-10      0.00 6.764e-01 3.036e-01 2.806e-03 1.744e-03 8.728e-03 -1.000 1.999e-02 -1.494 3.065 1.252 -0.279 -1.193 -2.029 -3.139 -3.915 -4.113
0.02 0.14251 9.87506 1.1469388008 2.4992017512    1.137  2.546  3.5838  1.235    3  0.000  0.429    13.17     9.43     6.59     5.07     4.11  4 -7.95e-10      0.00 6.764e-01 3.036e-01 2.806e-03 1.744e-03 8.728e-03 -1.000 1.999e-02 -1.594 3.057 1.221 -0.319 -1.250 -2.118 -3.248 -4.033 -4.236
0.02 0.14251 9.87506 1.1469700336 2.4992065208    1.136  2.583  3.5806  1.185    3  0.000  0.429    14.62    10.33     7.19     5.53     4.50  4 -9.19e-10      0.00 6.764e-01 3.036e-01 2.806e-03 1.744e-03 8.728e-03 -1.000 1.999e-02 -1.688 3.051 1.193 -0.357 -1.303 -2.201 -3.350 -4.142 -4.350
0.02 0.14251 9.87506 1.1469991207 2.4992109625    1.135  2.620  3.5773  1.134    3  0.000  0.429    16.22    11.32     7.84     6.05     4.91  4 -1.06e-09      0.00 6.764e-01 3.036e-01 2.806e-03 1.744e-03 8.728e-03 -1.000 1.999e-02 -1.780 3.043 1.176 -0.378 -1.343 -2.280 -3.451 -4.251 -4.464
0.02 0.14251 9.87506 1.1470267773 2.4992151855    1.134  2.657  3.5739  1.083    3  0.000  0.429    18.04    12.41     8.57     6.61     5.38  3 -1.23e-09      0.00 6.764e-01 3.036e-01 2.806e-03 1.744e-03 8.728e-03 -1.000 1.999e-02 -1.874 3.034 1.161 -0.395 -1.381 -2.359 -3.555 -4.362 -4.581
0.02 0.14251 9.87506 1.1470522881 2.4992190806    1.134  2.694  3.5706  1.033    3  0.000  0.429    20.01    13.59     9.34     7.22     5.87  3 -1.42e-09      0.00 6.764e-01 3.036e-01 2.806e-03 1.744e-03 8.728e-03 -1.000 1.999e-02 -1.965 3.026 1.147 -0.413 -1.418 -2.437 -3.655 -4.470 -4.694
0.02 0.14251 9.87506 1.1470808983 2.4992234488    1.133  2.738  3.5664  0.972    3  0.000  0.429    22.70    15.18    10.38     8.04     6.54  3 -1.69e-09      0.00 6.764e-01 3.036e-01 2.806e-03 1.744e-03 8.728e-03 -1.000 1.999e-02 -2.075 3.017 1.147 -0.409 -1.445 -2.525 -3.778 -4.602 -4.832
0.02 0.14251 9.87506 1.1471071243 2.4992274527    1.132  2.781  3.5621  0.911    3  0.000  0.429    25.71    16.93    11.52     8.93     7.27  3    -2e-09      0.00 6.764e-01 3.036e-01 2.806e-03 1.744e-03 8.728e-03 -1.000 1.999e-02 -2.183 3.013 1.156 -0.396 -1.465 -2.609 -3.900 -4.731 -4.968
0.02 0.14251 9.87506 1.1471312046 2.4992311288    1.130  2.824  3.5579  0.851    3  0.000  0.429    29.11    18.86    12.77     9.92     8.07  3 -2.37e-09      0.00 6.764e-01 3.036e-01 2.806e-03 1.744e-03 8.728e-03 -1.000 1.999e-02 -2.289 3.008 1.176 -0.367 -1.475 -2.687 -4.019 -4.858 -5.102
0.02 0.14251 9.87506 1.1471532583 2.4992344954    1.129  2.865  3.5536  0.792    3  0.000  0.429    32.86    20.97    14.13    11.00     8.95  3  -2.8e-09      0.00 6.764e-01 3.036e-01 2.806e-03 1.744e-03 8.728e-03 -1.000 1.999e-02 -2.392 3.003 1.208 -0.323 -1.474 -2.757 -4.136 -4.983 -5.234
0.02 0.14251 9.87506 1.1471736431 2.4992376071    1.127  2.906  3.5494  0.734    3  0.000  0.429    37.07    23.30    15.63    12.18     9.91  3  -3.3e-09      0.00 6.764e-01 3.036e-01 2.806e-03 1.744e-03 8.728e-03 -1.000 1.999e-02 -2.494 2.999 1.246 -0.272 -1.467 -2.824 -4.252 -5.106 -5.364
0.02 0.14251 9.87506 1.1471922398 2.4992404457    1.126  2.945  3.5451  0.677    3  0.000  0.429    41.70    25.82    17.23    13.45    10.95  2 -3.88e-09      0.00 6.764e-01 3.036e-01 2.806e-03 1.744e-03 8.728e-03 -1.000 1.999e-02 -2.593 2.995 1.304 -0.195 -1.445 -2.876 -4.364 -5.225 -5.491
0.02 0.14251 9.87506 1.1472097635 2.4992431205    1.124  2.985  3.5408  0.619    3  0.000  0.429    46.93    28.62    19.02    14.87    12.11  2 -4.55e-09      0.00 6.764e-01 3.036e-01 2.805e-03 1.744e-03 8.728e-03 -1.000 1.999e-02 -2.692 2.992 1.364 -0.115 -1.420 -2.928 -4.477 -5.345 -5.618
0.02 0.14251 9.87506 1.1472256184 2.4992455405    1.122  3.022  3.5367  0.565    3  0.000  0.429    52.52    31.58    20.89    16.36    13.32  2 -5.31e-09      0.00 6.764e-01 3.036e-01 2.805e-03 1.744e-03 8.728e-03 -1.000 1.999e-02 -2.785 2.989 1.440 -0.016 -1.384 -2.961 -4.585 -5.458 -5.739
0.02 0.14251 9.87506 1.1472406387 2.4992478330    1.120  3.060  3.5325  0.509    3  0.000  0.429    58.88    34.89    22.98    18.02    14.68  2  -6.2e-09      0.00 6.764e-01 3.036e-01 2.805e-03 1.744e-03 8.728e-03 -1.000 1.999e-02 -2.880 2.987 1.526 0.094 -1.341 -2.990 -4.693 -5.572 -5.861
0.02 0.14251 9.87506 1.1472544670 2.4992499435    1.118  3.096  3.5283  0.456    3  0.000  0.429    65.80    38.44    25.20    19.80    16.13  2  -7.2e-09      0.00 6.764e-01 3.036e-01 2.805e-03 1.744e-03 8.728e-03 -1.000 1.999e-02 -2.970 2.987 1.626 0.221 -1.287 -3.005 -4.798 -5.682 -5.979
0.02 0.14251 9.87506 1.1472671032 2.4992518720    1.116  3.131  3.5242  0.403    3  0.000  0.429    73.35    42.26    27.59    21.70    17.69  2 -8.35e-09      0.00 6.764e-01 3.036e-01 2.805e-03 1.744e-03 8.728e-03 -1.000 1.999e-02 -3.059 2.987 1.744 0.369 -1.221 -3.001 -4.901 -5.789 -6.095
0.02 0.14251 9.87506 1.1472789049 2.4992536731    1.113  3.166  3.5200  0.350    3  0.000  0.429    81.73    46.44    30.18    23.78    19.38  2 -9.66e-09      0.00 6.764e-01 3.036e-01 2.805e-03 1.744e-03 8.728e-03 -1.000 1.999e-02 -3.146 2.990 1.868 0.523 -1.151 -2.994 -5.002 -5.894 -6.209
0.02 0.14251 9.87506 1.1472901106 2.4992553832    1.110  3.200  3.5158  0.298    3  0.000  0.429    91.03    51.01    33.01    26.05    21.24  2 -1.12e-08      0.00 6.764e-01 3.036e-01 2.805e-03 1.744e-03 8.728e-03 -1.000 1.999e-02 -3.231 2.996 2.027 0.731 -1.044 -2.946 -5.100 -5.998 -6.322
0.02 0.14251 9.87506 1.1473003626 2.4992569478    1.107  3.233  3.5116  0.248    3  0.000  0.429   100.98    55.83    35.98    28.43    23.19  2 -1.28e-08      0.00 6.764e-01 3.036e-01 2.805e-03 1.744e-03 8.728e-03 -1.000 1.999e-02 -3.313 3.004 2.188 0.940 -0.937 -2.896 -5.195 -6.098 -6.430
0.02 0.14251 9.87506 1.1473100185 2.4992584213    1.104  3.265  3.5074  0.197    3  0.000  0.429   112.04    61.12    39.23    31.04    25.32  1 -1.48e-08      0.00 6.764e-01 3.036e-01 2.805e-03 1.744e-03 8.728e-03 -1.000 1.999e-02 -3.393 3.008 2.331 1.124 -0.841 -2.849 -5.288 -6.196 -6.537
0.02 0.14251 9.87506 1.1473190784 2.4992598039    1.101  3.296  3.5033  0.148    3  0.000  0.429   123.95    66.73    42.66    33.80    27.58  1 -1.69e-08      0.00 6.764e-01 3.036e-01 2.805e-03 1.744e-03 8.728e-03 -1.000 1.999e-02 -3.471 3.008 2.455 1.282 -0.759 -2.807 -5.379 -6.291 -6.640
0.02 0.14251 9.87506 1.1473275423 2.4992610954    1.097  3.327  3.4993  0.100    3  0.000  0.429   136.88    72.73    46.31    36.75    29.99  1 -1.93e-08      0.00 6.764e-01 3.036e-01 2.805e-03 1.744e-03 8.728e-03 -1.000 1.999e-02 -3.548 3.011 2.586 1.445 -0.671 -2.756 -5.467 -6.384 -6.741
0.02 0.14251 9.87506 1.1473356485 2.4992623324    1.093  3.357  3.4952  0.053    3  0.000  0.429   150.93    79.17    50.22    39.90    32.57  1 -2.21e-08      0.00 6.764e-01 3.036e-01 2.805e-03 1.744e-03 8.728e-03 -1.000 1.999e-02 -3.622 3.015 2.709 1.585 -0.592 -2.701 -5.552 -6.475 -6.839
0.02 0.14251 9.87506 1.1473433971 2.4992635148    1.088  3.385  3.4913  0.007    3  0.000  0.429   165.87    85.93    54.30    43.20    35.27  1 -2.51e-08      0.00 6.764e-01 3.036e-01 2.805e-03 1.744e-03 8.728e-03 -1.000 1.999e-02 -3.693 3.022 2.830 1.723 -0.511 -2.645 -5.633 -6.563 -6.935
0.02 0.14251 9.87506 1.1473490000 2.4992643698    1.085  3.405  3.4886 -0.025    3  0.000  0.429   177.00    90.90    57.29    45.63    37.25  1 -2.75e-08      0.00 6.764e-01 3.036e-01 2.805e-03 1.744e-03 8.728e-03 -1.000 1.999e-02 -3.742 3.023 2.894 1.783 -0.477 -2.621 -5.689 -6.622 -6.999
0.02 0.14251 9.87506 1.1473490000 2.4992643698    1.085  1.686  3.6619  2.387    4  0.000  0.444     0.00     0.00     0.00     0.00     0.00 -1    -1e-30      0.00 6.780e-01 3.021e-01 2.900e-03 1.621e-03 8.713e-03 -1.000 1.993e-02 0.555 3.287 2.154 1.028 0.367 -0.151 -0.920 -1.524 -1.617
0.02 0.14251 9.87506 1.1474895477 2.4992858131    1.085  1.696  3.6612  2.374    4  0.000  0.444     0.00     0.00     0.00     0.00     0.00 -1    -1e-30      0.00 6.780e-01 3.021e-01 2.899e-03 1.621e-03 8.713e-03 -1.000 1.993e-02 0.529 3.282 2.138 1.007 0.344 -0.176 -0.947 -1.554 -1.647
0.02 0.14251 9.87506 1.1476253271 2.4993065232    1.085  1.700  3.6611  2.370    4  0.000  0.444     0.00     0.00     0.00     0.00     0.00 -1    -1e-30      0.00 6.780e-01 3.021e-01 2.899e-03 1.622e-03 8.713e-03 -1.000 1.993e-02 0.521 3.277 2.131 1.000 0.336 -0.184 -0.956 -1.563 -1.656
0.02 0.14251 9.87506 1.1477613449 2.4993272640    1.085  1.698  3.6614  2.372    4  0.000  0.444     0.00     0.00     0.00     0.00     0.00 -1    -1e-30      0.00 6.780e-01 3.021e-01 2.899e-03 1.622e-03 8.713e-03 -1.000 1.993e-02 0.524 3.272 2.131 1.000 0.338 -0.181 -0.952 -1.558 -1.651
0.02 0.14251 9.87506 1.1478974819 2.4993480174    1.085  1.696  3.6618  2.377    4  0.000  0.444     0.00     0.00     0.00     0.00     0.00 -1    -1e-30      0.00 6.780e-01 3.021e-01 2.899e-03 1.622e-03 8.713e-03 -1.000 1.994e-02 0.530 3.267 2.132 1.004 0.343 -0.175 -0.944 -1.549 -1.642
0.02 0.14251 9.87506 1.1480356455 2.4993690739    1.085  1.693  3.6623  2.382    4  0.000  0.444     0.00     0.00     0.00     0.00     0.00 -1    -1e-30      0.00 6.780e-01 3.021e-01 2.899e-03 1.622e-03 8.713e-03 -1.000 1.994e-02 0.538 3.262 2.133 1.008 0.349 -0.169 -0.936 -1.539 -1.632
0.02 0.14251 9.87506 1.1481735706 2.4993900882    1.086  1.690  3.6628  2.387    4  0.000  0.444     0.00     0.00     0.00     0.00     0.00 -1    -1e-30      0.00 6.780e-01 3.021e-01 2.898e-03 1.623e-03 8.714e-03 -1.000 1.994e-02 0.545 3.257 2.134 1.012 0.354 -0.162 -0.927 -1.529 -1.621
0.02 0.14251 9.87506 1.1483116150 2.4994111149    1.086  1.687  3.6632  2.391    4  0.000  0.443     0.00     0.00     0.00     0.00     0.00 -1    -1e-30      0.00 6.780e-01 3.021e-01 2.898e-03 1.623e-03 8.714e-03 -1.000 1.994e-02 0.552 3.252 2.135 1.016 0.360 -0.155 -0.919 -1.520 -1.611
0.02 0.14251 9.87506 1.1484470367 2.4994317365    1.086  1.685  3.6637  2.396    4  0.000  0.443     0.00     0.00     0.00     0.00     0.00 -1    -1e-30      0.00 6.780e-01 3.021e-01 2.898e-03 1.623e-03 8.714e-03 -1.000 1.994e-02 0.558 3.248 2.137 1.019 0.365 -0.149 -0.911 -1.511 -1.602
0.02 0.14251 9.87506 1.1485795975 2.4994519170    1.086  1.682  3.6641  2.400    4  0.000  0.443     0.00     0.00     0.00     0.00     0.00 -1    -1e-30      0.00 6.780e-01 3.021e-01 2.898e-03 1.624e-03 8.714e-03 -1.000 1.994e-02 0.564 3.243 2.137 1.022 0.369 -0.144 -0.904 -1.502 -1.593
0.02 0.14251 9.87506 1.1487207413 2.4994733982    1.086  1.680  3.6645  2.403    4  0.000  0.443     0.00     0.00     0.00     0.00     0.00 -1    -1e-30      0.00 6.780e-01 3.021e-01 2.897e-03 1.624e-03 8.714e-03 -1.000 1.994e-02 0.569 3.238 2.138 1.025 0.373 -0.139 -0.898 -1.495 -1.586
0.02 0.14251 9.87506 1.1488604546 2.4994946558    1.086  1.679  3.6648  2.407    4  0.000  0.443     0.00     0.00     0.00     0.00     0.00 -1    -1e-30      0.00 6.780e-01 3.021e-01 2.897e-03 1.624e-03 8.714e-03 -1.000 1.994e-02 0.573 3.234 2.138 1.027 0.376 -0.135 -0.892 -1.488 -1.579
0.02 0.14251 9.87506 1.1490006447 2.4995159799    1.087  1.677  3.6651  2.409    4  0.000  0.443     0.00     0.00     0.00     0.00     0.00 -1    -1e-30      0.00 6.779e-01 3.021e-01 2.897e-03 1.625e-03 8.714e-03 -1.000 1.994e-02 0.577 3.230 2.138 1.028 0.379 -0.131 -0.888 -1.483 -1.573
0.02 0.14251 9.87506 1.1491419077 2.4995374612    1.087  1.676  3.6654  2.412    4  0.000  0.443     0.00     0.00     0.00     0.00     0.00 -1    -1e-30      0.00 6.779e-01 3.021e-01 2.897e-03 1.625e-03 8.714e-03 -1.000 1.994e-02 0.580 3.225 2.137 1.030 0.382 -0.128 -0.884 -1.478 -1.568
0.02 0.14251 9.87506 1.1491731405 2.4995422098    1.087  1.676  3.6655  2.413    4  0.000  0.443     0.00     0.00     0.00     0.00     0.00 -1    -1e-30      0.00 6.779e-01 3.021e-01 2.897e-03 1.625e-03 8.714e-03 -1.000 1.994e-02 0.581 3.224 2.137 1.030 0.382 -0.128 -0.883 -1.477 -1.567
0.02 0.14251 9.87506 1.1492810249 2.4995586103    1.087  1.675  3.6657  2.414    4  0.000  0.443     0.00     0.00     0.00     0.00     0.00 -1    -1e-30      0.00 6.779e-01 3.021e-01 2.897e-03 1.625e-03 8.714e-03 -1.000 1.994e-02 0.583 3.221 2.137 1.030 0.383 -0.126 -0.880 -1.474 -1.564
0.02 0.14251 9.87506 1.1494159698 2.4995791194    1.087  1.674  3.6659  2.416    4  0.000  0.443     0.00     0.00     0.00     0.00     0.00 -1    -1e-30      0.00 6.779e-01 3.021e-01 2.896e-03 1.626e-03 8.714e-03 -1.000 1.994e-02 0.585 3.218 2.136 1.031 0.384 -0.124 -0.878 -1.470 -1.560
0.02 0.14251 9.87506 1.1495587826 2.4996008183    1.087  1.674  3.6661  2.417    4  0.000  0.443     0.00     0.00     0.00     0.00     0.00 -1    -1e-30      0.00 6.779e-01 3.021e-01 2.896e-03 1.626e-03 8.714e-03 -1.000 1.994e-02 0.586 3.214 2.135 1.031 0.385 -0.123 -0.876 -1.468 -1.558
0.02 0.14251 9.87506 1.1496999264 2.4996222575    1.087  1.673  3.6663  2.418    4  0.000  0.443     0.00     0.00     0.00     0.00     0.00 -1    -1e-30      0.00 6.779e-01 3.021e-01 2.896e-03 1.626e-03 8.714e-03 -1.000 1.994e-02 0.587 3.211 2.134 1.030 0.385 -0.123 -0.875 -1.467 -1.556
0.02 0.14251 9.87506 1.1498420238 2.4996438354    1.088  1.674  3.6664  2.418    4  0.000  0.443     0.00     0.00     0.00     0.00     0.00 -1    -1e-30      0.00 6.779e-01 3.021e-01 2.896e-03 1.626e-03 8.714e-03 -1.000 1.994e-02 0.586 3.208 2.132 1.029 0.384 -0.124 -0.875 -1.466 -1.556
0.02 0.14251 9.87506 1.1499763727 2.4996642310    1.088  1.674  3.6664  2.418    4  0.000  0.443     0.00     0.00     0.00     0.00     0.00 -1    -1e-30      0.00 6.779e-01 3.021e-01 2.895e-03 1.627e-03 8.714e-03 -1.000 1.994e-02 0.585 3.205 2.130 1.027 0.383 -0.125 -0.876 -1.467 -1.557
0.02 0.14251 9.87506 1.1501098871 2.4996844946    1.088  1.675  3.6664  2.417    4  0.000  0.443     0.00     0.00     0.00     0.00     0.00 -1    -1e-30      0.00 6.779e-01 3.021e-01 2.895e-03 1.627e-03 8.714e-03 -1.000 1.995e-02 0.582 3.203 2.127 1.025 0.380 -0.127 -0.879 -1.470 -1.559
0.02 0.14251 9.87506 1.1501488686 2.4996904098    1.088  1.675  3.6664  2.417    4  0.000  0.443     0.00     0.00     0.00     0.00     0.00 -1    -1e-30      0.00 6.779e-01 3.021e-01 2.895e-03 1.627e-03 8.714e-03 -1.000 1.995e-02 0.582 3.202 2.127 1.024 0.379 -0.128 -0.879 -1.470 -1.560
0.02 0.14251 9.87506 1.1502757072 2.4997096537    1.088  1.677  3.6664  2.415    4  0.000  0.443     0.00     0.00     0.00     0.00     0.00 -1    -1e-30      0.00 6.779e-01 3.021e-01 2.895e-03 1.627e-03 8.714e-03 -1.000 1.995e-02 0.578 3.200 2.124 1.020 0.376 -0.132 -0.884 -1.475 -1.564
0.02 0.14251 9.87506 1.1503957510 2.4997278621    1.088  1.679  3.6663  2.413    4  0.000  0.443     0.00     0.00     0.00     0.00     0.00 -1    -1e-30      0.00 6.779e-01 3.021e-01 2.895e-03 1.628e-03 8.715e-03 -1.000 1.995e-02 0.573 3.198 2.120 1.016 0.371 -0.137 -0.888 -1.480 -1.570
0.02 0.14251 9.87506 1.1505188942 2.4997465361    1.088  1.681  3.6661  2.410    4  0.000  0.443     0.00     0.00     0.00     0.00     0.00 -1    -1e-30      0.00 6.779e-01 3.022e-01 2.895e-03 1.628e-03 8.715e-03 -1.000 1.995e-02 0.567 3.196 2.116 1.011 0.366 -0.142 -0.895 -1.487 -1.577
0.02 0.14251 9.87506 1.1506375074 2.4997645189    1.089  1.684  3.6659  2.406    4  0.000  0.443     0.00     0.00     0.00     0.00     0.00 -1    -1e-30      0.00 6.779e-01 3.022e-01 2.894e-03 1.628e-03 8.715e-03 -1.000 1.995e-02 0.560 3.195 2.112 1.005 0.359 -0.150 -0.903 -1.495 -1.585
0.02 0.14251 9.87506 1.1507567167 2.4997825877    1.089  1.688  3.6656  2.402    4  0.000  0.443     0.00     0.00     0.00     0.00     0.00 -1    -1e-30      0.00 6.779e-01 3.022e-01 2.894e-03 1.628e-03 8.715e-03 -1.000 1.995e-02 0.551 3.194 2.107 0.998 0.351 -0.158 -0.913 -1.506 -1.596
0.02 0.14251 9.87506 1.1508755684 2.4998005980    1.089  1.692  3.6653  2.396    4  0.000  0.443     0.00     0.00     0.00     0.00     0.00 -1    -1e-30      0.00 6.779e-01 3.022e-01 2.894e-03 1.629e-03 8.715e-03 -1.000 1.995e-02 0.540 3.193 2.100 0.990 0.341 -0.169 -0.925 -1.519 -1.610
0.02 0.14251 9.87506 1.1509945393 2.4998186221    1.089  1.697  3.6648  2.389    4  0.000  0.443     0.00     0.00     0.00     0.00     0.00 -1    -1e-30      0.00 6.779e-01 3.022e-01 2.894e-03 1.629e-03 8.715e-03 -1.000 1.995e-02 0.527 3.192 2.093 0.980 0.330 -0.181 -0.939 -1.534 -1.625
0.02 0.14251 9.87506 1.1511154175 2.4998369307    1.089  1.703  3.6643  2.381    4  0.000  0.443     0.00     0.00     0.00     0.00     0.00 -1    -1e-30      0.00 6.779e-01 3.022e-01 2.894e-03 1.629e-03 8.715e-03 -1.000 1.995e-02 0.513 3.190 2.085 0.969 0.317 -0.196 -0.955 -1.552 -1.643
0.02 0.14251 9.87506 1.1512352228 2.4998550725    1.089  1.710  3.6637  2.372    4  0.000  0.443     0.00     0.00     0.00     0.00     0.00 -1    -1e-30      0.00 6.779e-01 3.022e-01 2.893e-03 1.630e-03 8.715e-03 -1.000 1.995e-02 0.495 3.189 2.075 0.955 0.301 -0.213 -0.974 -1.573 -1.665
0.02 0.14251 9.87506 1.1513526440 2.4998728491    1.089  1.719  3.6629  2.360    4  0.000  0.443     0.00     0.00     0.00     0.00     0.00 -1    -1e-30      0.00 6.779e-01 3.022e-01 2.893e-03 1.630e-03 8.715e-03 -1.000 1.995e-02 0.473 3.188 2.063 0.938 0.281 -0.234 -0.999 -1.600 -1.692
0.02 0.14251 9.87506 1.1514443159 2.4998867246    1.090  1.720  3.6630  2.360    4  0.000  0.443     0.00     0.00     0.00     0.00     0.00 -1    -1e-30      0.00 6.779e-01 3.022e-01 2.893e-03 1.630e-03 8.715e-03 -1.000 1.995e-02 0.471 3.186 2.061 0.937 0.280 -0.236 -1.001 -1.601 -1.694
0.02 0.14251 9.87506 1.1515582800 2.4999039706    1.090  1.736  3.6615  2.337    4  0.000  0.443     0.00     0.00     0.00     0.00     0.00 -1    -1e-30      0.00 6.779e-01 3.022e-01 2.893e-03 1.630e-03 8.715e-03 -1.000 1.995e-02 0.431 3.185 2.039 0.906 0.244 -0.275 -1.046 -1.651 -1.744
0.02 0.14251 9.87506 1.1516783237 2.4999221324    1.090  1.767  3.6587  2.295    4  0.000  0.443     0.00     0.00     0.00     0.00     0.00 -1    -1e-30      0.00 6.779e-01 3.022e-01 2.893e-03 1.631e-03 8.715e-03 -1.000 1.995e-02 0.352 3.184 1.998 0.847 0.174 -0.351 -1.133 -1.746 -1.841
0.02 0.14251 9.87506 1.1517450809 2.4999322305    1.090  1.800  3.6557  2.250    4  0.000  0.443     0.00     0.00     0.00     0.00     0.00 -1    -1e-30      0.00 6.779e-01 3.022e-01 2.893e-03 1.631e-03 8.715e-03 -1.000 1.995e-02 0.270 3.186 1.956 0.787 0.104 -0.430 -1.223 -1.845 -1.942
0.02 0.14251 9.87506 1.1517829895 2.4999379641    1.090  1.836  3.6526  2.202    4  0.000  0.443     0.00     0.00     0.00     0.00     0.00 -1    -1e-30      0.00 6.779e-01 3.022e-01 2.893e-03 1.631e-03 8.715e-03 -1.000 1.995e-02 0.181 3.188 1.911 0.722 0.026 -0.515 -1.321 -1.952 -2.052
0.02 0.14251 9.87506 1.1518050432 2.4999412995    1.090  1.873  3.6493  2.152    4  0.000  0.443     0.00     0.00     0.00     0.00     0.00 -1    -1e-30      0.00 6.779e-01 3.022e-01 2.893e-03 1.631e-03 8.715e-03 -1.000 1.995e-02 0.089 3.190 1.864 0.654 -0.054 -0.604 -1.423 -2.063 -2.165
0.02 0.14251 9.87506 1.1518182755 2.4999433007    1.090  1.912  3.6459  2.099    4  0.000  0.443     0.00     0.00     0.00     0.00     0.00 -1    -1e-30      0.00 6.779e-01 3.022e-01 2.892e-03 1.631e-03 8.715e-03 -1.000 1.995e-02 -0.009 3.194 1.816 0.584 -0.137 -0.697 -1.529 -2.180 -2.285
0.02 0.14251 9.87506 1.1518259048 2.4999444545    1.090  1.949  3.6427  2.049    4  0.000  0.443     0.00     0.00     0.00     0.00     0.00 -1    -1e-30      0.00 6.779e-01 3.022e-01 2.892e-03 1.631e-03 8.715e-03 -1.000 1.995e-02 -0.103 3.198 1.770 0.517 -0.217 -0.787 -1.632 -2.292 -2.399
0.02 0.14251 9.87506 1.1518305540 2.4999451576    1.090  1.985  3.6396  2.001    4  0.000  0.443     0.00     0.00     0.00     0.00     0.00 -1    -1e-30      0.00 6.779e-01 3.022e-01 2.892e-03 1.631e-03 8.715e-03 -1.000 1.995e-02 -0.192 3.202 1.726 0.453 -0.293 -0.871 -1.729 -2.399 -2.508
0.02 0.14251 9.87506 1.1518336535 2.4999456263    1.090  2.020  3.6366  1.954    4  0.000  0.443     0.00     0.00     0.00     0.00     0.00 -1    -1e-30      0.00 6.779e-01 3.022e-01 2.892e-03 1.631e-03 8.715e-03 -1.000 1.995e-02 -0.279 3.186 1.685 0.390 -0.365 -0.952 -1.822 -2.496 -2.611
0.02 0.14251 9.87506 1.1518356800 2.4999459328    1.090  2.049  3.6341  1.915    4  0.000  0.443     0.00     0.00     0.00     0.00     0.00 -1    -1e-30      0.00 6.779e-01 3.022e-01 2.892e-03 1.631e-03 8.715e-03 -1.000 1.995e-02 -0.353 3.170 1.649 0.336 -0.426 -1.021 -1.901 -2.579 -2.698
0.02 0.14251 9.87506 1.1518362761 2.4999460230    1.090  2.059  3.6332  1.901    7  0.000  0.443     0.00     0.00     0.00     0.00     0.00 -1    -1e-30      0.00 6.779e-01 3.022e-01 2.892e-03 1.631e-03 8.715e-03 -1.000 1.995e-02 -0.378 3.165 1.637 0.317 -0.447 -1.044 -1.928 -2.607 -2.727
0.02 0.14251 9.87506 1.1518367529 2.4999460951    1.090  2.066  3.6327  1.892    7  0.000  0.443     0.00     0.00     0.00     0.00     0.00 -1    -1e-30      0.00 6.779e-01 3.022e-01 2.892e-03 1.631e-03 8.715e-03 -1.000 1.995e-02 -0.396 3.160 1.628 0.304 -0.461 -1.060 -1.947 -2.627 -2.748
0.02 0.14251 9.87506 1.1518387794 2.4999464015    1.090  2.104  3.6295  1.842    7  0.000  0.443     0.00     0.00     0.00     0.00     0.00 -1    -1e-30      0.00 6.779e-01 3.022e-01 2.892e-03 1.631e-03 8.715e-03 -1.000 1.995e-02 -0.489 3.136 1.582 0.235 -0.538 -1.146 -2.046 -2.731 -2.857
0.02 0.14251 9.87506 1.1518409252 2.4999467260    1.090  2.142  3.6263  1.791    7  0.000  0.443     0.00     0.00     0.00     0.00     0.00 -1    -1e-30      0.00 6.779e-01 3.022e-01 2.892e-03 1.631e-03 8.715e-03 -1.000 1.995e-02 -0.585 3.107 1.533 0.166 -0.615 -1.234 -2.149 -2.838 -2.970
0.02 0.14251 9.87506 1.1518465281 2.4999475733    1.090  2.171  3.6239  1.752    7  0.000  0.443     0.00     0.00     0.00     0.00     0.00 -1    -1e-30      0.00 6.779e-01 3.022e-01 2.892e-03 1.631e-03 8.715e-03 -1.000 1.995e-02 -0.657 3.083 1.496 0.114 -0.672 -1.300 -2.225 -2.918 -3.054
0.02 0.14251 9.87506 1.1518577337 2.4999492679    1.090  2.128  3.6276  1.809    7  0.000  0.443     0.00     0.00     0.00     0.00     0.00 -1    -1e-30      0.00 6.779e-01 3.022e-01 2.892e-03 1.631e-03 8.715e-03 -1.000 1.995e-02 -0.551 3.116 1.549 0.190 -0.588 -1.203 -2.112 -2.799 -2.929
0.02 0.14251 9.87506 1.1518981457 2.4999553788    1.090  2.094  3.6304  1.855    7  0.000  0.443     0.00     0.00     0.00     0.00     0.00 -1    -1e-30      0.00 6.779e-01 3.022e-01 2.892e-03 1.631e-03 8.715e-03 -1.000 1.995e-02 -0.465 3.140 1.592 0.251 -0.520 -1.125 -2.021 -2.704 -2.828
0.02 0.14251 9.87506 1.1520071030 2.4999718523    1.090  2.114  3.6287  1.829    7  0.000  0.442     0.00     0.00     0.00     0.00     0.00 -1    -1e-30      0.00 6.779e-01 3.022e-01 2.892e-03 1.631e-03 8.715e-03 -1.000 1.995e-02 -0.514 3.129 1.569 0.217 -0.558 -1.169 -2.073 -2.758 -2.886
0.02 0.14251 9.87506 1.1520762444 2.4999823041    1.090  2.158  3.6250  1.769    7  0.000  0.442     0.00     0.00     0.00     0.00     0.00 -1    -1e-30      0.00 6.779e-01 3.022e-01 2.892e-03 1.631e-03 8.715e-03 -1.000 1.995e-02 -0.625 3.095 1.513 0.138 -0.646 -1.270 -2.191 -2.882 -3.017
0.02 0.14251 9.87506 1.1521283388 2.4999901780    1.090  2.201  3.6213  1.712    7  0.000  0.442     0.00     0.00     0.00     0.00     0.00 -1    -1e-30      0.00 6.779e-01 3.022e-01 2.892e-03 1.632e-03 8.715e-03 -1.000 1.995e-02 -0.732 3.061 1.459 0.062 -0.731 -1.368 -2.304 -3.001 -3.143
0.02 0.14251 9.87506 1.1521716118 2.4999967180    1.090  2.243  3.6177  1.655    7  0.000  0.442     0.00     0.00     0.00     0.00     0.00 -1    -1e-30      0.00 6.779e-01 3.022e-01 2.892e-03 1.632e-03 8.715e-03 -1.000 1.995e-02 -0.838 3.024 1.406 -0.011 -0.812 -1.463 -2.417 -3.119 -3.268
0.02 0.14251 9.87506 1.1522079706 2.5000022126    1.090  2.285  3.6141  1.599    7  0.000  0.442     0.00     0.00     0.00     0.00     0.00 -1    -1e-30      0.00 6.779e-01 3.022e-01 2.892e-03 1.632e-03 8.715e-03 -1.000 1.995e-02 -0.942 2.984 1.353 -0.082 -0.892 -1.557 -2.528 -3.236 -3.392
0.02 0.14251 9.87506 1.1522389650 2.5000068962    1.090  2.326  3.6105  1.543    7  0.000  0.442     0.00     0.00     0.00     0.00     0.00 -1    -1e-30      0.00 6.778e-01 3.022e-01 2.892e-03 1.632e-03 8.715e-03 -1.000 1.995e-02 -1.046 2.945 1.300 -0.153 -0.971 -1.649 -2.637 -3.351 -3.515
0.02 0.14251 9.87506 1.1522659063 2.5000109670    1.090  2.368  3.6069  1.488    7  0.000  0.442     0.00     0.00     0.00     0.00     0.00 -1    -1e-30      0.00 6.778e-01 3.022e-01 2.892e-03 1.632e-03 8.715e-03 -1.000 1.995e-02 -1.149 2.911 1.251 -0.217 -1.045 -1.740 -2.747 -3.468 -3.639
0.02 0.14251 9.87506 1.1522895098 2.5000145334    1.091  2.409  3.6034  1.433    7  0.000  0.442     0.00     0.00     0.00     0.00     0.00 -1    -1e-30      0.00 6.778e-01 3.022e-01 2.892e-03 1.632e-03 8.715e-03 -1.000 1.995e-02 -1.251 2.916 1.211 -0.275 -1.119 -1.833 -2.858 -3.588 -3.764
0.02 0.14251 9.87506 1.1523107290 2.5000177394    1.091  2.449  3.5998  1.378    7  0.000  0.442     0.00     0.00     0.00     0.00     0.00 -1    -1e-30      0.00 6.778e-01 3.022e-01 2.892e-03 1.632e-03 8.715e-03 -1.000 1.995e-02 -1.353 2.924 1.173 -0.332 -1.191 -1.925 -2.968 -3.708 -3.889
0.02 0.14251 9.87506 1.1523301601 2.5000206750    1.091  2.489  3.5962  1.323    7  0.000  0.442     0.00     0.00     0.00     0.00     0.00 -1    -1e-30      0.00 6.778e-01 3.022e-01 2.892e-03 1.632e-03 8.715e-03 -1.000 1.996e-02 -1.454 2.924 1.139 -0.379 -1.254 -2.016 -3.078 -3.827 -4.014
0.02 0.14251 9.87506 1.1523482800 2.5000234125    1.091  2.530  3.5925  1.268    7  0.000  0.442    12.13     8.79     6.16     4.74     3.85  4    -1e-30      0.00 6.778e-01 3.022e-01 2.891e-03 1.632e-03 8.715e-03 -1.000 1.996e-02 -1.554 2.927 1.107 -0.425 -1.317 -2.106 -3.187 -3.946 -4.138
0.02 0.14251 9.87506 1.1523650885 2.5000259518    1.091  2.569  3.5888  1.213    7  0.000  0.442    13.58     9.71     6.77     5.21     4.23  4    -1e-30      0.00 6.778e-01 3.022e-01 2.890e-03 1.632e-03 8.715e-03 -1.000 1.996e-02 -1.654 2.930 1.078 -0.467 -1.376 -2.194 -3.296 -4.064 -4.262
0.02 0.14251 9.87506 1.1523811817 2.5000283829    1.091  2.609  3.5850  1.158    7  0.000  0.442    15.23    10.72     7.44     5.74     4.66  3    -1e-30      0.00 6.778e-01 3.022e-01 2.889e-03 1.633e-03 8.715e-03 -1.000 1.996e-02 -1.753 2.929 1.054 -0.501 -1.428 -2.281 -3.406 -4.183 -4.387
0.02 0.14251 9.87506 1.1523963213 2.5000306699    1.091  2.649  3.5811  1.103    7  0.000  0.441    17.09    11.86     8.19     6.33     5.14  3    -1e-30      0.00 6.778e-01 3.022e-01 2.885e-03 1.636e-03 8.716e-03 -1.000 1.996e-02 -1.853 2.933 1.033 -0.532 -1.479 -2.368 -3.515 -4.303 -4.513
0.02 0.14251 9.87506 1.1524101496 2.5000327588    1.091  2.689  3.5773  1.048    7  0.000  0.440    19.15    13.09     9.00     6.97     5.66  3    -1e-30      0.00 6.778e-01 3.022e-01 2.879e-03 1.642e-03 8.716e-03 -1.000 1.996e-02 -1.952 2.930 1.020 -0.551 -1.519 -2.452 -3.625 -4.421 -4.637
0.02 0.14251 9.87506 1.1524238586 2.5000348295    1.091  2.728  3.5733  0.993    7  0.000  0.440    21.48    14.47     9.91     7.68     6.24  3    -1e-30      0.00 6.778e-01 3.022e-01 2.873e-03 1.649e-03 8.716e-03 -1.000 1.996e-02 -2.051 2.928 1.012 -0.562 -1.553 -2.535 -3.734 -4.540 -4.762
0.02 0.14251 9.87506 1.1524367332 2.5000367742    1.091  2.771  3.5689  0.933    7  0.000  0.439    24.31    16.12    10.98     8.52     6.93  3    -1e-30      0.00 6.778e-01 3.022e-01 2.867e-03 1.656e-03 8.716e-03 -1.000 1.996e-02 -2.156 2.932 1.014 -0.562 -1.582 -2.621 -3.853 -4.668 -4.896
0.02 0.14251 9.87506 1.1524468660 2.5000383047    1.091  2.817  3.5640  0.867    7  0.000  0.438    27.89    18.17    12.31     9.57     7.79  3    -1e-30      0.00 6.778e-01 3.022e-01 2.860e-03 1.666e-03 8.716e-03 -1.000 1.996e-02 -2.273 2.932 1.031 -0.539 -1.597 -2.710 -3.985 -4.809 -5.045
0.02 0.14251 9.87506 1.1524533033 2.5000392770    1.091  2.862  3.5592  0.803    7  0.000  0.437    31.83    20.39    13.74    10.71     8.71  3    -1e-30      0.00 6.778e-01 3.022e-01 2.854e-03 1.673e-03 8.716e-03 -1.000 1.996e-02 -2.384 2.934 1.055 -0.508 -1.605 -2.793 -4.111 -4.945 -5.189
0.02 0.14251 9.87506 1.1524580717 2.5000399973    1.091  2.903  3.5546  0.744    7  0.000  0.436    36.00    22.70    15.23    11.88     9.67  2    -1e-30      0.00 6.778e-01 3.022e-01 2.850e-03 1.678e-03 8.716e-03 -1.000 1.995e-02 -2.487 2.935 1.098 -0.451 -1.595 -2.860 -4.228 -5.070 -5.322
0.02 0.14251 9.87506 1.1524623632 2.5000406455    1.091  2.943  3.5501  0.685    7  0.000  0.435    40.64    25.23    16.84    13.16    10.71  2    -1e-30      0.00 6.778e-01 3.023e-01 2.846e-03 1.682e-03 8.716e-03 -1.000 1.988e-02 -2.587 2.936 1.142 -0.394 -1.583 -2.926 -4.343 -5.194 -5.452
0.02 0.14251 9.87506 1.1524664164 2.5000412576    1.091  2.983  3.5454  0.627    7  0.000  0.435    45.86    28.03    18.63    14.58    11.87  2    -1e-30      0.00 6.778e-01 3.023e-01 2.843e-03 1.686e-03 8.716e-03 -1.000 1.988e-02 -2.686 2.937 1.212 -0.301 -1.550 -2.974 -4.457 -5.316 -5.582
0.02 0.14251 9.87506 1.1524702311 2.5000418338    1.091  3.021  3.5408  0.570    7  0.000  0.435    51.65    31.09    20.57    16.12    13.13  2    -1e-30      0.00 6.778e-01 3.023e-01 2.841e-03 1.688e-03 8.716e-03 -1.000 1.988e-02 -2.784 2.940 1.286 -0.205 -1.513 -3.021 -4.570 -5.435 -5.710
0.02 0.14251 9.87506 1.1524739265 2.5000423919    1.091  3.061  3.5360  0.511    7  0.000  0.435    58.32    34.56    22.75    17.86    14.55  2    -1e-30      0.00 6.778e-01 3.023e-01 2.840e-03 1.689e-03 8.716e-03 -1.000 1.988e-02 -2.882 2.944 1.387 -0.076 -1.458 -3.047 -4.684 -5.556 -5.840
0.02 0.14251 9.87506 1.1524773836 2.5000429141    1.091  3.095  3.5316  0.459    7  0.000  0.435    64.97    37.97    24.89    19.57    15.94  2    -1e-30      0.00 6.778e-01 3.023e-01 2.840e-03 1.690e-03 8.716e-03 -1.000 1.988e-02 -2.969 2.949 1.488 0.051 -1.401 -3.067 -4.785 -5.664 -5.956
0.02 0.14251 9.87506 1.1524814367 2.5000435262    1.091  3.132  3.5271  0.404    7  0.000  0.435    72.83    41.94    27.37    21.55    17.56  2    -1e-30      0.00 6.778e-01 3.023e-01 2.840e-03 1.690e-03 8.716e-03 -1.000 1.988e-02 -3.060 2.953 1.613 0.208 -1.330 -3.068 -4.893 -5.777 -6.078
0.02 0.14251 9.87506 1.1524858475 2.5000441924    1.091  3.168  3.5223  0.349    7  0.000  0.435    81.64    46.33    30.10    23.73    19.35  2    -1e-30      0.00 6.778e-01 3.023e-01 2.840e-03 1.690e-03 8.716e-03 -1.000 1.988e-02 -3.151 2.961 1.759 0.389 -1.242 -3.052 -5.000 -5.888 -6.199
0.02 0.14251 9.87506 1.1524902582 2.5000448586    1.091  3.203  3.5179  0.296    7  0.000  0.435    91.00    50.93    32.95    26.01    21.21  2    -1e-30      0.00 6.778e-01 3.023e-01 2.840e-03 1.690e-03 8.716e-03 -1.000 1.988e-02 -3.237 2.968 1.912 0.584 -1.145 -3.019 -5.100 -5.994 -6.315
0.02 0.14251 9.87506 1.1524941921 2.5000454527    1.091  3.235  3.5135  0.247    7  0.000  0.435   100.92    55.74    35.92    28.39    23.15  2    -1e-30      0.00 6.778e-01 3.023e-01 2.840e-03 1.690e-03 8.716e-03 -1.000 1.988e-02 -3.318 2.978 2.084 0.808 -1.026 -2.961 -5.195 -6.094 -6.424
0.02 0.14251 9.87506 1.1524953842 2.5000456327    1.091  3.199  3.5185  0.302    7  0.000  0.435    89.92    50.41    32.63    25.75    21.00  2    -1e-30      0.00 6.778e-01 3.023e-01 2.840e-03 1.690e-03 8.716e-03 -1.000 1.988e-02 -3.228 2.965 1.887 0.552 -1.162 -3.029 -5.090 -5.983 -6.302
0.02 0.14251 9.87506 1.1524955034 2.5000456507    1.091  3.177  3.5215  0.337    7  0.000  0.435    83.69    47.35    30.73    24.24    19.76  2    -1e-30      0.00 6.778e-01 3.023e-01 2.840e-03 1.690e-03 8.716e-03 -1.000 1.988e-02 -3.172 2.959 1.782 0.418 -1.231 -3.054 -5.024 -5.913 -6.226
0.02 0.14251 9.87506 1.1524956226 2.5000456687    1.091  3.161  3.5236  0.361    7  0.000  0.435    79.62    45.33    29.48    23.24    18.94  2    -1e-30      0.00 6.778e-01 3.023e-01 2.840e-03 1.690e-03 8.716e-03 -1.000 1.988e-02 -3.133 2.955 1.715 0.336 -1.271 -3.062 -4.978 -5.865 -6.173
0.02 0.14251 9.87506 1.1524958611 2.5000457047    1.091  3.184  3.5206  0.326    7  0.000  0.435    85.52    48.25    31.29    24.68    20.12  2    -1e-30      0.00 6.778e-01 3.023e-01 2.840e-03 1.690e-03 8.716e-03 -1.000 1.988e-02 -3.189 2.961 1.811 0.453 -1.214 -3.050 -5.044 -5.934 -6.249
0.02 0.14251 9.87506 1.1524959803 2.5000457228    1.091  3.219  3.5158  0.272    7  0.000  0.435    95.75    53.24    34.38    27.16    22.14  2    -1e-30      0.00 6.778e-01 3.023e-01 2.840e-03 1.690e-03 8.716e-03 -1.000 1.988e-02 -3.278 2.971 1.991 0.687 -1.092 -2.995 -5.147 -6.044 -6.369
0.02 0.14251 9.87506 1.1524962187 2.5000457588    1.091  3.255  3.5109  0.217    7  0.000  0.435   107.41    58.85    37.83    29.93    24.41  1    -1e-30      0.00 6.778e-01 3.023e-01 2.840e-03 1.690e-03 8.716e-03 -1.000 1.988e-02 -3.367 2.987 2.195 0.951 -0.950 -2.923 -5.251 -6.154 -6.490
0.02 0.14251 9.87506 1.1524964571 2.5000457948    1.091  3.287  3.5063  0.166    7  0.000  0.435   119.25    64.47    41.27    32.69    26.67  1    -1e-30      0.00 6.778e-01 3.023e-01 2.840e-03 1.690e-03 8.716e-03 -1.000 1.988e-02 -3.447 2.991 2.342 1.140 -0.849 -2.869 -5.346 -6.254 -6.598
0.02 0.14251 9.87506 1.1524968147 2.5000458488    1.091  3.322  3.5010  0.110    7  0.000  0.435   134.09    71.40    45.50    36.10    29.46  1    -1e-30      0.00 6.778e-01 3.023e-01 2.840e-03 1.690e-03 8.716e-03 -1.000 1.988e-02 -3.536 2.998 2.516 1.360 -0.728 -2.799 -5.450 -6.365 -6.718
0.02 0.14251 9.87506 1.1524972916 2.5000459208    1.091  3.356  3.4960  0.056    7  0.000  0.435   149.81    78.65    49.90    39.65    32.36  1    -1e-30      0.00 6.778e-01 3.023e-01 2.840e-03 1.690e-03 8.716e-03 -1.000 1.988e-02 -3.619 3.008 2.678 1.550 -0.616 -2.722 -5.547 -6.469 -6.832
0.02 0.14251 9.87506 1.1524977684 2.5000459928    1.091  3.388  3.4911  0.004    7  0.523  0.435   166.86    86.39    54.58    43.43    35.45  1    -1e-30      0.00 6.778e-01 3.023e-01 2.840e-03 1.690e-03 8.716e-03 -1.000 1.988e-02 -3.699 3.020 2.837 1.731 -0.507 -2.642 -5.640 -6.570 -6.943
0.02 0.14251 9.87506 1.1524986029 2.5000461188    1.001  3.416  3.4754 -0.124    8  0.522  0.456   202.94   106.53    66.54    53.28    43.49  1 -2.07e-07      0.00 6.778e-01 3.023e-01 2.984e-03 1.692e-03 8.735e-03 -1.000 1.986e-02 -3.770 3.179 3.258 2.065 -0.235 -2.400 -5.749 -6.699 -7.094
0.02 0.14251 9.87506 1.1524986029 2.5000461188    1.001  3.141  3.5153  0.311    8  0.522  0.456    86.72    48.52    31.40    24.85    20.25  2 -6.89e-08      0.00 6.778e-01 3.023e-01 2.984e-03 1.692e-03 8.735e-03 -1.000 1.986e-02 -3.081 3.139 2.192 0.905 -0.878 -2.784 -4.952 -5.851 -6.175
0.02 0.14251 9.87506 1.1524987221 2.5000461368    1.000  3.022  3.5323  0.498    8  0.522  0.456    58.77    34.63    22.76    17.92    14.59  2 -4.22e-08      0.00 6.778e-01 3.023e-01 2.984e-03 1.692e-03 8.735e-03 -1.000 1.986e-02 -2.784 3.094 1.633 0.200 -1.239 -2.892 -4.598 -5.477 -5.767
0.02 0.14251 9.87506 1.1524988413 2.5000461548    1.000  2.855  3.5560  0.759    8  0.522  0.456    34.09    21.60    14.50    11.34     9.22  2 -2.08e-08      0.00 6.778e-01 3.023e-01 2.984e-03 1.692e-03 8.735e-03 -1.000 1.986e-02 -2.368 3.024 1.173 -0.381 -1.511 -2.752 -4.105 -4.945 -5.194
0.02 0.14251 9.87506 1.1524990797 2.5000461909    0.999  2.882  3.5520  0.716    8  0.523  0.456    37.27    23.34    15.61    12.22     9.94  2 -2.34e-08      0.00 6.778e-01 3.023e-01 2.984e-03 1.692e-03 8.735e-03 -1.000 1.987e-02 -2.434 3.042 1.233 -0.307 -1.477 -2.787 -4.184 -5.031 -5.287
0.02 0.14251 9.87506 1.1524993181 2.5000462269    0.998  3.008  3.5335  0.515    8  0.523  0.456    56.67    33.55    22.07    17.38    14.14  2 -4.01e-08      0.00 6.778e-01 3.023e-01 2.984e-03 1.692e-03 8.735e-03 -1.000 1.986e-02 -2.751 3.100 1.614 0.174 -1.245 -2.877 -4.561 -5.438 -5.726
0.02 0.14251 9.87506 1.1524995565 2.5000462629    0.996  3.167  3.5104  0.263    8  0.523  0.456    95.84    52.89    34.09    27.02    22.02  1 -7.76e-08      0.00 6.778e-01 3.023e-01 2.984e-03 1.692e-03 8.735e-03 -1.000 1.987e-02 -3.148 3.170 2.410 1.184 -0.718 -2.692 -5.034 -5.939 -6.273
0.02 0.14251 9.87506 1.1524999142 2.5000463169    0.995  3.298  3.4913  0.055    8  0.523  0.456   147.83    76.98    48.78    38.88    31.71  1 -1.32e-07      0.00 6.778e-01 3.023e-01 2.984e-03 1.692e-03 8.735e-03 -1.000 1.987e-02 -3.474 3.199 3.013 1.917 -0.308 -2.437 -5.413 -6.345 -6.714
0.02 0.14251 9.87506 1.1525003910 2.5000463889    0.993  3.381  3.4789 -0.078    8  0.523  0.456   188.70    97.91    61.38    49.10    40.06  1 -1.83e-07      0.00 6.778e-01 3.023e-01 2.984e-03 1.692e-03 8.735e-03 -1.000 1.986e-02 -3.682 3.204 3.239 2.072 -0.214 -2.370 -5.652 -6.599 -6.989
0.02 0.14251 9.87506 1.1525008678 2.5000464609    0.990  3.423  3.4723 -0.148    8  0.523  0.456   209.62   110.90    69.13    55.40    45.22  1 -2.17e-07      0.00 6.778e-01 3.023e-01 2.984e-03 1.692e-03 8.735e-03 -1.000 1.986e-02 -3.786 3.205 3.325 2.112 -0.196 -2.366 -5.773 -6.726 -7.126
0.02 0.14251 9.87506 1.1525013447 2.5000465329    0.988  3.440  3.4691 -0.179    8  0.524  0.456   219.83   117.35    72.96    58.53    47.78  1 -2.34e-07      0.00 6.778e-01 3.023e-01 2.984e-03 1.692e-03 8.735e-03 -1.000 1.987e-02 -3.831 3.212 3.369 2.134 -0.183 -2.360 -5.824 -6.781 -7.186
0.02 0.14251 9.87506 1.1525019407 2.5000466229    0.985  3.449  3.4671 -0.197    8  0.524  0.456   225.60   121.06    75.16    60.32    49.25  1 -2.43e-07      0.00 6.778e-01 3.023e-01 2.984e-03 1.692e-03 8.735e-03 -1.000 1.987e-02 -3.852 3.218 3.396 2.149 -0.174 -2.355 -5.850 -6.809 -7.216
0.02 0.14251 9.87506 1.1525019407 2.5000466229    0.985  3.235  3.4978  0.140    8  0.524  0.456   123.61    65.86    42.02    33.43    27.25  1 -1.05e-07      0.00 6.778e-01 3.023e-01 2.984e-03 1.692e-03 8.735e-03 -1.000 1.987e-02 -3.317 3.219 2.844 1.721 -0.403 -2.492 -5.240 -6.161 -6.517
0.02 0.14251 9.87506 1.1525020599 2.5000466410    0.985  3.061  3.5227  0.413    8  0.524  0.456    69.85    40.18    26.21    20.70    16.86  2 -5.16e-08      0.00 6.778e-01 3.023e-01 2.984e-03 1.692e-03 8.735e-03 -1.000 1.987e-02 -2.882 3.172 1.987 0.631 -0.987 -2.788 -4.729 -5.620 -5.928
0.02 0.14251 9.87506 1.1525021791 2.5000466590    0.984  2.894  3.5464  0.674    8  0.524  0.456    40.48    25.06    16.70    13.10    10.65  2 -2.57e-08      0.00 6.778e-01 3.023e-01 2.984e-03 1.692e-03 8.735e-03 -1.000 1.987e-02 -2.466 3.109 1.388 -0.122 -1.356 -2.764 -4.233 -5.091 -5.355
0.02 0.14251 9.87506 1.1525024176 2.5000466950    0.983  2.921  3.5425  0.632    8  0.524  0.456    44.22    27.05    17.96    14.10    11.47  2 -2.89e-08      0.00 6.778e-01 3.023e-01 2.984e-03 1.692e-03 8.735e-03 -1.000 1.987e-02 -2.532 3.122 1.464 -0.026 -1.310 -2.787 -4.312 -5.176 -5.447
0.02 0.14251 9.87506 1.1525026560 2.5000467310    0.981  3.046  3.5244  0.433    8  0.524  0.456    66.96    38.73    25.31    19.98    16.26  2 -4.91e-08      0.00 6.778e-01 3.023e-01 2.984e-03 1.692e-03 8.735e-03 -1.000 1.987e-02 -2.846 3.174 1.939 0.570 -1.014 -2.790 -4.686 -5.576 -5.880
0.02 0.14251 9.87506 1.1525030136 2.5000467850    0.979  3.203  3.5015  0.184    8  0.525  0.456   112.68    60.75    38.90    30.91    25.19  1 -9.36e-08      0.00 6.778e-01 3.023e-01 2.984e-03 1.692e-03 8.735e-03 -1.000 1.987e-02 -3.239 3.224 2.737 1.592 -0.471 -2.530 -5.151 -6.067 -6.416
0.02 0.14251 9.87506 1.1525034904 2.5000468570    0.977  3.333  3.4827 -0.022    8  0.525  0.456   172.07    88.06    55.45    44.31    36.14  1 -1.58e-07      0.00 6.778e-01 3.023e-01 2.984e-03 1.692e-03 8.735e-03 -1.000 1.987e-02 -3.562 3.245 3.221 2.085 -0.183 -2.331 -5.522 -6.466 -6.849
0.02 0.14251 9.87506 1.1525039673 2.5000469290    0.975  3.415  3.4705 -0.154    8  0.525  0.456   210.42   111.72    69.59    55.81    45.55  1 -2.19e-07      0.00 6.778e-01 3.023e-01 2.984e-03 1.692e-03 8.735e-03 -1.000 1.987e-02 -3.767 3.242 3.386 2.163 -0.147 -2.320 -5.757 -6.713 -7.114
0.02 0.14251 9.87506 1.1525044441 2.5000470010    0.972  3.456  3.4640 -0.223    8  0.525  0.456   233.46   126.36    78.27    62.89    51.35  1 -2.59e-07      0.00 6.778e-01 3.023e-01 2.984e-03 1.692e-03 8.735e-03 -1.000 1.987e-02 -3.871 3.240 3.450 2.187 -0.144 -2.334 -5.875 -6.837 -7.247
0.02 0.14251 9.87506 1.1525050402 2.5000470910    0.969  3.474  3.4610 -0.254    8  0.526  0.456   244.68   133.64    82.56    66.41    54.22  1  -2.8e-07      0.00 6.778e-01 3.023e-01 2.984e-03 1.692e-03 8.735e-03 -1.000 1.987e-02 -3.915 3.238 3.481 2.200 -0.140 -2.337 -5.926 -6.891 -7.305
0.02 0.14251 9.87506 1.1525057554 2.5000471991    0.965  3.483  3.4591 -0.272    8  0.526  0.456   251.02   137.82    85.02    68.42    55.87  1 -2.92e-07      0.00 6.778e-01 3.023e-01 2.984e-03 1.692e-03 8.735e-03 -1.000 1.987e-02 -3.937 3.236 3.496 2.210 -0.136 -2.339 -5.952 -6.918 -7.334
0.02 0.14251 9.87506 1.1525057554 2.5000471991    0.965  3.275  3.4892  0.056    8  0.526  0.456   146.79    76.25    48.31    38.54    31.42  1  -1.3e-07      0.00 6.778e-01 3.023e-01 2.984e-03 1.692e-03 8.735e-03 -1.000 1.987e-02 -3.418 3.269 3.136 2.046 -0.194 -2.330 -5.363 -6.298 -6.669
0.02 0.14251 9.87506 1.1525058746 2.5000472171    0.964  3.102  3.5143  0.329    8  0.526  0.456    82.93    46.54    30.15    23.88    19.45  2 -6.49e-08      0.00 6.778e-01 3.023e-01 2.984e-03 1.692e-03 8.735e-03 -1.000 1.987e-02 -2.986 3.231 2.333 1.067 -0.737 -2.655 -4.859 -5.761 -6.086
0.02 0.14251 9.87506 1.1525059938 2.5000472351    0.963  2.936  3.5384  0.591    8  0.526  0.456    47.90    28.96    19.16    15.07    12.26  2 -3.26e-08      0.00 6.778e-01 3.023e-01 2.984e-03 1.692e-03 8.735e-03 -1.000 1.987e-02 -2.570 3.165 1.585 0.121 -1.221 -2.771 -4.364 -5.235 -5.513
0.02 0.14251 9.87506 1.1525062323 2.5000472711    0.962  2.962  3.5345  0.549    8  0.527  0.456    52.32    31.25    20.61    16.23    13.20  2 -3.66e-08      0.00 6.778e-01 3.023e-01 2.984e-03 1.692e-03 8.735e-03 -1.000 1.987e-02 -2.635 3.178 1.683 0.243 -1.160 -2.775 -4.442 -5.319 -5.604
0.02 0.14251 9.87506 1.1525065899 2.5000473251    0.960  3.086  3.5163  0.352    8  0.527  0.456    79.01    44.62    28.95    22.92    18.66  2 -6.14e-08      0.00 6.778e-01 3.023e-01 2.984e-03 1.692e-03 8.735e-03 -1.000 1.987e-02 -2.945 3.231 2.259 0.969 -0.786 -2.677 -4.812 -5.711 -6.032
0.02 0.14251 9.87506 1.1525069475 2.5000473791    0.958  3.241  3.4935  0.105    8  0.527  0.456   132.42    69.69    44.33    35.33    28.79  1 -1.15e-07      0.00 6.778e-01 3.023e-01 2.984e-03 1.692e-03 8.735e-03 -1.000 1.986e-02 -3.332 3.274 3.026 1.926 -0.259 -2.373 -5.265 -6.193 -6.557
0.02 0.14251 9.87506 1.1525073051 2.5000474331    0.955  3.368  3.4746 -0.099    8  0.527  0.456   192.08   100.69    62.99    50.47    41.18  1 -1.92e-07      0.00 6.778e-01 3.023e-01 2.984e-03 1.692e-03 8.735e-03 -1.000 1.987e-02 -3.649 3.280 3.373 2.184 -0.112 -2.275 -5.630 -6.581 -6.976
0.02 0.14251 9.87506 1.1525077820 2.5000475051    0.952  3.448  3.4624 -0.230    8  0.528  0.456   234.46   127.46    78.89    63.44    51.79  1 -2.65e-07      0.00 6.778e-01 3.023e-01 2.984e-03 1.692e-03 8.735e-03 -1.000 1.987e-02 -3.851 3.275 3.503 2.232 -0.101 -2.295 -5.859 -6.822 -7.234
0.02 0.14251 9.87506 1.1525083780 2.5000475951    0.949  3.489  3.4559 -0.298    8  0.528  0.456   259.85   143.99    88.62    71.41    58.31  1 -3.13e-07      0.00 6.778e-01 3.023e-01 2.984e-03 1.692e-03 8.735e-03 -1.000 1.986e-02 -3.953 3.237 3.526 2.242 -0.115 -2.330 -5.974 -6.941 -7.359
0.02 0.14251 9.87506 1.1525089741 2.5000476852    0.945  3.506  3.4529 -0.329    8  0.528  0.456   272.16   152.18    93.42    75.35    61.53  1 -3.38e-07      0.00 6.778e-01 3.023e-01 2.984e-03 1.692e-03 8.735e-03 -1.000 1.986e-02 -3.996 3.234 3.550 2.259 -0.113 -2.340 -6.023 -6.992 -7.413
0.02 0.14251 9.87506 1.1525096893 2.5000477932    0.940  3.515  3.4511 -0.347    8  0.529  0.456   279.06   156.87    96.16    77.61    63.37  1 -3.53e-07      0.01 6.778e-01 3.023e-01 2.984e-03 1.692e-03 8.735e-03 -1.000 1.986e-02 -4.017 3.242 3.574 2.277 -0.104 -2.340 -6.047 -7.017 -7.441
0.02 0.14251 9.87506 1.1525096893 2.5000477932    0.940  3.316  3.4806 -0.030    8  0.529  0.456   171.71    88.48    55.65    44.54    36.32  1 -1.64e-07      0.00 6.778e-01 3.023e-01 2.984e-03 1.692e-03 8.735e-03 -1.000 1.986e-02 -3.519 3.309 3.321 2.175 -0.099 -2.249 -5.485 -6.431 -6.817
0.02 0.14251 9.87506 1.1525098085 2.5000478112    0.939  3.144  3.5061  0.243    8  0.529  0.456    98.72    53.98    34.71    27.58    22.46  1 -8.29e-08      0.00 6.778e-01 3.023e-01 2.984e-03 1.692e-03 8.735e-03 -1.000 1.986e-02 -3.090 3.282 2.662 1.481 -0.496 -2.512 -4.988 -5.900 -6.240
0.02 0.14251 9.87506 1.1525099277 2.5000478292    0.938  2.977  3.5307  0.507    8  0.529  0.456    56.73    33.46    21.99    17.35    14.11  2 -4.21e-08      0.00 6.778e-01 3.023e-01 2.984e-03 1.692e-03 8.735e-03 -1.000 1.986e-02 -2.674 3.216 1.804 0.388 -1.075 -2.755 -4.493 -5.375 -5.667
0.02 0.14251 9.87506 1.1525101662 2.5000478652    0.936  3.003  3.5267  0.465    8  0.529  0.456    61.96    36.10    23.64    18.67    15.19  2 -4.71e-08      0.00 6.778e-01 3.023e-01 2.984e-03 1.692e-03 8.735e-03 -1.000 1.986e-02 -2.738 3.230 1.928 0.542 -0.995 -2.735 -4.570 -5.457 -5.757
0.02 0.14251 9.87506 1.1525105238 2.5000479192    0.934  3.124  3.5084  0.270    8  0.530  0.456    93.30    51.38    33.11    26.29    21.41  1 -7.79e-08      0.00 6.778e-01 3.023e-01 2.984e-03 1.692e-03 8.735e-03 -1.000 1.986e-02 -3.041 3.288 2.597 1.396 -0.538 -2.530 -4.932 -5.841 -6.177
0.02 0.14251 9.87506 1.1525108814 2.5000479732    0.931  3.276  3.4855  0.025    8  0.530  0.456   155.75    79.91    50.48    40.35    32.90  1 -1.44e-07      0.00 6.778e-01 3.023e-01 2.984e-03 1.692e-03 8.735e-03 -1.000 1.986e-02 -3.420 3.322 3.252 2.140 -0.113 -2.255 -5.373 -6.313 -6.690
0.02 0.14251 9.87506 1.1525113583 2.5000480452    0.927  3.400  3.4665 -0.177    8  0.530  0.456   214.07   115.03    71.48    57.45    46.88  1 -2.36e-07      0.00 6.778e-01 3.023e-01 2.984e-03 1.692e-03 8.735e-03 -1.000 1.986e-02 -3.730 3.323 3.511 2.268 -0.051 -2.232 -5.729 -6.689 -7.095
0.02 0.14251 9.87506 1.1525118351 2.5000481172    0.923  3.479  3.4542 -0.307    8  0.531  0.456   260.70   145.23    89.29    72.03    58.80  1 -3.23e-07      0.00 6.778e-01 3.023e-01 2.984e-03 1.692e-03 8.735e-03 -1.000 1.986e-02 -3.927 3.271 3.577 2.294 -0.069 -2.290 -5.952 -6.919 -7.338
0.02 0.14251 9.87506 1.1525124311 2.5000482073    0.919  3.518  3.4477 -0.374    8  0.531  0.456   288.45   163.76   100.13    80.94    66.09  0  -3.8e-07      0.01 6.778e-01 3.023e-01 2.984e-03 1.692e-03 8.735e-03 -1.000 1.987e-02 -4.025 3.292 3.650 2.349 -0.057 -2.311 -6.062 -7.033 -7.461
0.02 0.14251 9.87506 1.1525130272 2.5000482973    0.914  3.534  3.4447 -0.404    8  0.532  0.456   301.70   172.82   105.40    85.28    69.64  0 -4.09e-07      0.01 6.778e-01 3.023e-01 2.984e-03 1.692e-03 8.735e-03 -1.000 1.986e-02 -4.065 3.315 3.693 2.387 -0.045 -2.315 -6.107 -7.080 -7.513
0.02 0.14251 9.87506 1.1525137424 2.5000484053    0.908  3.541  3.4430 -0.421    8  0.532  0.456   308.87   177.85   108.32    87.69    71.62  0 -4.28e-07      0.01 6.778e-01 3.023e-01 2.984e-03 1.692e-03 8.735e-03 -1.000 1.986e-02 -4.084 3.322 3.711 2.407 -0.038 -2.318 -6.128 -7.102 -7.537
0.02 0.14251 9.87506 1.1525137424 2.5000484053    0.907  3.352  3.4720 -0.116    8  0.532  0.456   193.43   102.46    63.97    51.37    41.90  1 -2.08e-07      0.00 6.778e-01 3.023e-01 2.984e-03 1.692e-03 8.735e-03 -1.000 1.986e-02 -3.610 3.352 3.479 2.275 -0.027 -2.195 -5.597 -6.550 -6.948
0.02 0.14251 9.87506 1.1525138617 2.5000484233    0.906  3.182  3.4980  0.158    8  0.532  0.456   117.39    62.43    39.86    31.78    25.88  1 -1.07e-07      0.00 6.778e-01 3.023e-01 2.984e-03 1.692e-03 8.735e-03 -1.000 1.986e-02 -3.184 3.334 2.956 1.836 -0.282 -2.367 -5.106 -6.027 -6.382
0.02 0.14251 9.87506 1.1525141001 2.5000484593    0.904  3.015  3.5233  0.424    8  0.533  0.456    67.02    38.53    25.14    19.90    16.19  2  -5.5e-08      0.00 6.778e-01 3.023e-01 2.984e-03 1.692e-03 8.735e-03 -1.000 1.986e-02 -2.768 3.270 2.067 0.707 -0.897 -2.689 -4.612 -5.503 -5.810
0.02 0.14251 9.87506 1.1525143385 2.5000484953    0.901  3.041  3.5192  0.381    8  0.533  0.456    73.30    41.61    27.05    21.44    17.45  2 -6.15e-08      0.00 6.778e-01 3.023e-01 2.984e-03 1.692e-03 8.735e-03 -1.000 1.987e-02 -2.831 3.287 2.210 0.885 -0.803 -2.654 -4.689 -5.584 -5.900
0.02 0.14251 9.87506 1.1525145769 2.5000485313    0.898  3.159  3.5006  0.186    8  0.533  0.456   110.30    59.12    37.83    30.14    24.55  1 -1.01e-07      0.00 6.778e-01 3.023e-01 2.984e-03 1.692e-03 8.735e-03 -1.000 1.986e-02 -3.128 3.340 2.883 1.748 -0.328 -2.395 -5.043 -5.961 -6.311
0.02 0.14251 9.87506 1.1525150537 2.5000486033    0.893  3.307  3.4773 -0.057    8  0.533  0.456   175.62    91.70    57.52    46.14    37.62  1 -1.83e-07      0.00 6.778e-01 3.023e-01 2.984e-03 1.692e-03 8.735e-03 -1.000 1.986e-02 -3.499 3.375 3.433 2.266 -0.017 -2.173 -5.472 -6.421 -6.811
0.02 0.14251 9.87506 1.1525155306 2.5000486754    0.888  3.429  3.4580 -0.258    8  0.534  0.456   238.69   131.75    81.29    65.58    53.51  1 -2.96e-07      0.00 6.778e-01 3.023e-01 2.984e-03 1.692e-03 8.735e-03 -1.000 1.987e-02 -3.802 3.362 3.633 2.353 0.007 -2.200 -5.819 -6.785 -7.201
0.02 0.14251 9.87506 1.1525160074 2.5000487474    0.882  3.505  3.4455 -0.388    8  0.534  0.456   290.44   166.20   101.47    82.15    67.07  0 -4.03e-07      0.01 6.778e-01 3.023e-01 2.984e-03 1.692e-03 8.735e-03 -1.000 1.986e-02 -3.993 3.359 3.732 2.432 0.009 -2.256 -6.033 -7.006 -7.437
0.02 0.14251 9.87506 1.1525167227 2.5000488554    0.875  3.543  3.4389 -0.455    8  0.535  0.456   304.90    -1.00    -1.00    -1.00    -1.00  0 -4.75e-07      0.01 6.778e-01 3.023e-01 2.984e-03 1.692e-03 8.735e-03 -1.000 1.986e-02 -4.088 3.372 3.789 2.491 0.016 -2.286 -6.140 -7.115 -7.554
0.02 0.14251 9.87506 1.1525173187 2.5000489454    0.868  3.559  3.4359 -0.486    8  0.535  0.456   300.11    -1.00    -1.00    -1.00    -1.00  0  -5.5e-07      0.01 6.778e-01 3.023e-01 2.984e-03 1.692e-03 8.735e-03 -1.000 1.987e-02 -4.126 3.387 3.819 2.527 0.023 -2.296 -6.182 -7.158 -7.601
0.02 0.14251 9.87506 1.1525181532 2.5000490714    0.859  3.565  3.4344 -0.504    8  0.536  0.456   294.89    -1.00    -1.00    -1.00    -1.00  0  -6.1e-07      0.01 6.778e-01 3.023e-01 2.984e-03 1.692e-03 8.735e-03 -1.000 1.986e-02 -4.143 3.406 3.843 2.552 0.033 -2.296 -6.200 -7.177 -7.623
0.02 0.14251 9.87506 1.1525181532 2.5000490714    0.858  3.387  3.4628 -0.212    8  0.536  0.456   219.52   120.08    74.35    59.97    48.90  1 -2.79e-07      0.00 6.778e-01 3.023e-01 2.984e-03 1.692e-03 8.735e-03 -1.000 1.987e-02 -3.697 3.413 3.637 2.372 0.042 -2.150 -5.703 -6.667 -7.078
0.02 0.14251 9.87506 1.1525182724 2.5000490894    0.856  3.218  3.4896  0.063    8  0.536  0.456   142.04    73.06    46.25    37.04    30.17  1 -1.46e-07      0.00 6.778e-01 3.023e-01 2.984e-03 1.692e-03 8.735e-03 -1.000 1.986e-02 -3.276 3.405 3.266 2.178 -0.060 -2.196 -5.219 -6.154 -6.525
0.02 0.14251 9.87506 1.1525185108 2.5000491254    0.853  3.053  3.5158  0.332    8  0.536  0.456    80.48    44.86    29.03    23.08    18.78  1 -7.65e-08      0.00 6.778e-01 3.023e-01 2.984e-03 1.692e-03 8.735e-03 -1.000 1.986e-02 -2.861 3.336 2.376 1.087 -0.682 -2.579 -4.730 -5.629 -5.951
0.02 0.14251 9.87506 1.1525187492 2.5000491614    0.848  3.078  3.5114  0.286    8  0.537  0.456    88.46    48.63    31.35    24.96    20.31  1 -8.61e-08      0.00 6.778e-01 3.023e-01 2.984e-03 1.692e-03 8.735e-03 -1.000 1.986e-02 -2.924 3.362 2.567 1.332 -0.543 -2.502 -4.807 -5.711 -6.043
0.02 0.14251 9.87506 1.1525191069 2.5000492154    0.842  3.194  3.4921  0.090    8  0.537  0.456   133.84    69.28    43.95    35.19    28.65  1  -1.4e-07      0.00 6.778e-01 3.023e-01 2.984e-03 1.692e-03 8.735e-03 -1.000 1.986e-02 -3.215 3.419 3.211 2.117 -0.089 -2.211 -5.152 -6.083 -6.449
0.02 0.14251 9.87506 1.1525194645 2.5000492695    0.835  3.339  3.4679 -0.156    8  0.537  0.456   199.40   107.75    67.00    54.01    44.02  1 -2.51e-07      0.00 6.778e-01 3.023e-01 2.984e-03 1.692e-03 8.735e-03 -1.000 1.987e-02 -3.578 3.451 3.624 2.392 0.078 -2.100 -5.573 -6.531 -6.935
0.02 0.14251 9.87506 1.1525199413 2.5000493415    0.826  3.458  3.4476 -0.360    8  0.538  0.456   272.00   155.48    95.07    77.08    62.88  0 -4.04e-07      0.01 6.778e-01 3.023e-01 2.984e-03 1.692e-03 8.735e-03 -1.000 1.986e-02 -3.875 3.426 3.783 2.489 0.086 -2.166 -5.910 -6.882 -7.308
0.02 0.14251 9.87506 1.1525205374 2.5000494315    0.816  3.533  3.4344 -0.494    8  0.538  0.456   268.70    -1.00    -1.00    -1.00    -1.00  0 -5.53e-07      0.01 6.778e-01 3.023e-01 2.984e-03 1.692e-03 8.735e-03 -1.000 1.987e-02 -4.062 3.465 3.906 2.621 0.106 -2.221 -6.120 -7.096 -7.541
0.02 0.14251 9.87506 1.1525211334 2.5000495215    0.805  3.570  3.4274 -0.565    8  0.539  0.456   262.03    -1.00    -1.00    -1.00    -1.00  0 -8.11e-07      0.03 6.778e-01 3.023e-01 2.984e-03 1.692e-03 8.735e-03 -1.000 1.987e-02 -4.156 3.525 3.990 2.722 0.130 -2.241 -6.218 -7.198 -7.655
0.02 0.14251 9.87506 1.1525218487 2.5000496295    0.792  3.586  3.4241 -0.601    8  0.540  0.456   254.74    -1.00    -1.00    -1.00    -1.00  0 -1.01e-06      0.04 6.778e-01 3.023e-01 2.984e-03 1.692e-03 8.735e-03 -1.000 1.987e-02 -4.195 3.594 4.058 2.796 0.158 -2.237 -6.253 -7.237 -7.701
0.02 0.14251 9.87506 1.1525226831 2.5000497555    0.779  3.594  3.4226 -0.622    8  0.540  0.456   246.89    -1.00    -1.00    -1.00    -1.00  0 -1.15e-06      0.05 6.778e-01 3.023e-01 2.984e-03 1.692e-03 8.735e-03 -1.000 1.987e-02 -4.214 3.640 4.100 2.836 0.174 -2.233 -6.268 -7.256 -7.725
0.02 0.14251 9.87506 1.1525226831 2.5000497555    0.778  3.427  3.4512 -0.341    8  0.541  0.456   246.20    -1.00    -1.00    -1.00    -1.00  0 -4.32e-07      0.01 6.778e-01 3.023e-01 2.984e-03 1.692e-03 8.735e-03 -1.000 1.986e-02 -3.797 3.472 3.798 2.500 0.117 -2.119 -5.825 -6.796 -7.220
0.02 0.14251 9.87506 1.1525228024 2.5000497735    0.774  3.260  3.4798 -0.062    8  0.541  0.456   167.93    89.20    55.84    45.02    36.66  1 -2.34e-07      0.00 6.778e-01 3.023e-01 2.984e-03 1.692e-03 8.735e-03 -1.000 1.987e-02 -3.380 3.494 3.515 2.354 0.071 -2.083 -5.347 -6.294 -6.683
0.02 0.14251 9.87506 1.1525230408 2.5000498096    0.768  3.094  3.5085  0.215    8  0.541  0.456   101.24    53.97    34.55    27.66    22.49  1 -1.26e-07      0.00 6.778e-01 3.023e-01 2.984e-03 1.692e-03 8.735e-03 -1.000 1.987e-02 -2.966 3.416 2.708 1.492 -0.454 -2.452 -4.857 -5.765 -6.104
0.02 0.14251 9.87506 1.1525232792 2.5000498456    0.759  3.119  3.5045  0.169    8  0.541  0.456   111.30    58.42    37.26    29.87    24.29  1 -1.44e-07      0.00 6.778e-01 3.023e-01 2.984e-03 1.692e-03 8.735e-03 -1.000 1.987e-02 -3.028 3.428 2.838 1.654 -0.364 -2.400 -4.931 -5.843 -6.189
0.02 0.14251 9.87506 1.1525236368 2.5000498996    0.748  3.233  3.4851 -0.028    8  0.541  0.456   157.37    83.14    52.17    42.07    34.24  1 -2.35e-07      0.00 6.778e-01 3.023e-01 2.984e-03 1.692e-03 8.735e-03 -1.000 1.987e-02 -3.311 3.496 3.424 2.294 0.026 -2.122 -5.265 -6.204 -6.586
0.02 0.14251 9.87506 1.1525239944 2.5000499536    0.735  3.373  3.4609 -0.274    8  0.542  0.456   222.17    -1.00    -1.00    -1.00    -1.00  0 -4.24e-07      0.01 6.778e-01 3.023e-01 2.984e-03 1.692e-03 8.735e-03 -1.000 1.987e-02 -3.663 3.535 3.768 2.476 0.128 -2.073 -5.671 -6.638 -7.055
0.02 0.14251 9.87506 1.1525244713 2.5000500256    0.719  3.489  3.4413 -0.477    8  0.542  0.456   213.68    -1.00    -1.00    -1.00    -1.00  0 -6.98e-07      0.02 6.778e-01 3.023e-01 2.984e-03 1.692e-03 8.735e-03 -1.000 1.987e-02 -3.951 3.581 3.960 2.631 0.154 -2.143 -5.992 -6.971 -7.415
0.02 0.14251 9.87506 1.1525250673 2.5000501156    0.701  3.561  3.4300 -0.605    8  0.543  0.456   204.24    -1.00    -1.00    -1.00    -1.00  0 -1.12e-06      0.05 6.778e-01 3.023e-01 2.984e-03 1.692e-03 8.735e-03 -1.000 1.987e-02 -4.133 3.695 4.100 2.772 0.174 -2.196 -6.176 -7.167 -7.634
0.02 0.14251 9.87506 1.1525256634 2.5000502056    0.682  3.597  3.4266 -0.667    8  0.544  0.456   193.99    -1.00    -1.00    -1.00    -1.00  0 -1.77e-06      0.09 6.778e-01 3.023e-01 2.984e-03 1.692e-03 8.735e-03 -1.000 1.987e-02 -4.223 3.937 4.272 2.897 0.214 -2.192 -6.238 -7.245 -7.735
0.02 0.14251 9.87506 1.1525263786 2.5000503136    0.660  3.612  3.4287 -0.687    8  0.544  0.456   183.09    -1.00    -1.00    -1.00    -1.00  0 -2.24e-06      0.14 6.778e-01 3.023e-01 2.984e-03 1.692e-03 8.735e-03 -1.000 1.987e-02 -4.260 4.179 4.406 2.947 0.236 -2.176 -6.238 -7.263 -7.771
0.02 0.14251 9.87506 1.1525272131 2.5000504397    0.637  3.619  3.4346 -0.686    8  0.545  0.455   171.72    -1.00    -1.00    -1.00    -1.00  0  -2.6e-06      0.31 6.778e-01 3.023e-01 2.984e-03 1.692e-03 8.735e-03 -1.000 1.987e-02 -4.277 5.031 4.897 3.220 0.411 -2.021 -6.127 -7.207 -7.772
0.02 0.14251 9.87506 1.1525299549 2.5000508537    0.547 -9.999  4.0000  1.748    9  0.547  0.000     0.00     0.00     0.00     0.00     0.00 -1    -1e-30      0.00 6.778e-01 3.023e-01 2.984e-03 1.692e-03 8.735e-03 -1.000 1.987e-02 29.767 29.708 29.973 30.024 30.012 30.010 30.061 30.060 30.078
#isochrone terminated
