# File generated by CMD 3.7 (http://stev.oapd.inaf.it/cmd) on Thu Mar  2 15:23:55 CET 2023
# isochrones based on PARSEC release v1.2S +  COLIBRI S_37 + S_35 + PR16
# Basic references: Bressan et al. (2012), MNRAS, 427, 127 + Chen et al. (2014, 2015), MNRAS, 444, 2525 + MNRAS, 452, 1068 + Tang et al. (2014), MNRAS, 445, 4287 + Marigo et al. (2017), ApJ, 835, 77 + Pastorelli al. (2019), MNRAS, 485, 5666 + Pastorelli al. (2020), MNRAS, in press
# Thermal pulse cycles included 
# On RGB, assumed Reimers mass loss with efficiency eta=0.2
# LPV periods and growth rates added cf. Trabucchi et al. (2019)
# but fundamental-mode LPV periods are from Trabucchi et al. (2021)
# Photometric system: <i>UBVRIJHK</i> (cf. Maiz-Apellaniz 2006 + Bessell 1990)
# Using YBC version of bolometric corrections as in Chen et al. (2019)
# O-rich circumstellar dpmod60alox40 dust from Groenewegen (2006)
# C-rich circumstellar AMCSIC15 dust from Groenewegen (2006)
# IMF: Kroupa (2001, 2002) + Kroupa et al. (2013) canonical two-part-power law IMF corrected for unresolved binaries 
# Kind of output: isochrone tables
# Zini     MH   logAge Mini        int_IMF         Mass   logL    logTe  logg  label   McoreTP C_O  period0  period1  period2  period3  period4  pmode  Mloss  tau1m   X   Y   Xc  Xn  Xo  Cexcess  Z 	 mbolmag  Umag    Bmag    Vmag    Rmag    Imag    Jmag    Hmag    Kmag
0.0152 0.01508 9.84510 0.0900000036 1.0816895926    0.090 -3.424  3.3624  5.217    1  0.000  0.545     0.00     0.00     0.00     0.00     0.00 -1  -3.9e-17      0.00 7.084e-01 2.763e-01 2.746e-03 7.408e-04 6.719e-03 -1.000 1.527e-02 13.329 22.605 19.982 18.144 15.991 13.741 11.238 10.623 10.334
0.0152 0.01508 9.84510 0.1000000015 1.1711064122    0.100 -3.241  3.3882  5.184    1  0.000  0.545     0.00     0.00     0.00     0.00     0.00 -1 -5.84e-17      0.00 7.081e-01 2.766e-01 2.746e-03 7.408e-04 6.719e-03 -1.000 1.527e-02 12.873 22.086 19.498 17.671 15.529 13.285 10.783 10.169 9.876
0.0152 0.01508 9.84510 0.1129965112 1.2713250232    0.113 -3.064  3.4116  5.153    1  0.000  0.545     0.00     0.00     0.00     0.00     0.00 -1 -8.57e-17      0.00 7.077e-01 2.770e-01 2.746e-03 7.408e-04 6.719e-03 -1.000 1.527e-02 12.429 21.584 19.030 17.211 15.080 12.841 10.341 9.728 9.431
0.0152 0.01508 9.84510 0.1200000122 1.3193155232    0.120 -2.976  3.4230  5.138    1  0.000  0.545     0.00     0.00     0.00     0.00     0.00 -1 -1.03e-16      0.00 7.075e-01 2.772e-01 2.746e-03 7.408e-04 6.719e-03 -1.000 1.527e-02 12.211 21.017 18.579 16.784 14.730 12.542 10.136 9.523 9.224
0.0152 0.01508 9.84510 0.1400000006 1.4384526719    0.140 -2.793  3.4433  5.102    1  0.000  0.545     0.00     0.00     0.00     0.00     0.00 -1 -1.52e-16      0.00 7.070e-01 2.778e-01 2.746e-03 7.408e-04 6.719e-03 -1.000 1.527e-02 11.752 19.468 17.360 15.654 13.838 11.821 9.725 9.109 8.810
0.0152 0.01508 9.84510 0.1533901095 1.5064912073    0.153 -2.696  3.4526  5.082    1  0.000  0.545     0.00     0.00     0.00     0.00     0.00 -1 -1.86e-16      0.00 7.066e-01 2.781e-01 2.746e-03 7.408e-04 6.719e-03 -1.000 1.527e-02 11.510 18.776 16.798 15.127 13.411 11.475 9.506 8.889 8.591
0.0152 0.01508 9.84510 0.1599999964 1.5372931554    0.160 -2.651  3.4569  5.073    1  0.000  0.545     0.00     0.00     0.00     0.00     0.00 -1 -2.04e-16      0.00 7.065e-01 2.783e-01 2.746e-03 7.408e-04 6.719e-03 -1.000 1.527e-02 11.399 18.462 16.541 14.883 13.213 11.317 9.405 8.787 8.491
0.0152 0.01508 9.84510 0.2000000030 1.6938790862    0.200 -2.434  3.4756  5.027    1  0.000  0.545     0.00     0.00     0.00     0.00     0.00 -1 -3.17e-16      0.00 7.056e-01 2.791e-01 2.746e-03 7.408e-04 6.719e-03 -1.000 1.527e-02 10.854 17.124 15.420 13.820 12.332 10.603 8.906 8.286 7.998
0.0152 0.01508 9.84510 0.2500000000 1.8403257998    0.250 -2.224  3.4920  4.980    1  0.000  0.545     0.00     0.00     0.00     0.00     0.00 -1 -4.85e-16      0.00 7.049e-01 2.798e-01 2.746e-03 7.408e-04 6.719e-03 -1.000 1.527e-02 10.331 16.012 14.455 12.890 11.535 9.960 8.423 7.801 7.524
0.0152 0.01508 9.84510 0.3000000119 1.9529139769    0.300 -2.061  3.5027  4.938    1  0.000  0.545     0.00     0.00     0.00     0.00     0.00 -1 -2.96e-16      0.00 7.046e-01 2.801e-01 2.746e-03 7.408e-04 6.719e-03 -1.000 1.527e-02 9.921 15.278 13.799 12.267 10.984 9.492 8.039 7.414 7.145
0.0152 0.01508 9.84510 0.3500000238 2.0434175133    0.350 -1.909  3.5113  4.889    1  0.000  0.545     0.00     0.00     0.00     0.00     0.00 -1 -5.88e-16      0.00 7.090e-01 2.758e-01 2.746e-03 7.408e-04 6.719e-03 -1.000 1.527e-02 9.543 14.658 13.235 11.732 10.502 9.072 7.680 7.051 6.790
0.0152 0.01508 9.84510 0.4000000358 2.1185024810    0.400 -1.765  3.5224  4.847    1  0.000  0.545     0.00     0.00     0.00     0.00     0.00 -1 -1.29e-15      0.00 7.091e-01 2.756e-01 2.746e-03 7.408e-04 6.719e-03 -1.000 1.527e-02 9.183 14.043 12.665 11.189 10.017 8.666 7.347 6.711 6.459
0.0152 0.01508 9.84510 0.4500000477 2.1822809714    0.450 -1.616  3.5347  4.797    1  0.000  0.545     0.00     0.00     0.00     0.00     0.00 -1 -1.81e-15      0.00 7.092e-01 2.755e-01 2.746e-03 7.408e-04 6.719e-03 -1.000 1.527e-02 8.809 13.435 12.088 10.640 9.523 8.251 7.004 6.359 6.117
0.0152 0.01508 9.84510 0.5000000000 2.2374541529    0.500 -1.459  3.5497  4.747    1  0.000  0.545     0.00     0.00     0.00     0.00     0.00 -1 -2.62e-15      0.00 7.092e-01 2.755e-01 2.746e-03 7.408e-04 6.719e-03 -1.000 1.527e-02 8.417 12.810 11.474 10.054 8.993 7.817 6.650 5.993 5.763
0.0152 0.01508 9.84510 0.5500000119 2.2836582633    0.550 -1.287  3.5694  4.694    1  0.000  0.545     0.00     0.00     0.00     0.00     0.00 -1 -3.93e-15      0.00 7.253e-01 2.602e-01 2.603e-03 7.023e-04 6.371e-03 -1.000 1.448e-02 7.987 12.139 10.786 9.385 8.385 7.344 6.274 5.602 5.390
0.0152 0.01508 9.84510 0.6000000238 2.3211213258    0.600 -1.117  3.5937  4.660    1  0.000  0.545     0.00     0.00     0.00     0.00     0.00 -1  -5.8e-15      0.00 7.278e-01 2.579e-01 2.582e-03 6.970e-04 6.323e-03 -1.000 1.437e-02 7.562 11.459 10.074 8.705 7.765 6.885 5.913 5.223 5.043
0.0152 0.01508 9.84510 0.6499999762 2.3520353107    0.650 -0.944  3.6232  4.640    1  0.000  0.544     0.00     0.00     0.00     0.00     0.00 -1 -8.48e-15      0.00 7.300e-01 2.557e-01 2.564e-03 6.921e-04 6.280e-03 -1.000 1.429e-02 7.130 10.724 9.299 8.012 7.143 6.426 5.549 4.858 4.725
0.0152 0.01508 9.84510 0.6587404013 2.3568881143    0.659 -0.914  3.6286  4.637    1  0.000  0.544     0.00     0.00     0.00     0.00     0.00 -1 -9.06e-15      0.00 7.304e-01 2.554e-01 2.561e-03 6.913e-04 6.272e-03 -1.000 1.427e-02 7.055 10.582 9.155 7.889 7.035 6.347 5.487 4.800 4.675
0.0152 0.01508 9.84510 0.7000000477 2.3779267258    0.700 -0.777  3.6533  4.625    1  0.000  0.544     0.00     0.00     0.00     0.00     0.00 -1 -1.22e-14      0.00 7.322e-01 2.537e-01 2.547e-03 6.875e-04 6.239e-03 -1.000 1.417e-02 6.712 9.788 8.481 7.328 6.555 5.990 5.211 4.566 4.470
0.0152 0.01508 9.84510 0.7260568142 2.3898059462    0.726 -0.691  3.6688  4.618    1  0.000  0.540     0.00     0.00     0.00     0.00     0.00 -1 -1.47e-14      0.00 7.334e-01 2.525e-01 2.519e-03 6.844e-04 6.215e-03 -1.000 1.413e-02 6.498 9.219 8.064 6.989 6.277 5.766 5.043 4.445 4.360
0.0152 0.01508 9.84510 0.7500000000 2.3998889087    0.750 -0.615  3.6825  4.610    1  0.000  0.537     0.00     0.00     0.00     0.00     0.00 -1 -1.74e-14      0.00 7.344e-01 2.515e-01 2.494e-03 6.816e-04 6.194e-03 -1.000 1.403e-02 6.307 8.711 7.708 6.699 6.042 5.567 4.894 4.343 4.264
0.0152 0.01508 9.84510 0.7561596036 2.4023643770    0.756 -0.596  3.6853  4.606    1  0.000  0.537     0.00     0.00     0.00     0.00     0.00 -1 -1.82e-14      0.00 7.348e-01 2.511e-01 2.491e-03 6.807e-04 6.186e-03 -1.000 1.401e-02 6.259 8.606 7.630 6.634 5.988 5.520 4.856 4.313 4.235
0.0152 0.01508 9.84510 0.7866051793 2.4139480837    0.786 -0.503  3.6991  4.585    1  0.000  0.537     0.00     0.00     0.00     0.00     0.00 -1 -2.26e-14      0.00 7.368e-01 2.492e-01 2.474e-03 6.763e-04 6.147e-03 -1.000 1.395e-02 6.028 8.088 7.255 6.321 5.726 5.288 4.670 4.168 4.098
0.0152 0.01508 9.84510 0.8000000119 2.4187244405    0.800 -0.463  3.7050  4.576    1  0.000  0.537     0.00     0.00     0.00     0.00     0.00 -1 -2.49e-14      0.00 7.377e-01 2.484e-01 2.467e-03 6.743e-04 6.130e-03 -1.000 1.390e-02 5.928 7.872 7.100 6.190 5.616 5.188 4.590 4.106 4.038
0.0152 0.01508 9.84510 0.8007806540 2.4189971420    0.800 -0.461  3.7053  4.575    1  0.000  0.537     0.00     0.00     0.00     0.00     0.00 -1  -2.5e-14      0.00 7.378e-01 2.483e-01 2.467e-03 6.742e-04 6.128e-03 -1.000 1.390e-02 5.922 7.859 7.091 6.182 5.609 5.183 4.586 4.103 4.034
0.0152 0.01508 9.84510 0.8273613453 2.4279305915    0.827 -0.381  3.7165  4.554    1  0.000  0.537     0.00     0.00     0.00     0.00     0.00 -1 -3.03e-14      0.00 7.398e-01 2.464e-01 2.450e-03 6.697e-04 6.088e-03 -1.000 1.383e-02 5.722 7.448 6.793 5.929 5.393 4.987 4.426 3.975 3.911
0.0152 0.01508 9.84510 0.8500000238 2.4350346840    0.849 -0.313  3.7256  4.535    1  0.000  0.536     0.00     0.00     0.00     0.00     0.00 -1 -3.57e-14      0.00 7.415e-01 2.447e-01 2.435e-03 6.659e-04 6.054e-03 -1.000 1.380e-02 5.553 7.115 6.552 5.723 5.214 4.823 4.292 3.865 3.805
0.0152 0.01508 9.84510 0.8705770373 2.4411245697    0.870 -0.252  3.7333  4.514    1  0.000  0.536     0.00     0.00     0.00     0.00     0.00 -1 -4.16e-14      0.00 7.435e-01 2.428e-01 2.420e-03 6.616e-04 6.015e-03 -1.000 1.367e-02 5.399 6.830 6.339 5.541 5.054 4.675 4.168 3.761 3.704
0.0152 0.01508 9.84510 0.8926705122 2.4473051384    0.892 -0.185  3.7413  4.491    1  0.000  0.536     0.00     0.00     0.00     0.00     0.00 -1 -4.91e-14      0.00 7.456e-01 2.408e-01 2.402e-03 6.569e-04 5.973e-03 -1.000 1.356e-02 5.234 6.530 6.114 5.348 4.884 4.519 4.036 3.649 3.595
0.0152 0.01508 9.84510 0.9000000358 2.4492786175    0.899 -0.163  3.7438  4.483    1  0.000  0.536     0.00     0.00     0.00     0.00     0.00 -1  -5.2e-14      0.00 7.463e-01 2.401e-01 2.397e-03 6.553e-04 5.959e-03 -1.000 1.353e-02 5.179 6.429 6.041 5.285 4.829 4.468 3.992 3.611 3.559
0.0152 0.01508 9.84510 0.9062660933 2.4509366831    0.905 -0.144  3.7459  4.475    1  0.000  0.536     0.00     0.00     0.00     0.00     0.00 -1 -5.46e-14      0.00 7.471e-01 2.394e-01 2.390e-03 6.537e-04 5.944e-03 -1.000 1.351e-02 5.131 6.345 5.979 5.232 4.782 4.424 3.954 3.578 3.527
0.0152 0.01508 9.84510 0.9198384285 2.4544391552    0.919 -0.103  3.7502  4.457    1  0.000  0.536     0.00     0.00     0.00     0.00     0.00 -1 -6.08e-14      0.00 7.487e-01 2.378e-01 2.377e-03 6.500e-04 5.912e-03 -1.000 1.346e-02 5.028 6.167 5.845 5.117 4.679 4.329 3.870 3.504 3.455
0.0152 0.01508 9.84510 0.9323408008 2.4575619630    0.931 -0.065  3.7540  4.440    1  0.000  0.536     0.00     0.00     0.00     0.00     0.00 -1 -6.72e-14      0.00 7.503e-01 2.363e-01 2.364e-03 6.466e-04 5.881e-03 -1.000 1.339e-02 4.933 6.013 5.725 5.012 4.585 4.240 3.792 3.435 3.388
0.0152 0.01508 9.84510 0.9444336295 2.4604921926    0.944 -0.028  3.7575  4.423    1  0.000  0.536     0.00     0.00     0.00     0.00     0.00 -1 -7.42e-14      0.00 7.518e-01 2.349e-01 2.351e-03 6.433e-04 5.851e-03 -1.000 1.328e-02 4.841 5.866 5.610 4.912 4.494 4.154 3.716 3.366 3.321
0.0152 0.01508 9.84510 0.9500000477 2.4618122009    0.949 -0.011  3.7591  4.415    1  0.000  0.536     0.00     0.00     0.00     0.00     0.00 -1 -7.77e-14      0.00 7.525e-01 2.342e-01 2.346e-03 6.417e-04 5.837e-03 -1.000 1.327e-02 4.798 5.799 5.557 4.865 4.451 4.114 3.680 3.334 3.289
0.0152 0.01508 9.84510 0.9662374854 2.4655629859    0.966  0.040  3.7633  4.388    1  0.000  0.536     0.00     0.00     0.00     0.00     0.00 -1 -8.92e-14      0.00 7.552e-01 2.317e-01 2.324e-03 6.359e-04 5.785e-03 -1.000 1.318e-02 4.671 5.612 5.403 4.729 4.327 3.996 3.573 3.237 3.194
0.0152 0.01508 9.84510 0.9768248200 2.4679315339    0.976  0.073  3.7658  4.370    1  0.000  0.536     0.00     0.00     0.00     0.00     0.00 -1  -9.8e-14      0.00 7.569e-01 2.300e-01 2.310e-03 6.320e-04 5.750e-03 -1.000 1.307e-02 4.588 5.493 5.303 4.641 4.245 3.919 3.502 3.171 3.130
0.0152 0.01508 9.84510 0.9958287477 2.4720380751    0.995  0.133  3.7700  4.335    1  0.000  0.535     0.00     0.00     0.00     0.00     0.00 -1 -1.16e-13      0.00 7.602e-01 2.269e-01 2.283e-03 6.249e-04 5.686e-03 -1.000 1.293e-02 4.438 5.286 5.127 4.483 4.097 3.778 3.372 3.051 3.011
0.0152 0.01508 9.84510 1.0000000000 2.4729154477    1.000  0.146  3.7707  4.327    1  0.000  0.535     0.00     0.00     0.00     0.00     0.00 -1  -1.2e-13      0.00 7.609e-01 2.262e-01 2.277e-03 6.233e-04 5.672e-03 -1.000 1.290e-02 4.405 5.244 5.090 4.449 4.065 3.747 3.344 3.024 2.984
0.0152 0.01508 9.84510 1.0055011511 2.4740597577    1.005  0.163  3.7716  4.316    1  0.000  0.535     0.00     0.00     0.00     0.00     0.00 -1 -1.25e-13      0.00 7.621e-01 2.251e-01 2.267e-03 6.206e-04 5.648e-03 -1.000 1.286e-02 4.363 5.189 5.041 4.405 4.023 3.707 3.306 2.988 2.949
0.0152 0.01508 9.84510 1.0152795315 2.4760586270    1.015  0.193  3.7730  4.295    1  0.000  0.535     0.00     0.00     0.00     0.00     0.00 -1 -1.35e-13      0.00 7.642e-01 2.230e-01 2.251e-03 6.161e-04 5.608e-03 -1.000 1.277e-02 4.288 5.097 4.958 4.327 3.950 3.635 3.238 2.923 2.884
0.0152 0.01508 9.84510 1.0308865309 2.4791588010    1.030  0.243  3.7749  4.259    1  0.000  0.535     0.00     0.00     0.00     0.00     0.00 -1 -1.53e-13      0.00 7.668e-01 2.205e-01 2.229e-03 6.103e-04 5.556e-03 -1.000 1.266e-02 4.162 4.947 4.819 4.198 3.825 3.515 3.122 2.811 2.773
0.0152 0.01508 9.84510 1.0434181690 2.4815710368    1.042  0.286  3.7763  4.227    1  0.000  0.535     0.00     0.00     0.00     0.00     0.00 -1 -1.71e-13      0.00 7.673e-01 2.201e-01 2.226e-03 6.095e-04 5.549e-03 -1.000 1.265e-02 4.055 4.821 4.702 4.088 3.719 3.411 3.022 2.714 2.677
0.0152 0.01508 9.84510 1.0499999523 2.4828114860    1.049  0.310  3.7768  4.208    1  0.000  0.535     0.00     0.00     0.00     0.00     0.00 -1 -1.82e-13      0.00 7.672e-01 2.201e-01 2.227e-03 6.099e-04 5.553e-03 -1.000 1.264e-02 3.996 4.756 4.640 4.028 3.661 3.353 2.966 2.659 2.622
0.0152 0.01508 9.84510 1.0537611246 2.4835123470    1.053  0.323  3.7770  4.197    1  0.000  0.535     0.00     0.00     0.00     0.00     0.00 -1 -1.89e-13      0.00 7.674e-01 2.200e-01 2.226e-03 6.097e-04 5.551e-03 -1.000 1.263e-02 3.962 4.719 4.604 3.994 3.627 3.320 2.933 2.627 2.590
0.0152 0.01508 9.84510 1.0636055470 2.4853198119    1.062  0.360  3.7771  4.165    1  0.000  0.535     0.00     0.00     0.00     0.00     0.00 -1 -2.09e-13      0.00 7.674e-01 2.199e-01 2.228e-03 6.103e-04 5.557e-03 -1.000 1.266e-02 3.869 4.625 4.510 3.901 3.535 3.228 2.841 2.536 2.499
0.0152 0.01508 9.84510 1.0719305277 2.4868185454    1.071  0.392  3.7767  4.134    1  0.000  0.535     0.00     0.00     0.00     0.00     0.00 -1 -2.29e-13      0.00 7.668e-01 2.205e-01 2.236e-03 6.125e-04 5.577e-03 -1.000 1.271e-02 3.789 4.549 4.432 3.821 3.455 3.147 2.759 2.453 2.416
0.0152 0.01508 9.84510 1.0823240280 2.4886525068    1.081  0.433  3.7755  4.092    1  0.000  0.534     0.00     0.00     0.00     0.00     0.00 -1 -2.58e-13      0.00 7.650e-01 2.221e-01 2.256e-03 6.179e-04 5.627e-03 -1.000 1.284e-02 3.687 4.461 4.336 3.720 3.352 3.042 2.651 2.342 2.304
0.0152 0.01508 9.84510 1.0913809538 2.4902179153    1.090  0.470  3.7724  4.047    2  0.000  0.535     0.00     0.00     0.00     0.00     0.00 -1 -2.91e-13      0.00 7.594e-01 2.275e-01 2.308e-03 6.322e-04 5.756e-03 -1.000 1.311e-02 3.595 4.404 4.261 3.633 3.258 2.944 2.544 2.228 2.189
0.0152 0.01508 9.84510 1.0995706320 2.4916079250    1.098  0.502  3.7674  3.999    2  0.000  0.535     0.00     0.00     0.00     0.00     0.00 -1 -3.26e-13      0.00 7.517e-01 2.349e-01 2.374e-03 6.502e-04 5.919e-03 -1.000 1.345e-02 3.516 4.385 4.212 3.563 3.177 2.855 2.441 2.114 2.073
0.0152 0.01508 9.84510 1.1000000238 2.4916801480    1.098  0.503  3.7670  3.996    2  0.000  0.535     0.00     0.00     0.00     0.00     0.00 -1 -3.28e-13      0.00 7.512e-01 2.353e-01 2.378e-03 6.513e-04 5.929e-03 -1.000 1.347e-02 3.512 4.385 4.210 3.560 3.173 2.850 2.436 2.108 2.067
0.0152 0.01508 9.84510 1.1026570797 2.4921256219    1.101  0.513  3.7649  3.979    2  0.000  0.535     0.00     0.00     0.00     0.00     0.00 -1  -3.4e-13      0.00 7.483e-01 2.381e-01 2.403e-03 6.580e-04 5.989e-03 -1.000 1.360e-02 3.488 4.387 4.198 3.539 3.147 2.821 2.401 2.069 2.027
0.0152 0.01508 9.84510 1.1091170311 2.4931984469    1.107  0.529  3.7557  3.928    2  0.000  0.536     0.00     0.00     0.00     0.00     0.00 -1 -3.69e-13      0.00 7.387e-01 2.473e-01 2.481e-03 6.790e-04 6.175e-03 -1.000 1.404e-02 3.446 4.466 4.215 3.518 3.104 2.763 2.317 1.964 1.918
0.0152 0.01508 9.84510 1.1130565405 2.4938456689    1.111  0.527  3.7451  3.889    2  0.000  0.536     0.00     0.00     0.00     0.00     0.00 -1 -3.82e-13      0.00 7.312e-01 2.544e-01 2.539e-03 6.947e-04 6.314e-03 -1.000 1.436e-02 3.453 4.622 4.290 3.551 3.111 2.753 2.277 1.898 1.848
0.0152 0.01508 9.84510 1.1154369116 2.4942341929    1.114  0.516  3.7353  3.862    2  0.000  0.536     0.00     0.00     0.00     0.00     0.00 -1 -3.83e-13      0.00 7.265e-01 2.590e-01 2.575e-03 7.044e-04 6.401e-03 -1.000 1.454e-02 3.480 4.793 4.383 3.607 3.144 2.770 2.265 1.861 1.807
0.0152 0.01508 9.84510 1.1171011925 2.4945047060    1.115  0.507  3.7268  3.838    2  0.000  0.537     0.00     0.00     0.00     0.00     0.00 -1 -3.84e-13      0.00 7.235e-01 2.618e-01 2.598e-03 7.105e-04 6.454e-03 -1.000 1.469e-02 3.504 4.945 4.468 3.659 3.175 2.787 2.255 1.829 1.771
0.0152 0.01508 9.84510 1.1186759472 2.4947598153    1.117  0.504  3.7186  3.809    2  0.000  0.537     0.00     0.00     0.00     0.00     0.00 -1 -3.92e-13      0.00 7.210e-01 2.643e-01 2.616e-03 7.154e-04 6.497e-03 -1.000 1.478e-02 3.511 5.083 4.538 3.697 3.192 2.790 2.231 1.782 1.722
0.0152 0.01508 9.84510 1.1205630302 2.4950644358    1.119  0.515  3.7099  3.764    2  0.000  0.537     0.00     0.00     0.00     0.00     0.00 -1  -4.2e-13      0.00 7.182e-01 2.669e-01 2.634e-03 7.201e-04 6.539e-03 -1.000 1.486e-02 3.483 5.199 4.578 3.704 3.177 2.760 2.172 1.698 1.634
0.0152 0.01508 9.84510 1.1224043369 2.4953605317    1.121  0.542  3.7033  3.710    2  0.000  0.537     0.00     0.00     0.00     0.00     0.00 -1 -4.74e-13      0.00 7.156e-01 2.694e-01 2.648e-03 7.239e-04 6.572e-03 -1.000 1.493e-02 3.414 5.244 4.564 3.665 3.119 2.690 2.080 1.587 1.520
0.0152 0.01508 9.84510 1.1229294538 2.4954447698    1.121  0.553  3.7017  3.693    2  0.000  0.537     0.00     0.00     0.00     0.00     0.00 -1 -4.96e-13      0.00 7.149e-01 2.702e-01 2.651e-03 7.249e-04 6.580e-03 -1.000 1.495e-02 3.387 5.242 4.550 3.645 3.095 2.663 2.047 1.550 1.483
0.0152 0.01508 9.84510 1.1234713793 2.4955316094    1.122  0.567  3.7005  3.675    2  0.000  0.537     0.00     0.00     0.00     0.00     0.00 -1 -5.23e-13      0.00 7.140e-01 2.710e-01 2.653e-03 7.259e-04 6.587e-03 -1.000 1.495e-02 3.352 5.225 4.524 3.614 3.062 2.627 2.008 1.507 1.439
0.0152 0.01508 9.84510 1.1250339746 2.4957814652    1.123  0.612  3.6976  3.618    3  0.000  0.535     0.00     0.00     0.00     0.00     0.00 -1 -6.14e-13      0.00 7.113e-01 2.737e-01 2.652e-03 7.310e-04 6.606e-03 -1.000 1.499e-02 3.239 5.162 4.438 3.516 2.956 2.516 1.885 1.376 1.306
0.0152 0.01508 9.84510 1.1262800694 2.4959801419    1.124  0.653  3.6957  3.570    3  0.000  0.529     0.00     0.00     0.00     0.00     0.00 -1  -7.1e-13      0.00 7.087e-01 2.762e-01 2.627e-03 7.502e-04 6.619e-03 -1.000 1.506e-02 3.137 5.091 4.352 3.423 2.858 2.414 1.777 1.262 1.191
0.0152 0.01508 9.84510 1.1277300119 2.4962106846    1.126  0.705  3.6937  3.511    3  0.000  0.512     0.00     0.00     0.00     0.00     0.00 -1 -8.53e-13      0.00 7.052e-01 2.796e-01 2.548e-03 8.253e-04 6.632e-03 -1.000 1.512e-02 3.007 4.989 4.238 3.302 2.733 2.285 1.641 1.119 1.048
0.0152 0.01508 9.84510 1.1288019419 2.4963806849    1.127  0.748  3.6924  3.464    3  0.000  0.493     0.00     0.00     0.00     0.00     0.00 -1 -9.92e-13      0.00 7.025e-01 2.824e-01 2.457e-03 9.321e-04 6.640e-03 -1.000 1.514e-02 2.900 4.905 4.143 3.201 2.629 2.179 1.529 1.004 0.933
0.0152 0.01508 9.84510 1.1300029755 2.4965707196    1.128  0.799  3.6910  3.407    3  0.000  0.473     0.00     0.00     0.00     0.00     0.00 -1 -1.19e-12      0.00 6.995e-01 2.853e-01 2.360e-03 1.053e-03 6.647e-03 -1.000 1.516e-02 2.771 4.804 4.029 3.079 2.504 2.050 1.395 0.866 0.794
0.0152 0.01508 9.84510 1.1309193373 2.4967153997    1.129  0.842  3.6897  3.359    3  0.000  0.461     0.00     0.00     0.00     0.00     0.00 -1 -1.39e-12      0.00 6.973e-01 2.876e-01 2.299e-03 1.131e-03 6.652e-03 -1.000 1.517e-02 2.664 4.719 3.933 2.977 2.399 1.943 1.283 0.751 0.678
0.0152 0.01508 9.84510 1.1317752600 2.4968502941    1.130  0.886  3.6885  3.311    3  0.000  0.451     0.00     0.00     0.00     0.00     0.00 -1 -1.61e-12      0.00 6.953e-01 2.895e-01 2.254e-03 1.189e-03 6.655e-03 -1.000 1.517e-02 2.556 4.636 3.839 2.876 2.294 1.835 1.171 0.635 0.562
0.0152 0.01508 9.84510 1.1325193644 2.4969673752    1.130  0.927  3.6872  3.265    3  0.000  0.445     0.00     0.00     0.00     0.00     0.00 -1 -1.87e-12      0.00 6.938e-01 2.910e-01 2.223e-03 1.229e-03 6.658e-03 -1.000 1.520e-02 2.454 4.557 3.749 2.780 2.195 1.733 1.065 0.525 0.451
0.0152 0.01508 9.84510 1.1334133148 2.4971078001    1.131  0.980  3.6855  3.206    3  0.000  0.439     0.00     0.00     0.00     0.00     0.00 -1 -2.25e-12      0.00 6.923e-01 2.925e-01 2.194e-03 1.265e-03 6.660e-03 -1.000 1.520e-02 2.321 4.458 3.634 2.656 2.066 1.601 0.926 0.381 0.307
0.0152 0.01508 9.84510 1.1340355873 2.4972053986    1.132  1.020  3.6841  3.160    3  0.000  0.436     0.00     0.00     0.00     0.00     0.00 -1 -2.61e-12      0.00 6.914e-01 2.934e-01 2.178e-03 1.285e-03 6.662e-03 -1.000 1.522e-02 2.219 4.385 3.548 2.562 1.969 1.501 0.820 0.271 0.196
0.0152 0.01508 9.84510 1.1347559690 2.4973182310    1.133  1.071  3.6822  3.102    3  0.000  0.433     0.00     0.00     0.00     0.00     0.00 -1 -3.13e-12      0.00 6.906e-01 2.942e-01 2.164e-03 1.304e-03 6.663e-03 -1.000 1.524e-02 2.092 4.295 3.440 2.444 1.846 1.374 0.687 0.132 0.056
0.0152 0.01508 9.84510 1.1352925301 2.4974021648    1.133  1.112  3.6806  3.054    3  0.000  0.431     0.00     0.00     0.00     0.00     0.00 -1 -3.63e-12      0.00 6.901e-01 2.947e-01 2.156e-03 1.314e-03 6.664e-03 -1.000 1.523e-02 1.989 4.224 3.353 2.350 1.747 1.272 0.578 0.019 -0.057
0.0152 0.01508 9.84510 1.1358944178 2.4974962092    1.134  1.163  3.6785  2.995    3  0.000  0.430     0.00     0.00     0.00     0.00     0.00 -1 -4.36e-12      0.00 6.897e-01 2.951e-01 2.149e-03 1.323e-03 6.664e-03 -1.000 1.524e-02 1.863 4.142 3.249 2.235 1.627 1.147 0.445 -0.120 -0.198
0.0152 0.01508 9.84510 1.1364488602 2.4975827389    1.134  1.215  3.6763  2.935    3  0.000  0.429     0.00     0.00     0.00     0.00     0.00 -1 -5.26e-12      0.00 6.895e-01 2.953e-01 2.146e-03 1.327e-03 6.664e-03 -1.000 1.523e-02 1.733 4.059 3.143 2.119 1.504 1.019 0.309 -0.263 -0.342
0.0152 0.01508 9.84510 1.1369296312 2.4976576924    1.134  1.264  3.6740  2.877    3  0.000  0.429     0.00     0.00     0.00     0.00     0.00 -1 -6.29e-12      0.00 6.894e-01 2.954e-01 2.145e-03 1.329e-03 6.664e-03 -1.000 1.523e-02 1.610 3.981 3.043 2.008 1.387 0.897 0.179 -0.400 -0.481
0.0152 0.01508 9.84510 1.1373693943 2.4977261888    1.135  1.314  3.6717  2.818    3  0.000  0.429     0.00     0.00     0.00     0.00     0.00 -1 -7.55e-12      0.00 6.894e-01 2.954e-01 2.144e-03 1.330e-03 6.665e-03 -1.000 1.523e-02 1.485 3.905 2.943 1.897 1.270 0.775 0.047 -0.539 -0.621
0.0152 0.01508 9.84510 1.1377764940 2.4977895434    1.135  1.364  3.6692  2.758    3  0.000  0.429     0.00     0.00     0.00     0.00     0.00 -1 -9.08e-12      0.00 6.894e-01 2.954e-01 2.144e-03 1.330e-03 6.665e-03 -1.000 1.523e-02 1.359 3.830 2.843 1.785 1.151 0.651 -0.086 -0.680 -0.763
0.0152 0.01508 9.84510 1.1381311417 2.4978446928    1.135  1.412  3.6668  2.700    3  0.000  0.429     0.00     0.00     0.00     0.00     0.00 -1 -1.08e-11      0.00 6.894e-01 2.954e-01 2.143e-03 1.331e-03 6.665e-03 -1.000 1.523e-02 1.240 3.763 2.751 1.682 1.040 0.534 -0.213 -0.813 -0.898
0.0152 0.01508 9.84510 1.1384712458 2.4978975434    1.136  1.462  3.6642  2.641    3  0.000  0.429     0.00     0.00     0.00     0.00     0.00 -1  -1.3e-11      0.00 6.894e-01 2.954e-01 2.143e-03 1.331e-03 6.665e-03 -1.000 1.523e-02 1.116 3.695 2.656 1.574 0.925 0.413 -0.343 -0.952 -1.039
0.0152 0.01508 9.84510 1.1387799978 2.4979454906    1.136  1.509  3.6617  2.583    3  0.000  0.429     0.00     0.00     0.00     0.00     0.00 -1 -1.55e-11      0.00 6.894e-01 2.954e-01 2.143e-03 1.331e-03 6.665e-03 -1.000 1.523e-02 0.998 3.631 2.565 1.472 0.815 0.298 -0.469 -1.085 -1.174
0.0152 0.01508 9.84510 1.1390830278 2.4979925202    1.136  1.554  3.6592  2.529    3  0.000  0.429     0.00     0.00     0.00     0.00     0.00 -1 -1.83e-11      0.00 6.894e-01 2.954e-01 2.142e-03 1.332e-03 6.665e-03 -1.000 1.523e-02 0.886 3.573 2.481 1.376 0.712 0.189 -0.587 -1.212 -1.302
0.0152 0.01508 9.84510 1.1394776106 2.4980537154    1.136  1.597  3.6569  2.476    3  0.000  0.428     0.00     0.00     0.00     0.00     0.00 -1 -2.15e-11      0.00 6.894e-01 2.954e-01 2.142e-03 1.332e-03 6.665e-03 -1.000 1.522e-02 0.777 3.525 2.402 1.284 0.612 0.083 -0.702 -1.334 -1.426
0.0152 0.01508 9.84510 1.1397138834 2.4980903352    1.136  1.568  3.6589  2.513    3  0.000  0.428     0.00     0.00     0.00     0.00     0.00 -1 -1.95e-11      0.00 6.894e-01 2.954e-01 2.142e-03 1.333e-03 6.665e-03 -1.000 1.522e-02 0.850 3.544 2.449 1.342 0.678 0.153 -0.624 -1.249 -1.340
0.0152 0.01508 9.84510 1.1398669481 2.4981140494    1.137  1.528  3.6616  2.564    3  0.000  0.428     0.00     0.00     0.00     0.00     0.00 -1 -1.68e-11      0.00 6.894e-01 2.954e-01 2.142e-03 1.333e-03 6.665e-03 -1.000 1.522e-02 0.950 3.586 2.519 1.425 0.769 0.251 -0.516 -1.133 -1.222
0.0152 0.01508 9.84510 1.1399004459 2.4981192382    1.137  1.520  3.6621  2.574    3  0.000  0.428     0.00     0.00     0.00     0.00     0.00 -1 -1.63e-11      0.00 6.894e-01 2.954e-01 2.142e-03 1.333e-03 6.665e-03 -1.000 1.522e-02 0.970 3.595 2.534 1.441 0.787 0.270 -0.495 -1.110 -1.199
0.0152 0.01508 9.84510 1.1399919987 2.4981334179    1.137  1.538  3.6610  2.552    3  0.000  0.428     0.00     0.00     0.00     0.00     0.00 -1 -1.73e-11      0.00 6.894e-01 2.954e-01 2.141e-03 1.333e-03 6.665e-03 -1.000 1.522e-02 0.925 3.572 2.500 1.403 0.745 0.226 -0.543 -1.161 -1.251
0.0152 0.01508 9.84510 1.1402344704 2.4981709593    1.137  1.586  3.6583  2.493    3  0.000  0.428     0.00     0.00     0.00     0.00     0.00 -1 -2.05e-11      0.00 6.894e-01 2.954e-01 2.141e-03 1.333e-03 6.665e-03 -1.000 1.522e-02 0.806 3.515 2.412 1.302 0.636 0.110 -0.670 -1.297 -1.388
0.0152 0.01508 9.84510 1.1404733658 2.4982079290    1.137  1.633  3.6555  2.435    3  0.000  0.428     0.00     0.00     0.00     0.00     0.00 -1 -2.44e-11      0.00 6.893e-01 2.954e-01 2.141e-03 1.334e-03 6.665e-03 -1.000 1.522e-02 0.687 3.478 2.332 1.203 0.526 -0.007 -0.797 -1.432 -1.525
0.0152 0.01508 9.84510 1.1406955719 2.4982423000    1.137  1.681  3.6528  2.376    3  0.000  0.428     0.00     0.00     0.00     0.00     0.00 -1 -2.91e-11      0.00 6.893e-01 2.954e-01 2.141e-03 1.334e-03 6.665e-03 -1.000 1.522e-02 0.568 3.442 2.252 1.105 0.418 -0.122 -0.924 -1.567 -1.662
0.0152 0.01508 9.84510 1.1408960819 2.4982733019    1.137  1.727  3.6500  2.319    3  0.000  0.428     0.00     0.00     0.00     0.00     0.00 -1 -3.45e-11      0.00 6.893e-01 2.954e-01 2.141e-03 1.334e-03 6.665e-03 -1.000 1.522e-02 0.453 3.410 2.176 1.010 0.312 -0.234 -1.047 -1.698 -1.795
0.0152 0.01508 9.84510 1.1410809755 2.4983018781    1.137  1.773  3.6471  2.262    3  0.000  0.428     0.00     0.00     0.00     0.00     0.00 -1  -4.1e-11      0.00 6.893e-01 2.954e-01 2.140e-03 1.335e-03 6.665e-03 -1.000 1.522e-02 0.339 3.382 2.104 0.918 0.209 -0.345 -1.170 -1.829 -1.928
0.0152 0.01508 9.84510 1.1412540674 2.4983286206    1.137  1.819  3.6442  2.203    3  0.000  0.428     0.00     0.00     0.00     0.00     0.00 -1 -4.88e-11      0.00 6.893e-01 2.954e-01 2.140e-03 1.335e-03 6.665e-03 -1.000 1.522e-02 0.222 3.356 2.030 0.824 0.105 -0.458 -1.294 -1.963 -2.064
0.0152 0.01508 9.84510 1.1414079666 2.4983523901    1.137  1.864  3.6414  2.147    3  0.000  0.428     0.00     0.00     0.00     0.00     0.00 -1 -5.78e-11      0.00 6.893e-01 2.954e-01 2.140e-03 1.335e-03 6.665e-03 -1.000 1.522e-02 0.110 3.332 1.960 0.735 0.004 -0.567 -1.414 -2.091 -2.194
0.0152 0.01508 9.84510 1.1415516138 2.4983745695    1.137  1.909  3.6384  2.090    3  0.000  0.428     0.00     0.00     0.00     0.00     0.00 -1 -6.85e-11      0.00 6.893e-01 2.954e-01 2.140e-03 1.335e-03 6.665e-03 -1.000 1.522e-02 -0.003 3.312 1.892 0.647 -0.095 -0.675 -1.535 -2.221 -2.327
0.0152 0.01508 9.84510 1.1416821480 2.4983947187    1.137  1.954  3.6355  2.034    3  0.000  0.428     0.00     0.00     0.00     0.00     0.00 -1  -8.1e-11      0.00 6.893e-01 2.955e-01 2.140e-03 1.335e-03 6.665e-03 -1.000 1.522e-02 -0.115 3.294 1.826 0.562 -0.192 -0.782 -1.654 -2.350 -2.457
0.0152 0.01508 9.84510 1.1418018341 2.4984131887    1.137  1.999  3.6325  1.977    3  0.000  0.428     0.00     0.00     0.00     0.00     0.00 -1 -9.58e-11      0.00 6.893e-01 2.955e-01 2.140e-03 1.335e-03 6.665e-03 -1.000 1.522e-02 -0.226 3.266 1.762 0.475 -0.288 -0.888 -1.773 -2.475 -2.586
0.0152 0.01508 9.84510 1.1419117451 2.4984301463    1.137  2.043  3.6295  1.921    3  0.000  0.428     0.00     0.00     0.00     0.00     0.00 -1 -1.13e-10      0.00 6.893e-01 2.955e-01 2.140e-03 1.336e-03 6.665e-03 -1.000 1.522e-02 -0.337 3.220 1.697 0.387 -0.383 -0.992 -1.889 -2.596 -2.712
0.0152 0.01508 9.84510 1.1420112848 2.4984455005    1.136  2.087  3.6265  1.865    3  0.000  0.428     0.00     0.00     0.00     0.00     0.00 -1 -1.34e-10      0.00 6.893e-01 2.955e-01 2.139e-03 1.336e-03 6.665e-03 -1.000 1.522e-02 -0.446 3.172 1.635 0.303 -0.474 -1.093 -2.004 -2.714 -2.836
0.0152 0.01508 9.84510 1.1421031952 2.4984596751    1.136  2.130  3.6234  1.809    3  0.000  0.428     0.00     0.00     0.00     0.00     0.00 -1 -1.58e-10      0.00 6.893e-01 2.955e-01 2.139e-03 1.336e-03 6.665e-03 -1.000 1.522e-02 -0.556 3.123 1.572 0.218 -0.565 -1.194 -2.118 -2.833 -2.960
0.0152 0.01508 9.84510 1.1421867609 2.4984725606    1.136  2.173  3.6204  1.754    3  0.000  0.428     0.00     0.00     0.00     0.00     0.00 -1 -1.86e-10      0.00 6.893e-01 2.955e-01 2.139e-03 1.336e-03 6.666e-03 -1.000 1.522e-02 -0.663 3.073 1.509 0.135 -0.656 -1.293 -2.231 -2.950 -3.083
0.0152 0.01508 9.84510 1.1422637701 2.4984844331    1.136  2.216  3.6173  1.699    3  0.000  0.428     0.00     0.00     0.00     0.00     0.00 -1 -2.18e-10      0.00 6.893e-01 2.955e-01 2.139e-03 1.336e-03 6.666e-03 -1.000 1.522e-02 -0.770 3.021 1.448 0.055 -0.742 -1.390 -2.342 -3.066 -3.205
0.0152 0.01508 9.84510 1.1423356533 2.4984955137    1.135  2.259  3.6142  1.643    3  0.000  0.428     0.00     0.00     0.00     0.00     0.00 -1 -2.57e-10      0.00 6.893e-01 2.955e-01 2.139e-03 1.336e-03 6.666e-03 -1.000 1.522e-02 -0.878 2.968 1.386 -0.025 -0.829 -1.488 -2.455 -3.184 -3.329
0.0152 0.01508 9.84510 1.1423996687 2.4985053801    1.135  2.300  3.6111  1.589    3  0.000  0.428     0.00     0.00     0.00     0.00     0.00 -1 -3.01e-10      0.00 6.893e-01 2.955e-01 2.139e-03 1.336e-03 6.666e-03 -1.000 1.522e-02 -0.981 2.917 1.326 -0.102 -0.913 -1.581 -2.563 -3.296 -3.449
0.0152 0.01508 9.84510 1.1424610615 2.4985148412    1.135  2.343  3.6079  1.533    3  0.000  0.428     0.00     0.00     0.00     0.00     0.00 -1 -3.55e-10      0.00 6.893e-01 2.955e-01 2.139e-03 1.336e-03 6.666e-03 -1.000 1.522e-02 -1.088 2.864 1.266 -0.178 -0.996 -1.676 -2.675 -3.413 -3.572
0.0152 0.01508 9.84510 1.1425153017 2.4985231990    1.134  2.384  3.6048  1.480    3  0.000  0.428     0.00     0.00     0.00     0.00     0.00 -1 -4.15e-10      0.00 6.893e-01 2.955e-01 2.139e-03 1.336e-03 6.666e-03 -1.000 1.522e-02 -1.190 2.830 1.213 -0.247 -1.075 -1.768 -2.782 -3.527 -3.693
0.0152 0.01508 9.84510 1.1425656080 2.4985309498    1.134  2.425  3.6017  1.427    3  0.000  0.428     0.00     0.00     0.00     0.00     0.00 -1 -4.85e-10      0.00 6.893e-01 2.955e-01 2.139e-03 1.336e-03 6.666e-03 -1.000 1.522e-02 -1.291 2.831 1.167 -0.310 -1.152 -1.861 -2.891 -3.644 -3.814
0.0152 0.01508 9.84510 1.1426132917 2.4985382958    1.133  2.466  3.5984  1.372    3  0.000  0.428     0.00     0.00     0.00     0.00     0.00 -1 -5.69e-10      0.00 6.893e-01 2.955e-01 2.139e-03 1.337e-03 6.666e-03 -1.000 1.522e-02 -1.395 2.829 1.123 -0.372 -1.227 -1.956 -3.002 -3.764 -3.939
0.0152 0.01508 9.84510 1.1426556110 2.4985448148    1.133  2.506  3.5953  1.319    3  0.000  0.428    11.05     8.09     5.69     4.37     3.55  4 -6.63e-10      0.00 6.893e-01 2.955e-01 2.139e-03 1.337e-03 6.666e-03 -1.000 1.522e-02 -1.494 2.826 1.083 -0.426 -1.295 -2.046 -3.109 -3.879 -4.059
0.0152 0.01508 9.84510 1.1426953077 2.4985509293    1.132  2.545  3.5920  1.266    3  0.000  0.428    12.33     8.90     6.24     4.79     3.89  4 -7.74e-10      0.00 6.893e-01 2.955e-01 2.139e-03 1.337e-03 6.666e-03 -1.000 1.522e-02 -1.594 2.825 1.045 -0.479 -1.363 -2.136 -3.216 -3.995 -4.180
0.0152 0.01508 9.84510 1.1427322626 2.4985566211    1.131  2.585  3.5887  1.213    3  0.000  0.428    13.76     9.80     6.84     5.26     4.27  4 -9.03e-10      0.00 6.893e-01 2.955e-01 2.139e-03 1.337e-03 6.666e-03 -1.000 1.522e-02 -1.693 2.824 1.009 -0.529 -1.428 -2.226 -3.323 -4.111 -4.301
0.0152 0.01508 9.84510 1.1427648067 2.4985616331    1.131  2.623  3.5855  1.163    3  0.000  0.428    15.28    10.74     7.46     5.75     4.67  4 -1.04e-09      0.00 6.893e-01 2.955e-01 2.139e-03 1.337e-03 6.666e-03 -1.000 1.522e-02 -1.787 2.820 0.980 -0.570 -1.484 -2.309 -3.425 -4.221 -4.416
0.0152 0.01508 9.84510 1.1427960396 2.4985664429    1.130  2.661  3.5822  1.111    3  0.000  0.428    17.00    11.79     8.15     6.29     5.11  3 -1.21e-09      0.00 6.893e-01 2.955e-01 2.139e-03 1.337e-03 6.666e-03 -1.000 1.522e-02 -1.882 2.820 0.951 -0.610 -1.541 -2.394 -3.529 -4.333 -4.533
0.0152 0.01508 9.84510 1.1428253651 2.4985709587    1.129  2.699  3.5788  1.059    3  0.000  0.428    18.94    12.96     8.92     6.89     5.60  3 -1.41e-09      0.00 6.893e-01 2.955e-01 2.139e-03 1.337e-03 6.666e-03 -1.000 1.522e-02 -1.978 2.818 0.927 -0.645 -1.593 -2.478 -3.633 -4.446 -4.651
0.0152 0.01508 9.84510 1.1428515911 2.4985749970    1.128  2.736  3.5756  1.009    3  0.000  0.428    20.98    14.17     9.72     7.52     6.11  3 -1.63e-09      0.00 6.893e-01 2.955e-01 2.139e-03 1.337e-03 6.666e-03 -1.000 1.522e-02 -2.069 2.813 0.910 -0.667 -1.633 -2.556 -3.732 -4.553 -4.764
0.0152 0.01508 9.84510 1.1428821087 2.4985796958    1.127  2.781  3.5714  0.947    3  0.000  0.428    23.86    15.86    10.82     8.39     6.82  3 -1.94e-09      0.00 6.893e-01 2.955e-01 2.139e-03 1.337e-03 6.666e-03 -1.000 1.522e-02 -2.182 2.814 0.894 -0.691 -1.682 -2.653 -3.857 -4.687 -4.904
0.0152 0.01508 9.84510 1.1429101229 2.4985840090    1.126  2.825  3.5671  0.885    3  0.000  0.428    27.13    17.74    12.04     9.35     7.60  3 -2.32e-09      0.00 6.893e-01 2.955e-01 2.139e-03 1.337e-03 6.666e-03 -1.000 1.522e-02 -2.294 2.815 0.892 -0.694 -1.715 -2.744 -3.981 -4.820 -5.044
0.0152 0.01508 9.84510 1.1429357529 2.4985879548    1.124  2.869  3.5629  0.823    3  0.000  0.428    30.77    19.80    13.37    10.40     8.46  3 -2.75e-09      0.00 6.893e-01 2.955e-01 2.139e-03 1.337e-03 6.666e-03 -1.000 1.522e-02 -2.402 2.815 0.897 -0.688 -1.740 -2.831 -4.102 -4.950 -5.181
0.0152 0.01508 9.84510 1.1429594755 2.4985916068    1.123  2.912  3.5585  0.762    3  0.000  0.428    34.90    22.10    14.86    11.57     9.42  2 -3.27e-09      0.00 6.893e-01 2.955e-01 2.139e-03 1.337e-03 6.666e-03 -1.000 1.522e-02 -2.510 2.814 0.911 -0.672 -1.758 -2.915 -4.223 -5.080 -5.317
0.0152 0.01508 9.84510 1.1429812908 2.4985949651    1.121  2.954  3.5542  0.702    3  0.000  0.428    39.52    24.63    16.48    12.86    10.47  2 -3.88e-09      0.00 6.893e-01 2.955e-01 2.139e-03 1.337e-03 6.666e-03 -1.000 1.522e-02 -2.616 2.813 0.939 -0.634 -1.761 -2.991 -4.342 -5.207 -5.452
0.0152 0.01508 9.84510 1.1430009604 2.4985979928    1.119  2.995  3.5500  0.644    3  0.000  0.428    44.57    27.36    18.21    14.23    11.59  2 -4.58e-09      0.00 6.893e-01 2.955e-01 2.138e-03 1.337e-03 6.666e-03 -1.000 1.522e-02 -2.717 2.813 0.970 -0.594 -1.762 -3.064 -4.456 -5.329 -5.581
0.0152 0.01508 9.84510 1.1430196762 2.4986008737    1.117  3.036  3.5456  0.585    3  0.000  0.428    50.33    30.42    20.15    15.78    12.85  2 -5.41e-09      0.00 6.893e-01 2.955e-01 2.138e-03 1.337e-03 6.666e-03 -1.000 1.522e-02 -2.819 2.811 1.023 -0.522 -1.743 -3.122 -4.572 -5.452 -5.712
0.0152 0.01508 9.84510 1.1430367231 2.4986034976    1.115  3.075  3.5413  0.527    3  0.000  0.428    56.66    33.73    22.24    17.44    14.21  2 -6.36e-09      0.00 6.893e-01 2.955e-01 2.138e-03 1.337e-03 6.666e-03 -1.000 1.522e-02 -2.918 2.812 1.080 -0.448 -1.721 -3.178 -4.684 -5.571 -5.839
0.0152 0.01508 9.84510 1.1430524588 2.4986059196    1.113  3.114  3.5370  0.471    3  0.000  0.428    63.68    37.35    24.52    19.25    15.69  2 -7.45e-09      0.00 6.893e-01 2.955e-01 2.138e-03 1.337e-03 6.666e-03 -1.000 1.522e-02 -3.014 2.812 1.156 -0.350 -1.686 -3.220 -4.795 -5.688 -5.963
0.0152 0.01508 9.84510 1.1430672407 2.4986081947    1.110  3.152  3.5327  0.414    3  0.000  0.428    71.56    41.35    27.01    21.25    17.32  2 -8.74e-09      0.00 6.893e-01 2.955e-01 2.138e-03 1.337e-03 6.666e-03 -1.000 1.522e-02 -3.109 2.815 1.246 -0.235 -1.640 -3.255 -4.906 -5.804 -6.087
0.0152 0.01508 9.84510 1.1430808306 2.4986102863    1.107  3.189  3.5283  0.358    3  0.000  0.428    80.33    45.73    29.74    23.43    19.10  2 -1.02e-08      0.00 6.893e-01 2.955e-01 2.138e-03 1.337e-03 6.666e-03 -1.000 1.522e-02 -3.203 2.818 1.348 -0.104 -1.586 -3.277 -5.015 -5.918 -6.210
0.0152 0.01508 9.84510 1.1430935860 2.4986122494    1.104  3.225  3.5239  0.303    3  0.000  0.428    89.93    50.45    32.66    25.77    21.01  2 -1.19e-08      0.00 6.893e-01 2.955e-01 2.138e-03 1.337e-03 6.666e-03 -1.000 1.522e-02 -3.293 2.822 1.472 0.052 -1.516 -3.278 -5.120 -6.028 -6.329
0.0152 0.01508 9.84510 1.1431053877 2.4986140656    1.100  3.261  3.5196  0.249    3  0.000  0.428   100.55    55.60    35.84    28.32    23.09  1 -1.39e-08      0.00 6.893e-01 2.955e-01 2.138e-03 1.337e-03 6.666e-03 -1.000 1.522e-02 -3.382 2.828 1.604 0.216 -1.441 -3.274 -5.224 -6.136 -6.446
0.0152 0.01508 9.84510 1.1431164742 2.4986157718    1.097  3.295  3.5153  0.196    3  0.000  0.428   112.23    61.17    39.26    31.07    25.34  1 -1.61e-08      0.00 6.893e-01 2.955e-01 2.138e-03 1.337e-03 6.666e-03 -1.000 1.522e-02 -3.468 2.836 1.765 0.426 -1.337 -3.233 -5.324 -6.241 -6.560
0.0152 0.01508 9.84510 1.1431268454 2.4986173678    1.093  3.329  3.5110  0.144    3  0.000  0.428   125.02    67.19    42.93    34.03    27.76  1 -1.86e-08      0.00 6.893e-01 2.955e-01 2.138e-03 1.337e-03 6.666e-03 -1.000 1.522e-02 -3.552 2.845 1.928 0.638 -1.230 -3.190 -5.422 -6.343 -6.672
0.0152 0.01508 9.84510 1.1431368589 2.4986189088    1.088  3.362  3.5067  0.092    3  0.000  0.428   139.09    73.70    46.89    37.23    30.38  1 -2.15e-08      0.00 6.893e-01 2.955e-01 2.138e-03 1.337e-03 6.666e-03 -1.000 1.522e-02 -3.635 2.847 2.062 0.814 -1.144 -3.152 -5.518 -6.443 -6.780
0.0152 0.01508 9.84510 1.1431488991 2.4986207616    1.082  3.401  3.5017  0.030    3  0.000  0.428   157.91    82.27    52.08    41.42    33.81  1 -2.57e-08      0.00 6.893e-01 2.955e-01 2.138e-03 1.337e-03 6.666e-03 -1.000 1.522e-02 -3.732 2.852 2.232 1.033 -1.032 -3.095 -5.631 -6.562 -6.908
0.0152 0.01508 9.84510 1.1431488991 2.4986207616    1.082  1.704  3.6686  2.395    4  0.000  0.443     0.00     0.00     0.00     0.00     0.00 -1    -1e-30      0.00 6.909e-01 2.939e-01 2.214e-03 1.239e-03 6.655e-03 -1.000 1.521e-02 0.511 3.008 2.009 0.933 0.305 -0.197 -0.938 -1.529 -1.613
0.0152 0.01508 9.84510 1.1432827711 2.4986413596    1.082  1.713  3.6679  2.383    4  0.000  0.443     0.00     0.00     0.00     0.00     0.00 -1    -1e-30      0.00 6.909e-01 2.939e-01 2.213e-03 1.240e-03 6.655e-03 -1.000 1.521e-02 0.487 3.004 1.995 0.914 0.283 -0.220 -0.964 -1.557 -1.642
0.0152 0.01508 9.84510 1.1434201002 2.4986624837    1.082  1.717  3.6676  2.378    4  0.000  0.443     0.00     0.00     0.00     0.00     0.00 -1    -1e-30      0.00 6.909e-01 2.939e-01 2.213e-03 1.240e-03 6.655e-03 -1.000 1.521e-02 0.477 3.000 1.987 0.905 0.273 -0.230 -0.975 -1.569 -1.654
0.0152 0.01508 9.84510 1.1435587406 2.4986838037    1.082  1.717  3.6679  2.379    4  0.000  0.443     0.00     0.00     0.00     0.00     0.00 -1    -1e-30      0.00 6.909e-01 2.939e-01 2.213e-03 1.240e-03 6.655e-03 -1.000 1.521e-02 0.478 2.995 1.985 0.904 0.273 -0.230 -0.974 -1.566 -1.652
0.0152 0.01508 9.84510 1.1437013149 2.4987057223    1.082  1.715  3.6683  2.383    4  0.000  0.443     0.00     0.00     0.00     0.00     0.00 -1    -1e-30      0.00 6.909e-01 2.939e-01 2.213e-03 1.240e-03 6.655e-03 -1.000 1.521e-02 0.483 2.990 1.985 0.906 0.277 -0.225 -0.968 -1.559 -1.644
0.0152 0.01508 9.84510 1.1438435316 2.4987275798    1.082  1.713  3.6688  2.387    4  0.000  0.443     0.00     0.00     0.00     0.00     0.00 -1    -1e-30      0.00 6.909e-01 2.939e-01 2.213e-03 1.240e-03 6.655e-03 -1.000 1.521e-02 0.489 2.984 1.985 0.909 0.282 -0.219 -0.960 -1.550 -1.634
0.0152 0.01508 9.84510 1.1439837217 2.4987491196    1.083  1.710  3.6693  2.392    4  0.000  0.443     0.00     0.00     0.00     0.00     0.00 -1    -1e-30      0.00 6.909e-01 2.939e-01 2.213e-03 1.241e-03 6.655e-03 -1.000 1.521e-02 0.495 2.978 1.986 0.912 0.286 -0.213 -0.953 -1.541 -1.625
0.0152 0.01508 9.84510 1.1441234350 2.4987705802    1.083  1.708  3.6697  2.396    4  0.000  0.443     0.00     0.00     0.00     0.00     0.00 -1    -1e-30      0.00 6.909e-01 2.939e-01 2.212e-03 1.241e-03 6.655e-03 -1.000 1.521e-02 0.501 2.972 1.986 0.915 0.291 -0.208 -0.945 -1.532 -1.616
0.0152 0.01508 9.84510 1.1442674398 2.4987926936    1.083  1.705  3.6702  2.400    4  0.000  0.443     0.00     0.00     0.00     0.00     0.00 -1    -1e-30      0.00 6.909e-01 2.939e-01 2.212e-03 1.241e-03 6.655e-03 -1.000 1.521e-02 0.507 2.967 1.987 0.918 0.296 -0.202 -0.938 -1.523 -1.607
0.0152 0.01508 9.84510 1.1444004774 2.4988131172    1.083  1.703  3.6705  2.404    4  0.000  0.443     0.00     0.00     0.00     0.00     0.00 -1    -1e-30      0.00 6.909e-01 2.939e-01 2.212e-03 1.241e-03 6.655e-03 -1.000 1.521e-02 0.512 2.963 1.988 0.921 0.300 -0.197 -0.932 -1.516 -1.599
0.0152 0.01508 9.84510 1.1445353031 2.4988338098    1.083  1.702  3.6709  2.407    4  0.000  0.443     0.00     0.00     0.00     0.00     0.00 -1    -1e-30      0.00 6.909e-01 2.939e-01 2.212e-03 1.242e-03 6.655e-03 -1.000 1.521e-02 0.516 2.959 1.988 0.923 0.303 -0.193 -0.926 -1.510 -1.593
0.0152 0.01508 9.84510 1.1446707249 2.4988545882    1.083  1.700  3.6712  2.410    4  0.000  0.443     0.00     0.00     0.00     0.00     0.00 -1    -1e-30      0.00 6.908e-01 2.939e-01 2.212e-03 1.242e-03 6.655e-03 -1.000 1.521e-02 0.520 2.955 1.988 0.925 0.306 -0.190 -0.922 -1.504 -1.587
0.0152 0.01508 9.84510 1.1448049545 2.4988751781    1.084  1.699  3.6715  2.412    4  0.000  0.443     0.00     0.00     0.00     0.00     0.00 -1    -1e-30      0.00 6.908e-01 2.939e-01 2.212e-03 1.242e-03 6.655e-03 -1.000 1.521e-02 0.523 2.951 1.988 0.926 0.308 -0.187 -0.918 -1.499 -1.582
0.0152 0.01508 9.84510 1.1449382305 2.4988956162    1.084  1.698  3.6718  2.414    4  0.000  0.443     0.00     0.00     0.00     0.00     0.00 -1    -1e-30      0.00 6.908e-01 2.939e-01 2.211e-03 1.242e-03 6.656e-03 -1.000 1.521e-02 0.526 2.947 1.987 0.927 0.310 -0.184 -0.914 -1.494 -1.577
0.0152 0.01508 9.84510 1.1450803280 2.4989174011    1.084  1.697  3.6721  2.417    4  0.000  0.443     0.00     0.00     0.00     0.00     0.00 -1    -1e-30      0.00 6.908e-01 2.940e-01 2.211e-03 1.243e-03 6.656e-03 -1.000 1.521e-02 0.528 2.943 1.987 0.928 0.312 -0.182 -0.911 -1.490 -1.573
0.0152 0.01508 9.84510 1.1451131105 2.4989224261    1.084  1.697  3.6721  2.417    4  0.000  0.443     0.00     0.00     0.00     0.00     0.00 -1    -1e-30      0.00 6.908e-01 2.940e-01 2.211e-03 1.243e-03 6.656e-03 -1.000 1.521e-02 0.529 2.942 1.987 0.928 0.312 -0.182 -0.910 -1.490 -1.572
0.0152 0.01508 9.84510 1.1452531815 2.4989438928    1.084  1.696  3.6723  2.419    4  0.000  0.443     0.00     0.00     0.00     0.00     0.00 -1    -1e-30      0.00 6.908e-01 2.940e-01 2.211e-03 1.243e-03 6.656e-03 -1.000 1.521e-02 0.531 2.939 1.986 0.929 0.313 -0.180 -0.908 -1.486 -1.569
0.0152 0.01508 9.84510 1.1453871727 2.4989644221    1.084  1.695  3.6725  2.420    4  0.000  0.443     0.00     0.00     0.00     0.00     0.00 -1    -1e-30      0.00 6.908e-01 2.940e-01 2.211e-03 1.243e-03 6.656e-03 -1.000 1.521e-02 0.532 2.935 1.985 0.929 0.314 -0.179 -0.906 -1.484 -1.566
0.0152 0.01508 9.84510 1.1455205679 2.4989848546    1.084  1.695  3.6727  2.421    4  0.000  0.443     0.00     0.00     0.00     0.00     0.00 -1    -1e-30      0.00 6.908e-01 2.940e-01 2.211e-03 1.243e-03 6.656e-03 -1.000 1.521e-02 0.532 2.932 1.984 0.928 0.314 -0.178 -0.905 -1.482 -1.565
0.0152 0.01508 9.84510 1.1456608772 2.4990063402    1.085  1.695  3.6728  2.421    4  0.000  0.443     0.00     0.00     0.00     0.00     0.00 -1    -1e-30      0.00 6.908e-01 2.940e-01 2.211e-03 1.243e-03 6.656e-03 -1.000 1.521e-02 0.532 2.929 1.982 0.927 0.313 -0.179 -0.904 -1.482 -1.564
0.0152 0.01508 9.84510 1.1457936764 2.4990266703    1.085  1.695  3.6729  2.421    4  0.000  0.443     0.00     0.00     0.00     0.00     0.00 -1    -1e-30      0.00 6.908e-01 2.940e-01 2.210e-03 1.244e-03 6.656e-03 -1.000 1.521e-02 0.531 2.927 1.980 0.926 0.312 -0.180 -0.905 -1.482 -1.564
0.0152 0.01508 9.84510 1.1459374428 2.4990486732    1.085  1.696  3.6729  2.421    4  0.000  0.443     0.00     0.00     0.00     0.00     0.00 -1    -1e-30      0.00 6.908e-01 2.940e-01 2.210e-03 1.244e-03 6.656e-03 -1.000 1.521e-02 0.529 2.924 1.978 0.924 0.310 -0.181 -0.907 -1.484 -1.566
0.0152 0.01508 9.84510 1.1460745335 2.4990696484    1.085  1.697  3.6729  2.420    4  0.000  0.443     0.00     0.00     0.00     0.00     0.00 -1    -1e-30      0.00 6.908e-01 2.940e-01 2.210e-03 1.244e-03 6.656e-03 -1.000 1.521e-02 0.527 2.922 1.976 0.921 0.308 -0.184 -0.910 -1.487 -1.569
0.0152 0.01508 9.84510 1.1460832357 2.4990709797    1.085  1.697  3.6729  2.420    4  0.000  0.443     0.00     0.00     0.00     0.00     0.00 -1    -1e-30      0.00 6.908e-01 2.940e-01 2.210e-03 1.244e-03 6.656e-03 -1.000 1.521e-02 0.526 2.921 1.975 0.921 0.307 -0.184 -0.910 -1.487 -1.569
0.0152 0.01508 9.84510 1.1461595297 2.4990826502    1.085  1.698  3.6729  2.419    4  0.000  0.443     0.00     0.00     0.00     0.00     0.00 -1    -1e-30      0.00 6.908e-01 2.940e-01 2.210e-03 1.244e-03 6.656e-03 -1.000 1.521e-02 0.524 2.920 1.974 0.919 0.305 -0.187 -0.912 -1.489 -1.571
0.0152 0.01508 9.84510 1.1462949514 2.4991033610    1.085  1.700  3.6728  2.417    4  0.000  0.443     0.00     0.00     0.00     0.00     0.00 -1    -1e-30      0.00 6.908e-01 2.940e-01 2.210e-03 1.245e-03 6.656e-03 -1.000 1.521e-02 0.520 2.918 1.970 0.915 0.301 -0.191 -0.917 -1.494 -1.577
0.0152 0.01508 9.84510 1.1464266777 2.4991235011    1.086  1.702  3.6727  2.414    4  0.000  0.443     0.00     0.00     0.00     0.00     0.00 -1    -1e-30      0.00 6.908e-01 2.940e-01 2.210e-03 1.245e-03 6.656e-03 -1.000 1.521e-02 0.514 2.916 1.966 0.910 0.296 -0.197 -0.923 -1.501 -1.583
0.0152 0.01508 9.84510 1.1465587616 2.4991436906    1.086  1.705  3.6724  2.410    4  0.000  0.443     0.00     0.00     0.00     0.00     0.00 -1    -1e-30      0.00 6.908e-01 2.940e-01 2.210e-03 1.245e-03 6.656e-03 -1.000 1.521e-02 0.507 2.915 1.962 0.904 0.289 -0.204 -0.931 -1.510 -1.592
0.0152 0.01508 9.84510 1.1466933489 2.4991642573    1.086  1.709  3.6721  2.405    4  0.000  0.443     0.00     0.00     0.00     0.00     0.00 -1    -1e-30      0.00 6.908e-01 2.940e-01 2.209e-03 1.245e-03 6.656e-03 -1.000 1.521e-02 0.497 2.913 1.956 0.896 0.280 -0.213 -0.942 -1.521 -1.604
0.0152 0.01508 9.84510 1.1468280554 2.4991848366    1.086  1.714  3.6717  2.399    4  0.000  0.442     0.00     0.00     0.00     0.00     0.00 -1    -1e-30      0.00 6.908e-01 2.940e-01 2.209e-03 1.245e-03 6.656e-03 -1.000 1.521e-02 0.486 2.912 1.949 0.887 0.270 -0.224 -0.954 -1.535 -1.617
0.0152 0.01508 9.84510 1.1469613314 2.4992051919    1.086  1.719  3.6713  2.392    4  0.000  0.442     0.00     0.00     0.00     0.00     0.00 -1    -1e-30      0.00 6.908e-01 2.940e-01 2.209e-03 1.246e-03 6.656e-03 -1.000 1.521e-02 0.473 2.910 1.942 0.877 0.258 -0.237 -0.969 -1.550 -1.633
0.0152 0.01508 9.84510 1.1470952034 2.4992256327    1.086  1.725  3.6708  2.384    4  0.000  0.442     0.00     0.00     0.00     0.00     0.00 -1    -1e-30      0.00 6.908e-01 2.940e-01 2.209e-03 1.246e-03 6.656e-03 -1.000 1.521e-02 0.458 2.909 1.933 0.865 0.245 -0.252 -0.985 -1.568 -1.652
0.0152 0.01508 9.84510 1.1472272873 2.4992457952    1.087  1.732  3.6701  2.374    4  0.000  0.442     0.00     0.00     0.00     0.00     0.00 -1    -1e-30      0.00 6.908e-01 2.940e-01 2.209e-03 1.246e-03 6.656e-03 -1.000 1.521e-02 0.440 2.908 1.923 0.851 0.228 -0.270 -1.006 -1.591 -1.674
0.0152 0.01508 9.84510 1.1473684311 2.4992673347    1.087  1.740  3.6693  2.363    4  0.000  0.442     0.00     0.00     0.00     0.00     0.00 -1    -1e-30      0.00 6.908e-01 2.940e-01 2.209e-03 1.246e-03 6.656e-03 -1.000 1.521e-02 0.419 2.908 1.912 0.835 0.210 -0.290 -1.029 -1.616 -1.701
0.0152 0.01508 9.84510 1.1475005150 2.4992874861    1.087  1.742  3.6692  2.361    4  0.000  0.442     0.00     0.00     0.00     0.00     0.00 -1    -1e-30      0.00 6.908e-01 2.940e-01 2.208e-03 1.246e-03 6.656e-03 -1.000 1.521e-02 0.415 2.906 1.908 0.832 0.206 -0.294 -1.033 -1.621 -1.705
0.0152 0.01508 9.84510 1.1476341486 2.4993078685    1.087  1.767  3.6669  2.327    4  0.000  0.442     0.00     0.00     0.00     0.00     0.00 -1    -1e-30      0.00 6.908e-01 2.940e-01 2.208e-03 1.247e-03 6.657e-03 -1.000 1.521e-02 0.353 2.905 1.876 0.785 0.151 -0.354 -1.102 -1.696 -1.782
0.0152 0.01508 9.84510 1.1477586031 2.4993268460    1.087  1.806  3.6633  2.273    4  0.000  0.442     0.00     0.00     0.00     0.00     0.00 -1    -1e-30      0.00 6.908e-01 2.940e-01 2.208e-03 1.247e-03 6.657e-03 -1.000 1.521e-02 0.255 2.902 1.822 0.710 0.064 -0.449 -1.212 -1.816 -1.904
0.0152 0.01508 9.84510 1.1478196383 2.4993361512    1.087  1.845  3.6598  2.221    4  0.000  0.442     0.00     0.00     0.00     0.00     0.00 -1    -1e-30      0.00 6.908e-01 2.940e-01 2.208e-03 1.247e-03 6.657e-03 -1.000 1.521e-02 0.158 2.901 1.770 0.637 -0.022 -0.543 -1.319 -1.934 -2.024
0.0152 0.01508 9.84510 1.1478534937 2.4993413122    1.087  1.887  3.6561  2.164    4  0.000  0.442     0.00     0.00     0.00     0.00     0.00 -1    -1e-30      0.00 6.908e-01 2.940e-01 2.208e-03 1.247e-03 6.657e-03 -1.000 1.521e-02 0.053 2.902 1.716 0.559 -0.114 -0.644 -1.435 -2.061 -2.154
0.0152 0.01508 9.84510 1.1478697062 2.4993437836    1.087  1.926  3.6526  2.111    4  0.000  0.442     0.00     0.00     0.00     0.00     0.00 -1    -1e-30      0.00 6.908e-01 2.940e-01 2.208e-03 1.247e-03 6.657e-03 -1.000 1.521e-02 -0.044 2.903 1.665 0.488 -0.198 -0.737 -1.542 -2.179 -2.274
0.0152 0.01508 9.84510 1.1478780508 2.4993450556    1.087  1.963  3.6493  2.061    4  0.000  0.442     0.00     0.00     0.00     0.00     0.00 -1    -1e-30      0.00 6.908e-01 2.940e-01 2.208e-03 1.247e-03 6.657e-03 -1.000 1.521e-02 -0.137 2.905 1.618 0.419 -0.279 -0.826 -1.644 -2.291 -2.388
0.0152 0.01508 9.84510 1.1478829384 2.4993458006    1.087  2.000  3.6461  2.010    4  0.000  0.442     0.00     0.00     0.00     0.00     0.00 -1    -1e-30      0.00 6.908e-01 2.940e-01 2.208e-03 1.247e-03 6.657e-03 -1.000 1.521e-02 -0.230 2.909 1.572 0.352 -0.359 -0.915 -1.746 -2.403 -2.503
0.0152 0.01508 9.84510 1.1478861570 2.4993462912    1.087  2.038  3.6428  1.959    4  0.000  0.442     0.00     0.00     0.00     0.00     0.00 -1    -1e-30      0.00 6.908e-01 2.940e-01 2.208e-03 1.247e-03 6.657e-03 -1.000 1.521e-02 -0.326 2.895 1.525 0.281 -0.440 -1.005 -1.849 -2.513 -2.617
0.0152 0.01508 9.84510 1.1478878260 2.4993465456    1.087  2.064  3.6406  1.925    4  0.000  0.442     0.00     0.00     0.00     0.00     0.00 -1    -1e-30      0.00 6.908e-01 2.940e-01 2.208e-03 1.247e-03 6.657e-03 -1.000 1.521e-02 -0.389 2.882 1.493 0.233 -0.494 -1.064 -1.917 -2.584 -2.691
0.0152 0.01508 9.84510 1.1478879452 2.4993465637    1.087  2.064  3.6405  1.924    7  0.000  0.442     0.00     0.00     0.00     0.00     0.00 -1    -1e-30      0.00 6.908e-01 2.940e-01 2.208e-03 1.247e-03 6.657e-03 -1.000 1.521e-02 -0.391 2.881 1.492 0.232 -0.496 -1.065 -1.919 -2.586 -2.693
0.0152 0.01508 9.84510 1.1478885412 2.4993466546    1.087  2.076  3.6395  1.908    7  0.000  0.442     0.00     0.00     0.00     0.00     0.00 -1    -1e-30      0.00 6.908e-01 2.940e-01 2.208e-03 1.247e-03 6.657e-03 -1.000 1.521e-02 -0.421 2.874 1.478 0.210 -0.521 -1.093 -1.951 -2.620 -2.729
0.0152 0.01508 9.84510 1.1478908062 2.4993469998    1.087  2.117  3.6361  1.854    7  0.000  0.442     0.00     0.00     0.00     0.00     0.00 -1    -1e-30      0.00 6.908e-01 2.940e-01 2.208e-03 1.247e-03 6.657e-03 -1.000 1.521e-02 -0.523 2.850 1.427 0.135 -0.605 -1.187 -2.060 -2.735 -2.849
0.0152 0.01508 9.84510 1.1478925943 2.4993472724    1.087  2.150  3.6333  1.809    7  0.000  0.442     0.00     0.00     0.00     0.00     0.00 -1    -1e-30      0.00 6.908e-01 2.940e-01 2.208e-03 1.247e-03 6.657e-03 -1.000 1.521e-02 -0.605 2.828 1.386 0.074 -0.674 -1.263 -2.148 -2.828 -2.946
0.0152 0.01508 9.84510 1.1478946209 2.4993475813    1.087  2.173  3.6313  1.778    7  0.000  0.442     0.00     0.00     0.00     0.00     0.00 -1    -1e-30      0.00 6.908e-01 2.940e-01 2.208e-03 1.247e-03 6.657e-03 -1.000 1.521e-02 -0.664 2.812 1.356 0.030 -0.722 -1.317 -2.210 -2.893 -3.015
0.0152 0.01508 9.84510 1.1478966475 2.4993478902    1.087  2.191  3.6298  1.755    7  0.000  0.442     0.00     0.00     0.00     0.00     0.00 -1    -1e-30      0.00 6.908e-01 2.940e-01 2.208e-03 1.247e-03 6.657e-03 -1.000 1.521e-02 -0.708 2.798 1.333 -0.003 -0.759 -1.357 -2.257 -2.942 -3.067
0.0152 0.01508 9.84510 1.1479022503 2.4993487442    1.087  2.172  3.6315  1.781    7  0.000  0.442     0.00     0.00     0.00     0.00     0.00 -1 -1.45e-30      0.00 6.908e-01 2.940e-01 2.208e-03 1.247e-03 6.657e-03 -1.000 1.522e-02 -0.659 2.811 1.357 0.033 -0.719 -1.313 -2.205 -2.888 -3.009
0.0152 0.01508 9.84510 1.1479061842 2.4993493438    1.087  2.153  3.6331  1.806    7  0.000  0.442     0.00     0.00     0.00     0.00     0.00 -1 -2.82e-29      0.00 6.908e-01 2.940e-01 2.208e-03 1.247e-03 6.657e-03 -1.000 1.528e-02 -0.612 2.825 1.381 0.068 -0.680 -1.270 -2.155 -2.835 -2.954
0.0152 0.01508 9.84510 1.1479148865 2.4993506702    1.087  2.128  3.6351  1.838    7  0.000  0.442     0.00     0.00     0.00     0.00     0.00 -1 -5.09e-27      0.00 6.908e-01 2.938e-01 2.208e-03 1.247e-03 6.657e-03 -1.000 1.540e-02 -0.551 2.842 1.413 0.114 -0.628 -1.213 -2.090 -2.767 -2.882
0.0152 0.01508 9.84510 1.1479328871 2.4993534138    1.087  2.122  3.6356  1.846    7  0.000  0.442     0.00     0.00     0.00     0.00     0.00 -1  -9.8e-24      0.00 6.908e-01 2.937e-01 2.208e-03 1.247e-03 6.657e-03 -1.000 1.556e-02 -0.536 2.847 1.421 0.125 -0.616 -1.200 -2.074 -2.750 -2.865
0.0152 0.01508 9.84510 1.1480290890 2.4993680748    1.087  2.137  3.6343  1.826    7  0.000  0.442     0.00     0.00     0.00     0.00     0.00 -1 -1.35e-10      0.00 6.908e-01 2.930e-01 2.208e-03 1.247e-03 6.657e-03 -1.000 1.624e-02 -0.572 2.838 1.403 0.099 -0.646 -1.233 -2.113 -2.791 -2.908
0.0152 0.01508 9.84510 1.1480920315 2.4993776656    1.086  2.179  3.6308  1.770    7  0.000  0.442     0.00     0.00     0.00     0.00     0.00 -1 -6.61e-10      0.00 6.908e-01 2.930e-01 2.208e-03 1.247e-03 6.657e-03 -1.000 1.627e-02 -0.676 2.810 1.350 0.021 -0.732 -1.328 -2.223 -2.908 -3.030
0.0152 0.01508 9.84510 1.1481451988 2.4993857660    1.085  2.223  3.6270  1.710    7  0.000  0.442     0.00     0.00     0.00     0.00     0.00 -1  -8.3e-10      0.00 6.908e-01 2.930e-01 2.208e-03 1.248e-03 6.657e-03 -1.000 1.627e-02 -0.788 2.775 1.294 -0.059 -0.822 -1.430 -2.342 -3.033 -3.162
0.0152 0.01508 9.84510 1.1481904984 2.4993926669    1.084  2.267  3.6232  1.651    7  0.000  0.442     0.00     0.00     0.00     0.00     0.00 -1 -1.04e-09      0.00 6.908e-01 2.930e-01 2.208e-03 1.248e-03 6.657e-03 -1.000 1.627e-02 -0.897 2.739 1.238 -0.138 -0.910 -1.529 -2.458 -3.155 -3.291
0.0152 0.01508 9.84510 1.1482284069 2.4993984415    1.083  2.310  3.6196  1.593    7  0.000  0.442     0.00     0.00     0.00     0.00     0.00 -1 -1.28e-09      0.00 6.908e-01 2.930e-01 2.207e-03 1.248e-03 6.657e-03 -1.000 1.627e-02 -1.004 2.701 1.182 -0.215 -0.995 -1.625 -2.570 -3.274 -3.418
0.0152 0.01508 9.84510 1.1482605934 2.4994033441    1.082  2.351  3.6160  1.537    7  0.000  0.442     0.00     0.00     0.00     0.00     0.00 -1 -1.58e-09      0.00 6.908e-01 2.930e-01 2.207e-03 1.248e-03 6.657e-03 -1.000 1.627e-02 -1.108 2.662 1.129 -0.288 -1.075 -1.718 -2.680 -3.390 -3.541
0.0152 0.01508 9.84510 1.1482884884 2.4994075927    1.081  2.392  3.6125  1.482    7  0.000  0.442     0.00     0.00     0.00     0.00     0.00 -1 -1.95e-09      0.00 6.908e-01 2.930e-01 2.207e-03 1.248e-03 6.657e-03 -1.000 1.627e-02 -1.211 2.640 1.079 -0.357 -1.155 -1.810 -2.789 -3.507 -3.664
0.0152 0.01508 9.84510 1.1483131647 2.4994113509    1.080  2.433  3.6089  1.426    7  0.000  0.442     0.00     0.00     0.00     0.00     0.00 -1 -2.39e-09      0.00 6.908e-01 2.930e-01 2.207e-03 1.248e-03 6.657e-03 -1.000 1.627e-02 -1.314 2.651 1.037 -0.420 -1.233 -1.904 -2.900 -3.628 -3.790
0.0152 0.01508 9.84510 1.1483353376 2.4994147277    1.079  2.474  3.6054  1.370    7  0.000  0.442     0.00     0.00     0.00     0.00     0.00 -1 -2.95e-09      0.00 6.908e-01 2.930e-01 2.207e-03 1.248e-03 6.657e-03 -1.000 1.627e-02 -1.416 2.661 0.997 -0.479 -1.307 -1.997 -3.010 -3.748 -3.916
0.0152 0.01508 9.84510 1.1483557224 2.4994178321    1.078  2.515  3.6017  1.314    7  0.000  0.442    10.98     8.07     5.67     4.36     3.54  4 -3.59e-09      0.00 6.908e-01 2.930e-01 2.207e-03 1.248e-03 6.657e-03 -1.000 1.627e-02 -1.519 2.673 0.958 -0.538 -1.382 -2.090 -3.121 -3.869 -4.042
0.0152 0.01508 9.84510 1.1483746767 2.4994207184    1.076  2.556  3.5972  1.254    7  0.000  0.442    12.42     8.98     6.28     4.84     3.93  4 -4.37e-09      0.00 6.907e-01 2.930e-01 2.207e-03 1.248e-03 6.657e-03 -1.000 1.627e-02 -1.621 2.702 0.936 -0.580 -1.444 -2.180 -3.234 -3.995 -4.174
0.0152 0.01508 9.84510 1.1483923197 2.4994234050    1.074  2.597  3.5915  1.190    7  0.000  0.442    14.19    10.09     7.02     5.41     4.40  3 -5.38e-09      0.00 6.907e-01 2.930e-01 2.205e-03 1.249e-03 6.657e-03 -1.000 1.626e-02 -1.723 2.756 0.937 -0.602 -1.490 -2.265 -3.348 -4.126 -4.313
0.0152 0.01508 9.84510 1.1484050751 2.4994253473    1.073  2.628  3.5872  1.141    7  0.000  0.441    15.69    11.01     7.63     5.89     4.79  3 -6.25e-09      0.00 6.907e-01 2.930e-01 2.203e-03 1.250e-03 6.657e-03 -1.000 1.624e-02 -1.800 2.791 0.941 -0.611 -1.519 -2.328 -3.435 -4.225 -4.418
0.0152 0.01508 9.84510 1.1484211683 2.4994277978    1.070  2.669  3.5831  1.083    7  0.000  0.440    17.70    12.23     8.43     6.53     5.30  3 -7.61e-09      0.00 6.907e-01 2.930e-01 2.199e-03 1.254e-03 6.657e-03 -1.000 1.624e-02 -1.902 2.804 0.922 -0.644 -1.572 -2.417 -3.547 -4.348 -4.548
0.0152 0.01508 9.84510 1.1484360695 2.4994300666    1.068  2.709  3.5791  1.026    7  0.000  0.439    19.91    13.55     9.30     7.20     5.85  3 -9.23e-09      0.00 6.907e-01 2.930e-01 2.194e-03 1.260e-03 6.657e-03 -1.000 1.624e-02 -2.002 2.812 0.903 -0.675 -1.623 -2.503 -3.656 -4.467 -4.673
0.0152 0.01508 9.84510 1.1484501362 2.4994322084    1.064  2.748  3.5751  0.969    7  0.000  0.438    22.37    15.00    10.24     7.95     6.46  3 -1.12e-08      0.00 6.907e-01 2.930e-01 2.188e-03 1.267e-03 6.657e-03 -1.000 1.624e-02 -2.101 2.819 0.896 -0.689 -1.659 -2.586 -3.766 -4.586 -4.798
0.0152 0.01508 9.84510 1.1484632492 2.4994342049    1.061  2.789  3.5709  0.910    7  0.000  0.437    25.26    16.67    11.33     8.81     7.16  3 -1.36e-08      0.00 6.907e-01 2.930e-01 2.183e-03 1.274e-03 6.657e-03 -1.000 1.624e-02 -2.203 2.829 0.892 -0.701 -1.696 -2.672 -3.879 -4.709 -4.928
0.0152 0.01508 9.84510 1.1484732628 2.4994357295    1.058  2.829  3.5668  0.853    7  0.000  0.436    28.45    18.48    12.51     9.74     7.92  3 -1.63e-08      0.00 6.907e-01 2.930e-01 2.178e-03 1.280e-03 6.657e-03 -1.000 1.624e-02 -2.302 2.836 0.900 -0.693 -1.717 -2.751 -3.991 -4.829 -5.055
0.0152 0.01508 9.84510 1.1484799385 2.4994367458    1.055  2.865  3.5628  0.800    7  0.000  0.435    31.74    20.33    13.70    10.68     8.69  2 -1.93e-08      0.00 6.907e-01 2.930e-01 2.173e-03 1.285e-03 6.657e-03 -1.000 1.624e-02 -2.392 2.843 0.913 -0.678 -1.731 -2.822 -4.093 -4.940 -5.171
0.0152 0.01508 9.84510 1.1484851837 2.4994375444    1.053  2.902  3.5587  0.746    7  0.000  0.434    35.51    22.41    15.03    11.74     9.55  2  -2.3e-08      0.00 6.907e-01 2.930e-01 2.170e-03 1.289e-03 6.657e-03 -1.000 1.624e-02 -2.485 2.851 0.935 -0.652 -1.738 -2.891 -4.198 -5.053 -5.291
0.0152 0.01508 9.84510 1.1484899521 2.4994382703    1.051  2.940  3.5544  0.688    7  0.000  0.434    39.96    24.83    16.58    12.97    10.55  2 -2.74e-08      0.00 6.907e-01 2.930e-01 2.167e-03 1.293e-03 6.657e-03 -1.000 1.624e-02 -2.581 2.857 0.974 -0.603 -1.730 -2.957 -4.307 -5.171 -5.416
0.0152 0.01508 9.84510 1.1484943628 2.4994389418    1.048  2.978  3.5499  0.631    7  0.000  0.433    44.98    27.52    18.29    14.33    11.66  2 -3.26e-08      0.00 6.907e-01 2.930e-01 2.164e-03 1.297e-03 6.657e-03 -1.000 1.624e-02 -2.676 2.865 1.017 -0.550 -1.719 -3.022 -4.415 -5.288 -5.541
0.0152 0.01508 9.84510 1.1484984159 2.4994395589    1.044  3.016  3.5454  0.574    7  0.000  0.433    50.63    30.50    20.17    15.83    12.89  2 -3.88e-08      0.00 6.907e-01 2.930e-01 2.162e-03 1.299e-03 6.657e-03 -1.000 1.624e-02 -2.771 2.872 1.083 -0.463 -1.688 -3.071 -4.525 -5.405 -5.665
0.0152 0.01508 9.84510 1.1485024691 2.4994401759    1.041  3.056  3.5405  0.513    7  0.000  0.433    57.38    33.99    22.37    17.59    14.32  2 -4.66e-08      0.00 6.907e-01 2.930e-01 2.160e-03 1.301e-03 6.657e-03 -1.000 1.622e-02 -2.870 2.881 1.159 -0.366 -1.650 -3.122 -4.639 -5.527 -5.796
0.0152 0.01508 9.84510 1.1485066414 2.4994408111    1.036  3.096  3.5353  0.451    7  0.000  0.432    65.33    38.04    24.91    19.62    15.98  2 -5.59e-08      0.00 6.907e-01 2.931e-01 2.160e-03 1.302e-03 6.657e-03 -1.000 1.620e-02 -2.970 2.893 1.272 -0.223 -1.586 -3.153 -4.757 -5.652 -5.931
0.0152 0.01508 9.84510 1.1485109329 2.4994414644    1.030  3.133  3.5303  0.391    7  0.000  0.432    73.89    42.32    27.57    21.75    17.72  2 -6.68e-08      0.00 6.907e-01 2.931e-01 2.159e-03 1.302e-03 6.657e-03 -1.000 1.619e-02 -3.063 2.908 1.389 -0.075 -1.518 -3.176 -4.868 -5.770 -6.057
0.0152 0.01508 9.84510 1.1485157013 2.4994421904    1.023  3.170  3.5251  0.330    7  0.000  0.432    83.73    47.15    30.57    24.16    19.68  1 -7.98e-08      0.00 6.907e-01 2.931e-01 2.159e-03 1.302e-03 6.657e-03 -1.000 1.619e-02 -3.156 2.924 1.546 0.120 -1.423 -3.165 -4.978 -5.885 -6.183
0.0152 0.01508 9.84510 1.1485205889 2.4994429344    1.013  3.203  3.5204  0.274    7  0.000  0.432    93.84    52.01    33.56    26.58    21.66  1 -9.34e-08      0.00 6.907e-01 2.931e-01 2.159e-03 1.302e-03 6.657e-03 -1.000 1.619e-02 -3.237 2.944 1.701 0.311 -1.328 -3.147 -5.076 -5.988 -6.295
0.0152 0.01508 9.84510 1.1485235691 2.4994433881    1.007  3.237  3.5155  0.218    7  0.000  0.432   105.32    57.45    36.90    29.27    23.86  1 -1.09e-07      0.00 6.907e-01 2.931e-01 2.159e-03 1.302e-03 6.657e-03 -1.000 1.619e-02 -3.322 2.961 1.888 0.552 -1.203 -3.093 -5.176 -6.093 -6.411
0.0152 0.01508 9.84510 1.1485241652 2.4994434789    1.005  3.245  3.5144  0.205    7  0.000  0.432   108.25    58.83    37.74    29.95    24.41  1 -1.14e-07      0.00 6.907e-01 2.931e-01 2.159e-03 1.302e-03 6.657e-03 -1.000 1.619e-02 -3.342 2.966 1.935 0.612 -1.171 -3.078 -5.200 -6.118 -6.439
0.0152 0.01508 9.84510 1.1485252380 2.4994436422    1.003  3.144  3.5273  0.356    7  0.000  0.432    79.01    44.77    29.08    22.98    18.72  2 -7.58e-08      0.00 6.907e-01 2.931e-01 2.159e-03 1.303e-03 6.657e-03 -1.000 1.619e-02 -3.091 2.942 1.504 0.062 -1.438 -3.145 -4.906 -5.811 -6.104
0.0152 0.01508 9.84510 1.1485253572 2.4994436603    1.002  3.143  3.5277  0.359    7  0.000  0.432    78.55    44.54    28.94    22.87    18.63  2 -7.55e-08      0.00 6.907e-01 2.931e-01 2.159e-03 1.303e-03 6.657e-03 -1.000 1.619e-02 -3.088 2.940 1.491 0.046 -1.448 -3.149 -4.901 -5.806 -6.099
0.0152 0.01508 9.84510 1.1485254765 2.4994436785    1.002  3.158  3.5257  0.336    7  0.000  0.432    82.36    46.40    30.09    23.80    19.39  1 -8.01e-08      0.00 6.907e-01 2.931e-01 2.159e-03 1.303e-03 6.657e-03 -1.000 1.619e-02 -3.124 2.944 1.551 0.120 -1.412 -3.145 -4.945 -5.851 -6.148
0.0152 0.01508 9.84510 1.1485255957 2.4994436966    1.002  3.155  3.5262  0.341    7  0.000  0.432    81.49    45.98    29.83    23.59    19.21  1 -7.91e-08      0.00 6.907e-01 2.931e-01 2.159e-03 1.303e-03 6.657e-03 -1.000 1.619e-02 -3.117 2.942 1.534 0.099 -1.423 -3.148 -4.936 -5.841 -6.137
0.0152 0.01508 9.84510 1.1485258341 2.4994437329    1.002  3.169  3.5244  0.320    7  0.000  0.432    85.22    47.80    30.95    24.49    19.95  1 -8.39e-08      0.00 6.907e-01 2.931e-01 2.159e-03 1.303e-03 6.657e-03 -1.000 1.619e-02 -3.152 2.946 1.590 0.169 -1.390 -3.144 -4.977 -5.885 -6.184
0.0152 0.01508 9.84510 1.1485260725 2.4994437692    1.001  3.190  3.5216  0.287    7  0.000  0.432    91.16    50.67    32.73    25.92    21.12  1 -9.18e-08      0.00 6.907e-01 2.931e-01 2.159e-03 1.303e-03 6.657e-03 -1.000 1.619e-02 -3.204 2.953 1.675 0.276 -1.339 -3.139 -5.039 -5.949 -6.255
0.0152 0.01508 9.84510 1.1485263109 2.4994438055    1.001  3.221  3.5173  0.238    7  0.000  0.432   100.92    55.34    35.60    28.23    23.00  1 -1.04e-07      0.00 6.907e-01 2.931e-01 2.159e-03 1.303e-03 6.657e-03 -1.000 1.619e-02 -3.283 2.963 1.827 0.470 -1.241 -3.106 -5.132 -6.047 -6.361
0.0152 0.01508 9.84510 1.1485265493 2.4994438418    1.000  3.257  3.5124  0.183    7  0.000  0.432   113.25    61.15    39.16    31.10    25.35  1 -1.21e-07      0.00 6.907e-01 2.931e-01 2.159e-03 1.303e-03 6.657e-03 -1.000 1.619e-02 -3.371 2.978 2.019 0.719 -1.113 -3.049 -5.236 -6.157 -6.481
0.0152 0.01508 9.84510 1.1485269070 2.4994438962    0.999  3.294  3.5071  0.124    7  0.000  0.432   128.09    68.02    43.35    34.48    28.12  1 -1.41e-07      0.00 6.907e-01 2.931e-01 2.159e-03 1.303e-03 6.657e-03 -1.000 1.619e-02 -3.465 2.988 2.201 0.957 -0.990 -2.992 -5.346 -6.273 -6.607
0.0152 0.01508 9.84510 1.1485272646 2.4994439507    0.998  3.330  3.5018  0.067    7  0.000  0.432   144.35    75.43    47.85    38.12    31.09  1 -1.64e-07      0.00 6.907e-01 2.931e-01 2.159e-03 1.303e-03 6.657e-03 -1.000 1.619e-02 -3.554 2.998 2.378 1.184 -0.870 -2.928 -5.452 -6.384 -6.728
0.0152 0.01508 9.84510 1.1485277414 2.4994440233    0.996  3.364  3.4966  0.010    7  0.000  0.432   162.27    83.46    52.70    42.05    34.30  1  -1.9e-07      0.00 6.907e-01 2.931e-01 2.159e-03 1.303e-03 6.657e-03 -1.000 1.619e-02 -3.641 3.010 2.549 1.394 -0.754 -2.855 -5.554 -6.491 -6.846
0.0152 0.01508 9.84510 1.1485284567 2.4994441322    0.992  3.399  3.4911 -0.048    7  0.523  0.432   180.20    92.73    58.27    46.58    38.00  1  -2.2e-07      0.00 6.907e-01 2.931e-01 2.159e-03 1.303e-03 6.657e-03 -1.000 1.619e-02 -3.728 3.024 2.726 1.606 -0.635 -2.775 -5.659 -6.602 -6.967
0.0152 0.01508 9.84510 1.1485290527 2.4994442229    0.989  3.417  3.4882 -0.079    8  0.524  0.453   188.48    97.84    61.33    49.07    40.04  1 -2.38e-07      0.00 6.907e-01 2.941e-01 2.269e-03 1.304e-03 6.672e-03 -1.000 1.515e-02 -3.771 3.030 2.795 1.673 -0.595 -2.747 -5.711 -6.656 -7.026
0.0152 0.01508 9.84510 1.1485291719 2.4994442410    0.989  3.150  3.5250  0.335    8  0.524  0.453    82.36    46.36    30.05    23.78    19.37  1 -8.07e-08      0.00 6.907e-01 2.941e-01 2.269e-03 1.304e-03 6.672e-03 -1.000 1.515e-02 -3.106 2.972 1.601 0.178 -1.368 -3.112 -4.929 -5.836 -6.134
0.0152 0.01508 9.84510 1.1485291719 2.4994442410    0.988  3.032  3.5412  0.518    8  0.524  0.453    56.18    33.29    21.90    17.25    14.04  2 -4.91e-08      0.00 6.907e-01 2.941e-01 2.269e-03 1.304e-03 6.672e-03 -1.000 1.515e-02 -2.810 2.929 1.194 -0.335 -1.610 -3.069 -4.577 -5.464 -5.732
0.0152 0.01508 9.84510 1.1485294104 2.4994442773    0.988  2.862  3.5644  0.781    8  0.524  0.453    32.44    20.69    13.91    10.87     8.84  2 -2.36e-08      0.00 6.907e-01 2.941e-01 2.269e-03 1.304e-03 6.672e-03 -1.000 1.515e-02 -2.384 2.845 0.890 -0.712 -1.755 -2.822 -4.081 -4.922 -5.152
0.0152 0.01508 9.84510 1.1485296488 2.4994443136    0.986  2.885  3.5609  0.742    8  0.524  0.453    35.13    22.17    14.85    11.63     9.45  2 -2.63e-08      0.00 6.907e-01 2.941e-01 2.269e-03 1.304e-03 6.672e-03 -1.000 1.515e-02 -2.443 2.865 0.922 -0.677 -1.745 -2.863 -4.150 -4.999 -5.235
0.0152 0.01508 9.84510 1.1485298872 2.4994443499    0.985  3.010  3.5434  0.547    8  0.524  0.453    52.81    31.54    20.80    16.37    13.32  2 -4.52e-08      0.00 6.907e-01 2.941e-01 2.269e-03 1.304e-03 6.672e-03 -1.000 1.515e-02 -2.755 2.932 1.168 -0.371 -1.618 -3.036 -4.515 -5.398 -5.662
0.0152 0.01508 9.84510 1.1485302448 2.4994444044    0.983  3.169  3.5212  0.298    8  0.525  0.453    88.81    49.46    31.97    25.32    20.63  1 -8.85e-08      0.00 6.907e-01 2.941e-01 2.269e-03 1.304e-03 6.672e-03 -1.000 1.515e-02 -3.153 2.998 1.739 0.346 -1.275 -3.080 -4.989 -5.901 -6.206
0.0152 0.01508 9.84510 1.1485307217 2.4994444770    0.981  3.301  3.5026  0.091    8  0.525  0.453   136.81    71.87    45.68    36.39    29.67  1 -1.53e-07      0.00 6.907e-01 2.941e-01 2.269e-03 1.304e-03 6.672e-03 -1.000 1.515e-02 -3.483 3.039 2.397 1.199 -0.835 -2.883 -5.378 -6.309 -6.651
0.0152 0.01508 9.84510 1.1485313177 2.4994445677    0.978  3.385  3.4904 -0.043    8  0.525  0.453   177.83    91.53    57.53    46.00    37.53  1 -2.16e-07      0.00 6.907e-01 2.941e-01 2.269e-03 1.304e-03 6.672e-03 -1.000 1.515e-02 -3.693 3.059 2.780 1.667 -0.581 -2.724 -5.626 -6.570 -6.936
0.0152 0.01508 9.84510 1.1485319138 2.4994446584    0.975  3.429  3.4838 -0.114    8  0.525  0.453   198.06   104.01    65.00    52.07    42.49  1 -2.58e-07      0.00 6.907e-01 2.941e-01 2.269e-03 1.304e-03 6.672e-03 -1.000 1.515e-02 -3.802 3.062 2.904 1.762 -0.527 -2.687 -5.754 -6.703 -7.080
0.0152 0.01508 9.84510 1.1485326290 2.4994447673    0.972  3.448  3.4805 -0.149    8  0.526  0.453   208.47   110.55    68.89    55.25    45.09  1 -2.81e-07      0.00 6.907e-01 2.941e-01 2.269e-03 1.304e-03 6.672e-03 -1.000 1.515e-02 -3.850 3.070 2.970 1.811 -0.495 -2.662 -5.812 -6.764 -7.146
0.0152 0.01508 9.84510 1.1485333443 2.4994448762    0.968  3.458  3.4783 -0.169    8  0.526  0.453   214.84   114.62    71.31    57.22    46.70  1 -2.95e-07      0.00 6.907e-01 2.941e-01 2.269e-03 1.304e-03 6.672e-03 -1.000 1.515e-02 -3.876 3.077 3.009 1.839 -0.476 -2.648 -5.843 -6.797 -7.182
0.0152 0.01508 9.84510 1.1485333443 2.4994448762    0.968  3.254  3.5064  0.148    8  0.526  0.453   121.14    64.60    41.24    32.82    26.75  1  -1.3e-07      0.00 6.907e-01 2.941e-01 2.269e-03 1.304e-03 6.672e-03 -1.000 1.515e-02 -3.364 3.072 2.315 1.084 -0.870 -2.876 -5.247 -6.175 -6.509
0.0152 0.01508 9.84510 1.1485334635 2.4994448943    0.967  3.080  3.5302  0.416    8  0.526  0.453    69.15    39.78    25.96    20.51    16.69  2 -6.38e-08      0.00 6.907e-01 2.941e-01 2.269e-03 1.304e-03 6.672e-03 -1.000 1.515e-02 -2.931 3.021 1.517 0.060 -1.382 -3.041 -4.735 -5.638 -5.925
0.0152 0.01508 9.84510 1.1485337019 2.4994449306    0.966  2.910  3.5535  0.680    8  0.526  0.453    39.85    24.70    16.46    12.92    10.50  2  -3.1e-08      0.00 6.907e-01 2.941e-01 2.269e-03 1.304e-03 6.672e-03 -1.000 1.515e-02 -2.504 2.951 1.075 -0.500 -1.634 -2.875 -4.233 -5.098 -5.345
0.0152 0.01508 9.84510 1.1485339403 2.4994449669    0.965  2.933  3.5502  0.642    8  0.526  0.453    43.07    26.42    17.55    13.79    11.21  2 -3.44e-08      0.00 6.907e-01 2.941e-01 2.269e-03 1.304e-03 6.672e-03 -1.000 1.515e-02 -2.563 2.966 1.118 -0.447 -1.613 -2.911 -4.301 -5.173 -5.425
0.0152 0.01508 9.84510 1.1485342979 2.4994450214    0.963  3.056  3.5331  0.450    8  0.526  0.453    64.35    37.37    24.45    19.30    15.71  2 -5.84e-08      0.00 6.907e-01 2.941e-01 2.269e-03 1.304e-03 6.672e-03 -1.000 1.515e-02 -2.870 3.020 1.456 -0.019 -1.415 -3.021 -4.664 -5.563 -5.845
0.0152 0.01508 9.84510 1.1485347748 2.4994450940    0.960  3.212  3.5112  0.205    8  0.527  0.453   107.40    58.17    37.31    29.65    24.16  1 -1.12e-07      0.00 6.907e-01 2.941e-01 2.269e-03 1.304e-03 6.672e-03 -1.000 1.515e-02 -3.261 3.082 2.178 0.902 -0.953 -2.905 -5.129 -6.052 -6.378
0.0152 0.01508 9.84510 1.1485352516 2.4994451666    0.957  3.342  3.4930  0.001    8  0.527  0.453   164.30    83.97    52.96    42.32    34.51  1 -1.91e-07      0.00 6.907e-01 2.941e-01 2.269e-03 1.304e-03 6.672e-03 -1.000 1.515e-02 -3.584 3.104 2.752 1.626 -0.573 -2.697 -5.508 -6.450 -6.810
0.0152 0.01508 9.84510 1.1485358477 2.4994452573    0.954  3.424  3.4812 -0.130    8  0.527  0.453   201.11   106.33    66.35    53.22    43.42  1 -2.68e-07      0.00 6.907e-01 2.941e-01 2.269e-03 1.304e-03 6.672e-03 -1.000 1.515e-02 -3.790 3.107 2.996 1.843 -0.456 -2.620 -5.749 -6.701 -7.081
0.0152 0.01508 9.84510 1.1485365629 2.4994453662    0.950  3.466  3.4749 -0.198    8  0.528  0.453   223.06   120.23    74.61    59.95    48.93  1  -3.2e-07      0.00 6.907e-01 2.941e-01 2.269e-03 1.304e-03 6.672e-03 -1.000 1.515e-02 -3.894 3.107 3.084 1.897 -0.430 -2.609 -5.871 -6.826 -7.216
0.0152 0.01508 9.84510 1.1485372782 2.4994454751    0.945  3.484  3.4719 -0.230    8  0.528  0.453   233.82   127.21    78.73    63.33    51.69  1 -3.47e-07      0.00 6.907e-01 2.941e-01 2.269e-03 1.304e-03 6.672e-03 -1.000 1.515e-02 -3.939 3.110 3.128 1.924 -0.414 -2.602 -5.924 -6.881 -7.275
0.0152 0.01508 9.84510 1.1485381126 2.4994456021    0.941  3.492  3.4702 -0.248    8  0.529  0.453   239.93   131.26    81.11    65.29    53.29  1 -3.65e-07      0.00 6.907e-01 2.941e-01 2.269e-03 1.304e-03 6.672e-03 -1.000 1.515e-02 -3.961 3.116 3.158 1.944 -0.400 -2.592 -5.950 -6.909 -7.306
0.0152 0.01508 9.84510 1.1485381126 2.4994456021    0.940  3.295  3.4977  0.059    8  0.529  0.453   145.31    75.35    47.74    38.12    31.07  1 -1.67e-07      0.00 6.907e-01 2.941e-01 2.269e-03 1.304e-03 6.672e-03 -1.000 1.515e-02 -3.468 3.126 2.637 1.484 -0.637 -2.726 -5.378 -6.315 -6.666
0.0152 0.01508 9.84510 1.1485382318 2.4994456202    0.939  3.123  3.5218  0.327    8  0.529  0.453    82.85    46.40    30.04    23.82    19.39  1 -8.31e-08      0.00 6.907e-01 2.941e-01 2.269e-03 1.304e-03 6.672e-03 -1.000 1.515e-02 -3.038 3.082 1.814 0.422 -1.183 -2.977 -4.871 -5.783 -6.087
0.0152 0.01508 9.84510 1.1485384703 2.4994456565    0.938  2.953  3.5456  0.592    8  0.529  0.453    47.51    28.71    19.00    14.95    12.16  2 -4.08e-08      0.00 6.907e-01 2.941e-01 2.269e-03 1.304e-03 6.672e-03 -1.000 1.515e-02 -2.611 3.014 1.230 -0.314 -1.535 -2.914 -4.364 -5.244 -5.504
0.0152 0.01508 9.84510 1.1485387087 2.4994456928    0.936  2.975  3.5423  0.555    8  0.529  0.453    51.34    30.69    20.25    15.96    12.98  2 -4.53e-08      0.00 6.907e-01 2.941e-01 2.269e-03 1.304e-03 6.672e-03 -1.000 1.515e-02 -2.669 3.027 1.290 -0.238 -1.499 -2.938 -4.432 -5.318 -5.583
0.0152 0.01508 9.84510 1.1485390663 2.4994457473    0.933  3.096  3.5251  0.364    8  0.529  0.453    76.46    43.27    28.10    22.26    18.12  1 -7.57e-08      0.00 6.907e-01 2.941e-01 2.269e-03 1.304e-03 6.672e-03 -1.000 1.515e-02 -2.970 3.081 1.718 0.301 -1.238 -2.978 -4.792 -5.700 -5.997
0.0152 0.01508 9.84510 1.1485395432 2.4994458198    0.930  3.249  3.5032  0.122    8  0.530  0.453   127.04    67.03    42.68    34.03    27.73  1 -1.43e-07      0.00 6.907e-01 2.941e-01 2.269e-03 1.304e-03 6.672e-03 -1.000 1.515e-02 -3.353 3.133 2.475 1.277 -0.738 -2.777 -5.247 -6.178 -6.518
0.0152 0.01508 9.84510 1.1485401392 2.4994459106    0.926  3.376  3.4850 -0.079    8  0.530  0.453   184.12    96.33    60.34    48.37    39.45  1  -2.4e-07      0.00 6.907e-01 2.941e-01 2.269e-03 1.304e-03 6.672e-03 -1.000 1.515e-02 -3.670 3.152 2.976 1.846 -0.430 -2.586 -5.618 -6.566 -6.940
0.0152 0.01508 9.84510 1.1485407352 2.4994460013    0.922  3.456  3.4732 -0.209    8  0.530  0.453   224.16   121.58    75.35    60.63    49.47  1 -3.34e-07      0.00 6.907e-01 2.941e-01 2.269e-03 1.304e-03 6.672e-03 -1.000 1.515e-02 -3.870 3.152 3.152 1.958 -0.374 -2.557 -5.851 -6.808 -7.200
0.0152 0.01508 9.84510 1.1485414505 2.4994461102    0.916  3.496  3.4670 -0.276    8  0.531  0.453   248.08   137.14    84.53    68.15    55.62  1 -3.97e-07      0.01 6.907e-01 2.941e-01 2.269e-03 1.304e-03 6.672e-03 -1.000 1.515e-02 -3.971 3.145 3.224 1.999 -0.355 -2.557 -5.969 -6.928 -7.329
0.0152 0.01508 9.84510 1.1485422850 2.4994462372    0.911  3.513  3.4641 -0.307    8  0.531  0.453   259.56   144.81    89.02    71.85    58.64  0 -4.32e-07      0.01 6.907e-01 2.941e-01 2.269e-03 1.304e-03 6.672e-03 -1.000 1.515e-02 -4.012 3.146 3.257 2.019 -0.346 -2.556 -6.018 -6.978 -7.383
0.0152 0.01508 9.84510 1.1485431194 2.4994463643    0.905  3.521  3.4625 -0.324    8  0.532  0.453   265.82   149.11    91.53    73.92    60.34  0 -4.53e-07      0.01 6.907e-01 2.941e-01 2.269e-03 1.304e-03 6.672e-03 -1.000 1.515e-02 -4.032 3.154 3.282 2.035 -0.336 -2.551 -6.041 -7.002 -7.409
0.0152 0.01508 9.84510 1.1485431194 2.4994463643    0.904  3.333  3.4895 -0.029    8  0.532  0.453   169.07    87.50    55.01    44.08    35.94  1 -2.18e-07      0.00 6.907e-01 2.941e-01 2.269e-03 1.304e-03 6.672e-03 -1.000 1.515e-02 -3.564 3.183 2.929 1.821 -0.430 -2.575 -5.498 -6.444 -6.810
0.0152 0.01508 9.84510 1.1485432386 2.4994463824    0.903  3.163  3.5140  0.239    8  0.532  0.453    98.91    53.86    34.61    27.54    22.42  1  -1.1e-07      0.00 6.907e-01 2.941e-01 2.269e-03 1.304e-03 6.672e-03 -1.000 1.515e-02 -3.137 3.145 2.141 0.832 -0.954 -2.864 -4.996 -5.916 -6.236
0.0152 0.01508 9.84510 1.1485434771 2.4994464187    0.901  2.992  3.5384  0.506    8  0.532  0.453    56.41    33.21    21.81    17.23    14.01  2 -5.47e-08      0.00 6.907e-01 2.941e-01 2.269e-03 1.304e-03 6.672e-03 -1.000 1.515e-02 -2.711 3.070 1.393 -0.116 -1.428 -2.936 -4.487 -5.379 -5.651
0.0152 0.01508 9.84510 1.1485438347 2.4994464731    0.898  3.015  3.5349  0.468    8  0.532  0.453    61.09    35.56    23.28    18.41    14.98  2 -6.08e-08      0.00 6.907e-01 2.941e-01 2.269e-03 1.304e-03 6.672e-03 -1.000 1.515e-02 -2.768 3.085 1.481 -0.006 -1.373 -2.945 -4.556 -5.453 -5.731
0.0152 0.01508 9.84510 1.1485441923 2.4994465276    0.894  3.134  3.5175  0.278    8  0.533  0.453    91.00    50.08    32.28    25.66    20.89  1 -1.01e-07      0.00 6.907e-01 2.941e-01 2.269e-03 1.304e-03 6.672e-03 -1.000 1.515e-02 -3.064 3.145 2.015 0.665 -1.036 -2.894 -4.912 -5.828 -6.140
0.0152 0.01508 9.84510 1.1485447884 2.4994466183    0.889  3.284  3.4952  0.036    8  0.533  0.453   151.06    77.39    48.91    39.14    31.90  1 -1.88e-07      0.00 6.907e-01 2.941e-01 2.269e-03 1.304e-03 6.672e-03 -1.000 1.515e-02 -3.439 3.197 2.780 1.644 -0.517 -2.623 -5.357 -6.296 -6.651
0.0152 0.01508 9.84510 1.1485453844 2.4994467090    0.883  3.408  3.4767 -0.165    8  0.533  0.453   206.33   111.09    69.06    55.58    45.33  1 -3.12e-07      0.00 6.907e-01 2.941e-01 2.269e-03 1.304e-03 6.672e-03 -1.000 1.515e-02 -3.749 3.211 3.165 1.992 -0.324 -2.499 -5.720 -6.675 -7.062
0.0152 0.01508 9.84510 1.1485460997 2.4994468179    0.877  3.486  3.4646 -0.295    8  0.534  0.453   251.24   140.25    86.27    69.69    56.86  0 -4.32e-07      0.01 6.907e-01 2.941e-01 2.269e-03 1.304e-03 6.672e-03 -1.000 1.515e-02 -3.945 3.201 3.307 2.073 -0.289 -2.497 -5.949 -6.909 -7.313
0.0152 0.01508 9.84510 1.1485468149 2.4994469268    0.869  3.525  3.4581 -0.364    8  0.535  0.453   278.36   158.46    96.92    78.46    64.03  0 -5.15e-07      0.01 6.907e-01 2.941e-01 2.269e-03 1.304e-03 6.672e-03 -1.000 1.515e-02 -4.043 3.208 3.380 2.118 -0.272 -2.503 -6.063 -7.026 -7.439
0.0152 0.01508 9.84510 1.1485477686 2.4994470720    0.861  3.542  3.4551 -0.396    8  0.535  0.453   291.79   167.75   102.32    82.93    67.68  0 -5.63e-07      0.01 6.907e-01 2.941e-01 2.269e-03 1.304e-03 6.672e-03 -1.000 1.515e-02 -4.085 3.225 3.425 2.155 -0.256 -2.502 -6.111 -7.075 -7.493
0.0152 0.01508 9.84510 1.1485487223 2.4994472171    0.852  3.550  3.4533 -0.416    8  0.536  0.453   290.65    -1.00    -1.00    -1.00    -1.00  0 -5.98e-07      0.01 6.907e-01 2.941e-01 2.269e-03 1.304e-03 6.672e-03 -1.000 1.515e-02 -4.104 3.236 3.453 2.180 -0.243 -2.498 -6.134 -7.099 -7.519
0.0152 0.01508 9.84510 1.1485487223 2.4994472171    0.851  3.374  3.4796 -0.136    8  0.536  0.453   194.68   104.40    65.03    52.36    42.69  1 -3.04e-07      0.00 6.907e-01 2.941e-01 2.269e-03 1.304e-03 6.672e-03 -1.000 1.515e-02 -3.665 3.252 3.167 2.008 -0.297 -2.464 -5.628 -6.582 -6.965
0.0152 0.01508 9.84510 1.1485488415 2.4994472353    0.849  3.205  3.5047  0.133    8  0.536  0.453   122.38    64.23    40.89    32.69    26.62  1 -1.57e-07      0.00 6.907e-01 2.941e-01 2.269e-03 1.304e-03 6.672e-03 -1.000 1.515e-02 -3.243 3.223 2.517 1.303 -0.684 -2.708 -5.132 -6.061 -6.399
0.0152 0.01508 9.84510 1.1485490799 2.4994472716    0.846  3.035  3.5300  0.402    8  0.536  0.453    69.29    39.43    25.66    20.37    16.57  1 -7.94e-08      0.00 6.907e-01 2.941e-01 2.269e-03 1.304e-03 6.672e-03 -1.000 1.515e-02 -2.818 3.148 1.641 0.182 -1.264 -2.927 -4.624 -5.526 -5.814
0.0152 0.01508 9.84510 1.1485494375 2.4994473260    0.841  3.058  3.5263  0.362    8  0.537  0.453    75.33    42.34    27.46    21.83    17.75  1 -8.87e-08      0.00 6.907e-01 2.941e-01 2.269e-03 1.304e-03 6.672e-03 -1.000 1.515e-02 -2.875 3.165 1.763 0.333 -1.185 -2.907 -4.693 -5.600 -5.895
0.0152 0.01508 9.84510 1.1485497952 2.4994473805    0.835  3.174  3.5083  0.171    8  0.537  0.453   112.52    59.65    38.09    30.44    24.78  1 -1.45e-07      0.00 6.907e-01 2.941e-01 2.269e-03 1.304e-03 6.672e-03 -1.000 1.515e-02 -3.164 3.237 2.423 1.175 -0.742 -2.728 -5.041 -5.967 -6.299
0.0152 0.01508 9.84510 1.1485503912 2.4994474712    0.827  3.320  3.4855 -0.071    8  0.537  0.453   174.31    92.15    57.69    46.41    37.82  1 -2.68e-07      0.00 6.907e-01 2.941e-01 2.269e-03 1.304e-03 6.672e-03 -1.000 1.515e-02 -3.530 3.285 3.098 1.971 -0.302 -2.457 -5.476 -6.425 -6.798
0.0152 0.01508 9.84510 1.1485509872 2.4994475619    0.817  3.441  3.4663 -0.273    8  0.538  0.453   236.96   132.44    81.55    65.99    53.81  0 -4.42e-07      0.01 6.907e-01 2.941e-01 2.269e-03 1.304e-03 6.672e-03 -1.000 1.515e-02 -3.832 3.293 3.377 2.150 -0.206 -2.409 -5.830 -6.790 -7.192
0.0152 0.01508 9.84510 1.1485517025 2.4994476708    0.807  3.517  3.4538 -0.405    8  0.538  0.453   263.27    -1.00    -1.00    -1.00    -1.00  0 -6.16e-07      0.01 6.907e-01 2.941e-01 2.269e-03 1.304e-03 6.672e-03 -1.000 1.515e-02 -4.023 3.312 3.522 2.250 -0.170 -2.423 -6.051 -7.016 -7.436
0.0152 0.01508 9.84510 1.1485524178 2.4994477797    0.795  3.556  3.4471 -0.477    8  0.539  0.453   256.32    -1.00    -1.00    -1.00    -1.00  0 -7.44e-07      0.02 6.907e-01 2.941e-01 2.269e-03 1.304e-03 6.672e-03 -1.000 1.515e-02 -4.119 3.331 3.596 2.322 -0.147 -2.436 -6.161 -7.126 -7.556
0.0152 0.01508 9.84510 1.1485533714 2.4994479249    0.782  3.572  3.4441 -0.512    8  0.540  0.453   248.75    -1.00    -1.00    -1.00    -1.00  0 -8.34e-07      0.02 6.907e-01 2.941e-01 2.269e-03 1.304e-03 6.672e-03 -1.000 1.515e-02 -4.160 3.350 3.634 2.362 -0.135 -2.441 -6.207 -7.173 -7.607
0.0152 0.01508 9.84510 1.1485543251 2.4994480700    0.768  3.580  3.4427 -0.534    8  0.541  0.453   240.61    -1.00    -1.00    -1.00    -1.00  0 -9.61e-07      0.03 6.907e-01 2.941e-01 2.269e-03 1.304e-03 6.672e-03 -1.000 1.515e-02 -4.180 3.392 3.675 2.395 -0.119 -2.436 -6.226 -7.193 -7.632
0.0152 0.01508 9.84510 1.1485543251 2.4994480700    0.766  3.417  3.4688 -0.268    8  0.541  0.453   229.73   129.01    79.41    64.39    52.48  0 -4.93e-07      0.01 6.907e-01 2.941e-01 2.269e-03 1.304e-03 6.672e-03 -1.000 1.515e-02 -3.773 3.349 3.400 2.175 -0.180 -2.377 -5.764 -6.724 -7.125
0.0152 0.01508 9.84510 1.1485545635 2.4994481063    0.762  3.251  3.4957  0.004    8  0.541  0.453   150.72    78.79    49.58    39.92    32.49  1 -2.62e-07      0.00 6.907e-01 2.941e-01 2.269e-03 1.304e-03 6.672e-03 -1.000 1.515e-02 -3.357 3.317 2.880 1.730 -0.434 -2.542 -5.271 -6.210 -6.567
0.0152 0.01508 9.84510 1.1485546827 2.4994481245    0.755  3.081  3.5236  0.281    8  0.541  0.453    87.61    47.63    30.65    24.51    19.92  1 -1.37e-07      0.00 6.907e-01 2.941e-01 2.269e-03 1.304e-03 6.672e-03 -1.000 1.515e-02 -2.933 3.208 1.860 0.435 -1.142 -2.911 -4.760 -5.668 -5.971
0.0152 0.01508 9.84510 1.1485550404 2.4994481789    0.745  3.104  3.5207  0.242    8  0.541  0.453    95.11    51.00    32.71    26.19    21.29  1 -1.57e-07      0.00 6.907e-01 2.941e-01 2.269e-03 1.304e-03 6.672e-03 -1.000 1.515e-02 -2.989 3.221 1.951 0.546 -1.090 -2.907 -4.826 -5.737 -6.046
0.0152 0.01508 9.84510 1.1485555172 2.4994482515    0.733  3.216  3.5031  0.051    8  0.542  0.453   138.16    71.64    45.23    36.42    29.63  1  -2.6e-07      0.00 6.907e-01 2.941e-01 2.269e-03 1.304e-03 6.672e-03 -1.000 1.515e-02 -3.271 3.296 2.622 1.405 -0.629 -2.677 -5.163 -6.093 -6.438
0.0152 0.01508 9.84510 1.1485559940 2.4994483241    0.718  3.358  3.4806 -0.190    8  0.542  0.453   199.11   110.21    68.22    55.32    45.04  0 -4.87e-07      0.01 6.907e-01 2.941e-01 2.269e-03 1.304e-03 6.672e-03 -1.000 1.515e-02 -3.626 3.366 3.251 2.074 -0.248 -2.420 -5.583 -6.536 -6.924
0.0152 0.01508 9.84510 1.1485567093 2.4994484330    0.700  3.475  3.4626 -0.390    8  0.543  0.453   203.65    -1.00    -1.00    -1.00    -1.00  0 -8.28e-07      0.02 6.907e-01 2.941e-01 2.269e-03 1.304e-03 6.672e-03 -1.000 1.515e-02 -3.918 3.419 3.517 2.228 -0.172 -2.399 -5.919 -6.885 -7.303
0.0152 0.01508 9.84510 1.1485574245 2.4994485418    0.680  3.549  3.4527 -0.516    8  0.544  0.453   193.30    -1.00    -1.00    -1.00    -1.00  0 -1.21e-06      0.04 6.907e-01 2.941e-01 2.269e-03 1.304e-03 6.672e-03 -1.000 1.515e-02 -4.104 3.503 3.665 2.326 -0.148 -2.425 -6.117 -7.091 -7.530
0.0152 0.01508 9.84510 1.1485582590 2.4994486689    0.658  3.587  3.4508 -0.575    8  0.544  0.453   182.15    -1.00    -1.00    -1.00    -1.00  0 -1.59e-06      0.06 6.907e-01 2.941e-01 2.269e-03 1.304e-03 6.672e-03 -1.000 1.515e-02 -4.197 3.586 3.722 2.341 -0.169 -2.465 -6.202 -7.183 -7.636
0.0152 0.01508 9.84510 1.1485590935 2.4994487959    0.634  3.603  3.4550 -0.590    8  0.545  0.453   170.40    -1.00    -1.00    -1.00    -1.00  0 -2.05e-06      0.09 6.907e-01 2.941e-01 2.269e-03 1.304e-03 6.672e-03 -1.000 1.515e-02 -4.237 3.703 3.733 2.305 -0.220 -2.511 -6.213 -7.202 -7.666
0.0152 0.01508 9.84510 1.1485601664 2.4994489592    0.609  3.611  3.4634 -0.582    8  0.546  0.453   158.24    -1.00    -1.00    -1.00    -1.00  0 -2.42e-06      0.12 6.907e-01 2.941e-01 2.269e-03 1.304e-03 6.672e-03 -1.000 1.515e-02 -4.256 3.778 3.659 2.205 -0.321 -2.592 -6.193 -7.187 -7.655
0.0152 0.01508 9.84510 1.1485624313 2.4994493040    0.547 -9.999  4.0000  1.750    9  0.547  0.000     0.00     0.00     0.00     0.00     0.00 -1    -1e-30      0.00 6.907e-01 2.941e-01 2.269e-03 1.304e-03 6.672e-03 -1.000 1.515e-02 29.767 29.720 29.983 30.032 30.020 30.018 30.066 30.065 30.082
#isochrone terminated
