# File generated by CMD 3.7 (http://stev.oapd.inaf.it/cmd) on Thu Mar  2 17:06:09 CET 2023
# isochrones based on PARSEC release v1.2S +  COLIBRI S_37 + S_35 + PR16
# Basic references: Bressan et al. (2012), MNRAS, 427, 127 + Chen et al. (2014, 2015), MNRAS, 444, 2525 + MNRAS, 452, 1068 + Tang et al. (2014), MNRAS, 445, 4287 + Marigo et al. (2017), ApJ, 835, 77 + Pastorelli al. (2019), MNRAS, 485, 5666 + Pastorelli al. (2020), MNRAS, in press
# Thermal pulse cycles included 
# On RGB, assumed Reimers mass loss with efficiency eta=0.2
# LPV periods and growth rates added cf. Trabucchi et al. (2019)
# but fundamental-mode LPV periods are from Trabucchi et al. (2021)
# Photometric system: <i>UBVRIJHK</i> (cf. Maiz-Apellaniz 2006 + Bessell 1990)
# Using YBC version of bolometric corrections as in Chen et al. (2019)
# O-rich circumstellar dpmod60alox40 dust from Groenewegen (2006)
# C-rich circumstellar AMCSIC15 dust from Groenewegen (2006)
# IMF: Kroupa (2001, 2002) + Kroupa et al. (2013) canonical two-part-power law IMF corrected for unresolved binaries 
# Kind of output: isochrone tables
# Zini     MH   logAge Mini        int_IMF         Mass   logL    logTe  logg  label   McoreTP C_O  period0  period1  period2  period3  period4  pmode  Mloss  tau1m   X   Y   Xc  Xn  Xo  Cexcess  Z 	 mbolmag  Umag    Bmag    Vmag    Rmag    Imag    Jmag    Hmag    Kmag
0.01 -0.17553 9.84510 0.0900000036 1.0816895926    0.090 -3.388  3.3784  5.246    1  0.000  0.545     0.00     0.00     0.00     0.00     0.00 -1 -4.09e-17      0.00 7.221e-01 2.679e-01 1.798e-03 4.851e-04 4.400e-03 -1.000 1.000e-02 13.240 22.600 19.891 18.002 15.788 13.519 11.136 10.560 10.292
0.01 -0.17553 9.84510 0.0942828283 1.1214925747    0.094 -3.302  3.3909  5.230    1  0.000  0.545     0.00     0.00     0.00     0.00     0.00 -1 -4.96e-17      0.00 7.220e-01 2.680e-01 1.798e-03 4.851e-04 4.400e-03 -1.000 1.000e-02 13.025 22.356 19.664 17.779 15.571 13.305 10.922 10.346 10.076
0.01 -0.17553 9.84510 0.1000000015 1.1711064122    0.100 -3.193  3.4066  5.210    1  0.000  0.545     0.00     0.00     0.00     0.00     0.00 -1 -6.33e-17      0.00 7.218e-01 2.682e-01 1.798e-03 4.851e-04 4.400e-03 -1.000 1.000e-02 12.754 22.048 19.376 17.496 15.296 13.033 10.651 10.075 9.803
0.01 -0.17553 9.84510 0.1200000048 1.3193154741    0.120 -2.926  3.4408  5.159    1  0.000  0.545     0.00     0.00     0.00     0.00     0.00 -1 -1.13e-16      0.00 7.211e-01 2.689e-01 1.798e-03 4.851e-04 4.400e-03 -1.000 1.000e-02 12.086 20.066 17.810 16.032 14.140 12.088 10.045 9.457 9.173
0.01 -0.17553 9.84510 0.1400000006 1.4384526719    0.140 -2.745  3.4597  5.120    1  0.000  0.545     0.00     0.00     0.00     0.00     0.00 -1 -1.66e-16      0.00 7.205e-01 2.695e-01 1.798e-03 4.851e-04 4.400e-03 -1.000 1.000e-02 11.634 18.703 16.711 15.001 13.327 11.449 9.642 9.046 8.761
0.01 -0.17553 9.84510 0.1546993554 1.5127277504    0.155 -2.639  3.4698  5.098    1  0.000  0.545     0.00     0.00     0.00     0.00     0.00 -1 -2.08e-16      0.00 7.201e-01 2.699e-01 1.798e-03 4.851e-04 4.400e-03 -1.000 1.000e-02 11.367 17.995 16.126 14.450 12.883 11.099 9.401 8.802 8.520
0.01 -0.17553 9.84510 0.1599999964 1.5372931554    0.160 -2.603  3.4733  5.090    1  0.000  0.545     0.00     0.00     0.00     0.00     0.00 -1 -2.24e-16      0.00 7.200e-01 2.700e-01 1.798e-03 4.851e-04 4.400e-03 -1.000 1.000e-02 11.277 17.764 15.933 14.267 12.734 10.983 9.320 8.720 8.439
0.01 -0.17553 9.84510 0.1772611588 1.6104879398    0.177 -2.502  3.4819  5.068    1  0.000  0.545     0.00     0.00     0.00     0.00     0.00 -1 -2.75e-16      0.00 7.195e-01 2.705e-01 1.798e-03 4.851e-04 4.400e-03 -1.000 1.000e-02 11.026 17.163 15.427 13.786 12.335 10.669 9.091 8.489 8.211
0.01 -0.17553 9.84510 0.2000000030 1.6938790862    0.200 -2.384  3.4921  5.043    1  0.000  0.545     0.00     0.00     0.00     0.00     0.00 -1  -3.5e-16      0.00 7.190e-01 2.710e-01 1.798e-03 4.851e-04 4.400e-03 -1.000 1.000e-02 10.729 16.488 14.851 13.233 11.870 10.308 8.823 8.218 7.945
0.01 -0.17553 9.84510 0.2500000000 1.8403257998    0.250 -2.179  3.5066  4.993    1  0.000  0.545     0.00     0.00     0.00     0.00     0.00 -1 -5.31e-16      0.00 7.184e-01 2.716e-01 1.798e-03 4.851e-04 4.400e-03 -1.000 1.000e-02 10.216 15.511 13.992 12.419 11.160 9.723 8.346 7.738 7.474
0.01 -0.17553 9.84510 0.3000000119 1.9529139769    0.300 -2.013  3.5171  4.948    1  0.000  0.545     0.00     0.00     0.00     0.00     0.00 -1 -7.46e-16      0.00 7.179e-01 2.721e-01 1.798e-03 4.851e-04 4.400e-03 -1.000 1.000e-02 9.802 14.809 13.357 11.816 10.618 9.267 7.958 7.346 7.090
0.01 -0.17553 9.84510 0.3500000238 2.0434175133    0.350 -1.863  3.5258  4.900    1  0.000  0.545     0.00     0.00     0.00     0.00     0.00 -1 -1.03e-15      0.00 7.228e-01 2.672e-01 1.798e-03 4.851e-04 4.400e-03 -1.000 1.000e-02 9.427 14.226 12.818 11.304 10.150 8.863 7.605 6.988 6.738
0.01 -0.17553 9.84510 0.3898906112 2.1043405149    0.390 -1.743  3.5347  4.863    1  0.000  0.545     0.00     0.00     0.00     0.00     0.00 -1 -1.34e-15      0.00 7.229e-01 2.671e-01 1.798e-03 4.851e-04 4.400e-03 -1.000 1.000e-02 9.128 13.744 12.368 10.879 9.764 8.539 7.329 6.706 6.463
0.01 -0.17553 9.84510 0.4000000358 2.1185024810    0.400 -1.715  3.5368  4.854    1  0.000  0.545     0.00     0.00     0.00     0.00     0.00 -1 -1.43e-15      0.00 7.229e-01 2.671e-01 1.798e-03 4.851e-04 4.400e-03 -1.000 1.000e-02 9.057 13.632 12.263 10.780 9.674 8.462 7.263 6.639 6.397
0.01 -0.17553 9.84510 0.4330615103 2.1617520564    0.433 -1.609  3.5457  4.819    1  0.000  0.545     0.00     0.00     0.00     0.00     0.00 -1 -1.83e-15      0.00 7.229e-01 2.671e-01 1.798e-03 4.851e-04 4.400e-03 -1.000 1.000e-02 8.793 13.213 11.863 10.403 9.330 8.177 7.022 6.391 6.156
0.01 -0.17553 9.84510 0.4500000179 2.1822809362    0.450 -1.558  3.5500  4.801    1  0.000  0.545     0.00     0.00     0.00     0.00     0.00 -1 -2.06e-15      0.00 7.229e-01 2.671e-01 1.798e-03 4.851e-04 4.400e-03 -1.000 1.000e-02 8.666 13.015 11.673 10.222 9.165 8.040 6.906 6.271 6.039
0.01 -0.17553 9.84510 0.5000000000 2.2374541529    0.500 -1.392  3.5671  4.749    1  0.000  0.545     0.00     0.00     0.00     0.00     0.00 -1 -3.05e-15      0.00 7.230e-01 2.670e-01 1.798e-03 4.851e-04 4.400e-03 -1.000 1.000e-02 8.249 12.357 11.028 9.607 8.601 7.594 6.537 5.890 5.671
0.01 -0.17553 9.84510 0.5500000119 2.2836582633    0.550 -1.211  3.5890  4.697    1  0.000  0.545     0.00     0.00     0.00     0.00     0.00 -1 -4.68e-15      0.00 7.401e-01 2.505e-01 1.695e-03 4.572e-04 4.148e-03 -1.000 9.435e-03 7.797 11.633 10.311 8.932 7.983 7.116 6.145 5.480 5.286
0.01 -0.17553 9.84510 0.6000000238 2.3211213258    0.600 -1.033  3.6157  4.664    1  0.000  0.544     0.00     0.00     0.00     0.00     0.00 -1 -6.99e-15      0.00 7.427e-01 2.480e-01 1.680e-03 4.533e-04 4.113e-03 -1.000 9.312e-03 7.353 10.889 9.565 8.268 7.385 6.655 5.765 5.081 4.932
0.01 -0.17553 9.84510 0.6499999762 2.3520353107    0.650 -0.855  3.6472  4.647    1  0.000  0.544     0.00     0.00     0.00     0.00     0.00 -1 -1.03e-14      0.00 7.451e-01 2.456e-01 1.666e-03 4.498e-04 4.081e-03 -1.000 9.294e-03 6.907 9.964 8.715 7.563 6.780 6.194 5.397 4.740 4.635
0.01 -0.17553 9.84510 0.6734536290 2.3647308661    0.673 -0.774  3.6616  4.639    1  0.000  0.544     0.00     0.00     0.00     0.00     0.00 -1 -1.23e-14      0.00 7.462e-01 2.445e-01 1.660e-03 4.481e-04 4.066e-03 -1.000 9.230e-03 6.705 9.441 8.317 7.241 6.516 5.984 5.236 4.615 4.524
0.01 -0.17553 9.84510 0.7000000477 2.3779267258    0.700 -0.685  3.6773  4.629    1  0.000  0.544     0.00     0.00     0.00     0.00     0.00 -1  -1.5e-14      0.00 7.475e-01 2.433e-01 1.652e-03 4.462e-04 4.049e-03 -1.000 9.160e-03 6.482 8.858 7.901 6.904 6.242 5.754 5.062 4.490 4.409
0.01 -0.17553 9.84510 0.7104398012 2.3828065429    0.710 -0.650  3.6831  4.624    1  0.000  0.543     0.00     0.00     0.00     0.00     0.00 -1 -1.62e-14      0.00 7.482e-01 2.427e-01 1.644e-03 4.451e-04 4.040e-03 -1.000 9.158e-03 6.396 8.648 7.751 6.780 6.141 5.666 4.994 4.441 4.362
0.01 -0.17553 9.84510 0.7296800017 2.3913806626    0.730 -0.588  3.6935  4.615    1  0.000  0.540     0.00     0.00     0.00     0.00     0.00 -1 -1.87e-14      0.00 7.493e-01 2.415e-01 1.629e-03 4.431e-04 4.025e-03 -1.000 9.193e-03 6.239 8.281 7.487 6.562 5.960 5.508 4.871 4.349 4.276
0.01 -0.17553 9.84510 0.7477577329 2.3989761170    0.748 -0.529  3.7030  4.605    1  0.000  0.537     0.00     0.00     0.00     0.00     0.00 -1 -2.14e-14      0.00 7.504e-01 2.405e-01 1.615e-03 4.413e-04 4.011e-03 -1.000 9.129e-03 6.093 7.944 7.251 6.365 5.797 5.364 4.759 4.265 4.196
0.01 -0.17553 9.84510 0.7500000000 2.3998889087    0.750 -0.522  3.7042  4.604    1  0.000  0.537     0.00     0.00     0.00     0.00     0.00 -1 -2.17e-14      0.00 7.505e-01 2.403e-01 1.614e-03 4.410e-04 4.009e-03 -1.000 9.143e-03 6.075 7.904 7.222 6.341 5.778 5.347 4.745 4.255 4.186
0.01 -0.17553 9.84510 0.7679659724 2.4069818068    0.768 -0.465  3.7125  4.591    1  0.000  0.537     0.00     0.00     0.00     0.00     0.00 -1 -2.48e-14      0.00 7.520e-01 2.390e-01 1.606e-03 4.389e-04 3.990e-03 -1.000 9.039e-03 5.934 7.607 7.008 6.160 5.624 5.208 4.634 4.167 4.102
0.01 -0.17553 9.84510 0.7914107442 2.4156830541    0.791 -0.392  3.7231  4.573    1  0.000  0.536     0.00     0.00     0.00     0.00     0.00 -1 -2.96e-14      0.00 7.538e-01 2.372e-01 1.596e-03 4.362e-04 3.966e-03 -1.000 8.997e-03 5.750 7.236 6.740 5.933 5.429 5.031 4.490 4.052 3.991
0.01 -0.17553 9.84510 0.7978261113 2.4179617971    0.797 -0.372  3.7259  4.567    1  0.000  0.536     0.00     0.00     0.00     0.00     0.00 -1  -3.1e-14      0.00 7.543e-01 2.367e-01 1.593e-03 4.354e-04 3.959e-03 -1.000 8.985e-03 5.700 7.138 6.670 5.872 5.376 4.983 4.451 4.020 3.961
0.01 -0.17553 9.84510 0.8120861650 2.4228789972    0.812 -0.327  3.7319  4.554    1  0.000  0.536     0.00     0.00     0.00     0.00     0.00 -1 -3.46e-14      0.00 7.556e-01 2.354e-01 1.585e-03 4.334e-04 3.940e-03 -1.000 8.958e-03 5.588 6.929 6.515 5.740 5.260 4.877 4.363 3.948 3.890
0.01 -0.17553 9.84510 0.8312615156 2.4291862333    0.831 -0.268  3.7396  4.535    1  0.000  0.536     0.00     0.00     0.00     0.00     0.00 -1 -4.01e-14      0.00 7.575e-01 2.336e-01 1.575e-03 4.306e-04 3.915e-03 -1.000 8.924e-03 5.439 6.656 6.310 5.565 5.106 4.736 4.245 3.850 3.796
0.01 -0.17553 9.84510 0.8456522226 2.4337042376    0.845 -0.223  3.7452  4.520    1  0.000  0.536     0.00     0.00     0.00     0.00     0.00 -1 -4.48e-14      0.00 7.589e-01 2.322e-01 1.567e-03 4.285e-04 3.896e-03 -1.000 8.900e-03 5.327 6.451 6.160 5.437 4.994 4.633 4.158 3.776 3.725
0.01 -0.17553 9.84510 0.8597455621 2.4379607220    0.859 -0.179  3.7502  4.504    1  0.000  0.536     0.00     0.00     0.00     0.00     0.00 -1 -5.01e-14      0.00 7.606e-01 2.305e-01 1.557e-03 4.258e-04 3.873e-03 -1.000 8.825e-03 5.217 6.259 6.016 5.314 4.885 4.532 4.071 3.700 3.651
0.01 -0.17553 9.84510 0.8784809709 2.4433767519    0.877 -0.120  3.7567  4.480    1  0.000  0.536     0.00     0.00     0.00     0.00     0.00 -1 -5.83e-14      0.00 7.630e-01 2.283e-01 1.544e-03 4.223e-04 3.841e-03 -1.000 8.723e-03 5.070 6.020 5.831 5.153 4.740 4.396 3.952 3.597 3.550
0.01 -0.17553 9.84510 0.8934782743 2.4475244551    0.892 -0.072  3.7616  4.459    1  0.000  0.536     0.00     0.00     0.00     0.00     0.00 -1 -6.61e-14      0.00 7.650e-01 2.264e-01 1.533e-03 4.193e-04 3.815e-03 -1.000 8.662e-03 4.951 5.833 5.682 5.023 4.623 4.286 3.856 3.511 3.467
0.01 -0.17553 9.84510 0.9098976851 2.4518856289    0.909 -0.020  3.7664  4.434    1  0.000  0.536     0.00     0.00     0.00     0.00     0.00 -1 -7.62e-14      0.00 7.678e-01 2.237e-01 1.517e-03 4.151e-04 3.777e-03 -1.000 8.571e-03 4.819 5.639 5.521 4.883 4.494 4.166 3.748 3.413 3.372
0.01 -0.17553 9.84510 0.9312290549 2.4572881782    0.930  0.050  3.7723  4.397    1  0.000  0.535     0.00     0.00     0.00     0.00     0.00 -1 -9.22e-14      0.00 7.715e-01 2.200e-01 1.496e-03 4.093e-04 3.724e-03 -1.000 8.465e-03 4.645 5.393 5.312 4.699 4.324 4.005 3.603 3.281 3.242
0.01 -0.17553 9.84510 0.9413043261 2.4597422279    0.940  0.084  3.7748  4.379    1  0.000  0.535     0.00     0.00     0.00     0.00     0.00 -1 -1.01e-13      0.00 7.734e-01 2.182e-01 1.485e-03 4.064e-04 3.699e-03 -1.000 8.425e-03 4.561 5.278 5.213 4.611 4.242 3.927 3.532 3.215 3.178
0.01 -0.17553 9.84510 0.9488301277 2.4615362467    0.948  0.109  3.7766  4.364    1  0.000  0.535     0.00     0.00     0.00     0.00     0.00 -1 -1.09e-13      0.00 7.753e-01 2.163e-01 1.474e-03 4.036e-04 3.673e-03 -1.000 8.371e-03 4.497 5.194 5.139 4.545 4.181 3.869 3.477 3.165 3.128
0.01 -0.17553 9.84510 0.9665208459 2.4656271555    0.965  0.169  3.7802  4.326    1  0.000  0.535     0.00     0.00     0.00     0.00     0.00 -1 -1.29e-13      0.00 7.798e-01 2.119e-01 1.449e-03 3.967e-04 3.611e-03 -1.000 8.249e-03 4.346 5.002 4.966 4.388 4.033 3.727 3.345 3.040 3.005
0.01 -0.17553 9.84510 0.9831936359 2.4693281108    0.982  0.225  3.7828  4.288    1  0.000  0.534     0.00     0.00     0.00     0.00     0.00 -1 -1.52e-13      0.00 7.842e-01 2.076e-01 1.423e-03 3.900e-04 3.551e-03 -1.000 8.112e-03 4.207 4.837 4.812 4.246 3.896 3.595 3.219 2.920 2.886
0.01 -0.17553 9.84510 0.9891304374 2.4706113457    0.988  0.246  3.7835  4.273    1  0.000  0.534     0.00     0.00     0.00     0.00     0.00 -1 -1.62e-13      0.00 7.857e-01 2.062e-01 1.415e-03 3.878e-04 3.532e-03 -1.000 8.038e-03 4.156 4.780 4.757 4.194 3.846 3.545 3.172 2.874 2.841
0.01 -0.17553 9.84510 0.9969019890 2.4722646253    0.996  0.273  3.7843  4.253    1  0.000  0.534     0.00     0.00     0.00     0.00     0.00 -1 -1.74e-13      0.00 7.879e-01 2.041e-01 1.404e-03 3.847e-04 3.504e-03 -1.000 7.940e-03 4.089 4.705 4.685 4.126 3.780 3.480 3.109 2.813 2.780
0.01 -0.17553 9.84510 1.0077675581 2.4745270228    1.007  0.313  3.7855  4.222    1  0.000  0.534     0.00     0.00     0.00     0.00     0.00 -1 -1.94e-13      0.00 7.890e-01 2.030e-01 1.399e-03 3.833e-04 3.492e-03 -1.000 7.955e-03 3.987 4.593 4.576 4.022 3.679 3.382 3.013 2.720 2.687
0.01 -0.17553 9.84510 1.0112456083 2.4752394101    1.010  0.327  3.7858  4.211    1  0.000  0.534     0.00     0.00     0.00     0.00     0.00 -1 -2.02e-13      0.00 7.893e-01 2.028e-01 1.398e-03 3.830e-04 3.489e-03 -1.000 7.931e-03 3.954 4.557 4.541 3.989 3.646 3.349 2.981 2.689 2.656
0.01 -0.17553 9.84510 1.0174418688 2.4764946844    1.016  0.351  3.7860  4.190    1  0.000  0.534     0.00     0.00     0.00     0.00     0.00 -1 -2.17e-13      0.00 7.898e-01 2.023e-01 1.396e-03 3.825e-04 3.485e-03 -1.000 7.920e-03 3.892 4.493 4.478 3.927 3.585 3.289 2.921 2.630 2.597
0.01 -0.17553 9.84510 1.0276896954 2.4785325963    1.026  0.393  3.7860  4.153    1  0.000  0.534     0.00     0.00     0.00     0.00     0.00 -1 -2.45e-13      0.00 7.904e-01 2.017e-01 1.394e-03 3.820e-04 3.481e-03 -1.000 7.888e-03 3.788 4.390 4.372 3.822 3.481 3.185 2.817 2.526 2.493
0.01 -0.17553 9.84510 1.0369565487 2.4803356019    1.035  0.432  3.7852  4.114    1  0.000  0.534     0.00     0.00     0.00     0.00     0.00 -1 -2.76e-13      0.00 7.902e-01 2.019e-01 1.397e-03 3.829e-04 3.489e-03 -1.000 7.926e-03 3.690 4.299 4.277 3.725 3.382 3.085 2.715 2.422 2.389
0.01 -0.17553 9.84510 1.0388027430 2.4806903904    1.037  0.440  3.7850  4.106    1  0.000  0.534     0.00     0.00     0.00     0.00     0.00 -1 -2.82e-13      0.00 7.898e-01 2.023e-01 1.400e-03 3.838e-04 3.498e-03 -1.000 7.954e-03 3.670 4.281 4.258 3.705 3.362 3.065 2.694 2.401 2.368
0.01 -0.17553 9.84510 1.0468766689 2.4822250863    1.045  0.476  3.7834  4.067    1  0.000  0.534     0.00     0.00     0.00     0.00     0.00 -1 -3.16e-13      0.00 7.864e-01 2.055e-01 1.424e-03 3.904e-04 3.558e-03 -1.000 8.150e-03 3.580 4.205 4.175 3.616 3.270 2.970 2.596 2.299 2.265
0.01 -0.17553 9.84510 1.0546712875 2.4836810842    1.053  0.512  3.7797  4.020    2  0.000  0.534     0.00     0.00     0.00     0.00     0.00 -1 -3.57e-13      0.00 7.797e-01 2.119e-01 1.467e-03 4.023e-04 3.666e-03 -1.000 8.349e-03 3.490 4.148 4.103 3.530 3.177 2.872 2.488 2.184 2.148
0.01 -0.17553 9.84510 1.0616375208 2.4849615586    1.060  0.542  3.7740  3.969    2  0.000  0.534     0.00     0.00     0.00     0.00     0.00 -1 -3.99e-13      0.00 7.706e-01 2.207e-01 1.521e-03 4.167e-04 3.796e-03 -1.000 8.660e-03 3.415 4.134 4.059 3.463 3.098 2.784 2.384 2.067 2.029
0.01 -0.17553 9.84510 1.0679026842 2.4860967744    1.066  0.563  3.7646  3.913    2  0.000  0.535     0.00     0.00     0.00     0.00     0.00 -1 -4.42e-13      0.00 7.577e-01 2.333e-01 1.591e-03 4.357e-04 3.966e-03 -1.000 9.050e-03 3.363 4.184 4.061 3.427 3.042 2.712 2.287 1.949 1.907
0.01 -0.17553 9.84510 1.0717778206 2.4867912947    1.070  0.564  3.7535  3.870    2  0.000  0.536     0.00     0.00     0.00     0.00     0.00 -1 -4.63e-13      0.00 7.477e-01 2.430e-01 1.645e-03 4.500e-04 4.094e-03 -1.000 9.328e-03 3.361 4.314 4.125 3.447 3.037 2.690 2.235 1.871 1.824
0.01 -0.17553 9.84510 1.0741353035 2.4872109957    1.072  0.555  3.7430  3.837    2  0.000  0.536     0.00     0.00     0.00     0.00     0.00 -1  -4.7e-13      0.00 7.416e-01 2.489e-01 1.677e-03 4.585e-04 4.169e-03 -1.000 9.476e-03 3.383 4.473 4.212 3.495 3.061 2.697 2.212 1.823 1.771
0.01 -0.17553 9.84510 1.0757875443 2.4875038825    1.074  0.547  3.7339  3.809    2  0.000  0.537     0.00     0.00     0.00     0.00     0.00 -1 -4.75e-13      0.00 7.380e-01 2.524e-01 1.695e-03 4.634e-04 4.212e-03 -1.000 9.567e-03 3.402 4.616 4.291 3.540 3.085 2.706 2.194 1.782 1.727
0.01 -0.17553 9.84510 1.0773532391 2.4877804745    1.075  0.547  3.7253  3.775    2  0.000  0.537     0.00     0.00     0.00     0.00     0.00 -1 -4.91e-13      0.00 7.351e-01 2.552e-01 1.709e-03 4.671e-04 4.245e-03 -1.000 9.642e-03 3.402 4.738 4.350 3.567 3.092 2.699 2.160 1.724 1.667
0.01 -0.17553 9.84510 1.0792297125 2.4881107523    1.077  0.564  3.7164  3.724    2  0.000  0.537     0.00     0.00     0.00     0.00     0.00 -1 -5.37e-13      0.00 7.322e-01 2.581e-01 1.722e-03 4.706e-04 4.276e-03 -1.000 9.716e-03 3.361 4.831 4.374 3.558 3.062 2.654 2.086 1.625 1.565
0.01 -0.17553 9.84510 1.0808931589 2.4884024328    1.079  0.593  3.7102  3.671    2  0.000  0.537     0.00     0.00     0.00     0.00     0.00 -1 -6.08e-13      0.00 7.296e-01 2.606e-01 1.731e-03 4.730e-04 4.298e-03 -1.000 9.780e-03 3.289 4.853 4.348 3.510 2.998 2.579 1.990 1.512 1.449
0.01 -0.17553 9.84510 1.0813596249 2.4884840410    1.079  0.603  3.7088  3.655    2  0.000  0.537     0.00     0.00     0.00     0.00     0.00 -1 -6.34e-13      0.00 7.289e-01 2.613e-01 1.734e-03 4.736e-04 4.304e-03 -1.000 9.798e-03 3.263 4.850 4.334 3.490 2.974 2.552 1.959 1.477 1.413
0.01 -0.17553 9.84510 1.0820866823 2.4886110783    1.080  0.624  3.7071  3.628    3  0.000  0.537     0.00     0.00     0.00     0.00     0.00 -1 -6.85e-13      0.00 7.276e-01 2.625e-01 1.736e-03 4.745e-04 4.311e-03 -1.000 9.831e-03 3.209 4.821 4.294 3.443 2.924 2.499 1.900 1.413 1.349
0.01 -0.17553 9.84510 1.0834878683 2.4888553519    1.081  0.669  3.7044  3.572    3  0.000  0.535     0.00     0.00     0.00     0.00     0.00 -1 -8.06e-13      0.00 7.250e-01 2.651e-01 1.735e-03 4.773e-04 4.322e-03 -1.000 9.863e-03 3.097 4.749 4.203 3.342 2.817 2.387 1.779 1.283 1.218
0.01 -0.17553 9.84510 1.0847826004 2.4890804221    1.083  0.716  3.7023  3.517    3  0.000  0.528     0.00     0.00     0.00     0.00     0.00 -1 -9.54e-13      0.00 7.222e-01 2.680e-01 1.715e-03 4.936e-04 4.332e-03 -1.000 9.869e-03 2.979 4.659 4.101 3.233 2.703 2.269 1.654 1.153 1.087
0.01 -0.17553 9.84510 1.0850418806 2.4891254199    1.083  0.726  3.7019  3.506    3  0.000  0.526     0.00     0.00     0.00     0.00     0.00 -1 -9.87e-13      0.00 7.216e-01 2.686e-01 1.711e-03 4.976e-04 4.333e-03 -1.000 9.870e-03 2.955 4.640 4.080 3.211 2.680 2.245 1.628 1.126 1.060
0.01 -0.17553 9.84510 1.0861214399 2.4893125108    1.084  0.770  3.7003  3.457    3  0.000  0.513     0.00     0.00     0.00     0.00     0.00 -1 -1.15e-12      0.00 7.189e-01 2.713e-01 1.669e-03 5.397e-04 4.340e-03 -1.000 9.870e-03 2.846 4.554 3.983 3.107 2.573 2.135 1.513 1.006 0.940
0.01 -0.17553 9.84510 1.0873183012 2.4895194311    1.085  0.823  3.6987  3.398    3  0.000  0.492     0.00     0.00     0.00     0.00     0.00 -1 -1.39e-12      0.00 7.157e-01 2.744e-01 1.604e-03 6.158e-04 4.346e-03 -1.000 9.873e-03 2.714 4.451 3.866 2.983 2.444 2.003 1.375 0.863 0.796
0.01 -0.17553 9.84510 1.0881710052 2.4896665323    1.086  0.864  3.6974  3.352    3  0.000  0.477     0.00     0.00     0.00     0.00     0.00 -1 -1.61e-12      0.00 7.132e-01 2.768e-01 1.555e-03 6.764e-04 4.350e-03 -1.000 9.918e-03 2.611 4.369 3.775 2.885 2.344 1.900 1.268 0.752 0.684
0.01 -0.17553 9.84510 1.0889728069 2.4898046106    1.087  0.905  3.6962  3.306    3  0.000  0.464     0.00     0.00     0.00     0.00     0.00 -1 -1.86e-12      0.00 7.110e-01 2.790e-01 1.516e-03 7.262e-04 4.353e-03 -1.000 9.964e-03 2.507 4.287 3.683 2.787 2.243 1.797 1.160 0.640 0.572
0.01 -0.17553 9.84510 1.0897303820 2.4899348579    1.087  0.948  3.6948  3.258    3  0.000  0.456     0.00     0.00     0.00     0.00     0.00 -1 -2.17e-12      0.00 7.093e-01 2.807e-01 1.489e-03 7.598e-04 4.355e-03 -1.000 9.930e-03 2.400 4.205 3.589 2.687 2.139 1.690 1.048 0.525 0.456
0.01 -0.17553 9.84510 1.0906021595 2.4900844822    1.088  1.001  3.6930  3.198    3  0.000  0.448     0.00     0.00     0.00     0.00     0.00 -1 -2.62e-12      0.00 7.075e-01 2.826e-01 1.464e-03 7.925e-04 4.357e-03 -1.000 9.910e-03 2.268 4.103 3.472 2.562 2.010 1.558 0.909 0.381 0.312
0.01 -0.17553 9.84510 1.0914043188 2.4902219151    1.089  1.055  3.6911  3.136    3  0.000  0.443     0.00     0.00     0.00     0.00     0.00 -1 -3.18e-12      0.00 7.061e-01 2.840e-01 1.447e-03 8.142e-04 4.359e-03 -1.000 9.921e-03 2.132 4.001 3.354 2.434 1.878 1.422 0.767 0.232 0.163
0.01 -0.17553 9.84510 1.0921193361 2.4903442223    1.090  1.108  3.6891  3.075    3  0.000  0.439     0.00     0.00     0.00     0.00     0.00 -1 -3.85e-12      0.00 7.051e-01 2.849e-01 1.436e-03 8.286e-04 4.360e-03 -1.000 9.938e-03 1.999 3.904 3.240 2.311 1.749 1.289 0.627 0.086 0.016
0.01 -0.17553 9.84510 1.0927302837 2.4904485821    1.090  1.159  3.6872  3.017    3  0.000  0.437     0.00     0.00     0.00     0.00     0.00 -1 -4.62e-12      0.00 7.045e-01 2.855e-01 1.428e-03 8.378e-04 4.360e-03 -1.000 9.961e-03 1.873 3.815 3.134 2.195 1.628 1.164 0.494 -0.052 -0.124
0.01 -0.17553 9.84510 1.0933045149 2.4905465479    1.091  1.211  3.6850  2.957    3  0.000  0.435     0.00     0.00     0.00     0.00     0.00 -1 -5.58e-12      0.00 7.040e-01 2.860e-01 1.424e-03 8.440e-04 4.361e-03 -1.000 9.971e-03 1.743 3.725 3.025 2.076 1.503 1.035 0.357 -0.196 -0.268
0.01 -0.17553 9.84510 1.0938297510 2.4906360513    1.091  1.264  3.6827  2.895    3  0.000  0.434     0.00     0.00     0.00     0.00     0.00 -1 -6.76e-12      0.00 7.038e-01 2.862e-01 1.421e-03 8.477e-04 4.361e-03 -1.000 9.976e-03 1.611 3.636 2.915 1.955 1.377 0.904 0.217 -0.342 -0.416
0.01 -0.17553 9.84510 1.0942808390 2.4907128406    1.091  1.314  3.6804  2.836    3  0.000  0.434     0.00     0.00     0.00     0.00     0.00 -1 -8.11e-12      0.00 7.037e-01 2.863e-01 1.420e-03 8.489e-04 4.361e-03 -1.000 9.976e-03 1.485 3.552 2.811 1.841 1.257 0.779 0.085 -0.482 -0.557
0.01 -0.17553 9.84510 1.0946823359 2.4907811267    1.092  1.363  3.6780  2.777    3  0.000  0.434     0.00     0.00     0.00     0.00     0.00 -1 -9.72e-12      0.00 7.037e-01 2.863e-01 1.420e-03 8.493e-04 4.362e-03 -1.000 9.976e-03 1.362 3.474 2.712 1.731 1.141 0.658 -0.045 -0.619 -0.695
0.01 -0.17553 9.84510 1.0950539112 2.4908442725    1.092  1.413  3.6756  2.718    3  0.000  0.434     0.00     0.00     0.00     0.00     0.00 -1 -1.16e-11      0.00 7.037e-01 2.863e-01 1.419e-03 8.496e-04 4.362e-03 -1.000 9.976e-03 1.239 3.398 2.613 1.621 1.024 0.536 -0.177 -0.758 -0.835
0.01 -0.17553 9.84510 1.0953924656 2.4909017638    1.092  1.462  3.6731  2.659    3  0.000  0.434     0.00     0.00     0.00     0.00     0.00 -1  -1.4e-11      0.00 7.037e-01 2.863e-01 1.419e-03 8.499e-04 4.362e-03 -1.000 9.977e-03 1.116 3.324 2.515 1.512 0.908 0.415 -0.307 -0.896 -0.975
0.01 -0.17553 9.84510 1.0957047939 2.4909547653    1.092  1.511  3.6705  2.600    3  0.000  0.434     0.00     0.00     0.00     0.00     0.00 -1 -1.67e-11      0.00 7.037e-01 2.863e-01 1.419e-03 8.502e-04 4.362e-03 -1.000 9.977e-03 0.993 3.251 2.418 1.404 0.793 0.294 -0.437 -1.035 -1.115
0.01 -0.17553 9.84510 1.0959910154 2.4910033061    1.093  1.559  3.6679  2.542    3  0.000  0.434     0.00     0.00     0.00     0.00     0.00 -1    -2e-11      0.00 7.037e-01 2.863e-01 1.419e-03 8.505e-04 4.362e-03 -1.000 9.977e-03 0.873 3.184 2.326 1.300 0.681 0.177 -0.565 -1.170 -1.252
0.01 -0.17553 9.84510 1.0962661505 2.4910499392    1.093  1.605  3.6654  2.485    3  0.000  0.434     0.00     0.00     0.00     0.00     0.00 -1 -2.37e-11      0.00 7.037e-01 2.864e-01 1.418e-03 8.508e-04 4.362e-03 -1.000 9.977e-03 0.758 3.124 2.239 1.200 0.574 0.063 -0.688 -1.301 -1.384
0.01 -0.17553 9.84510 1.0965931416 2.4911053264    1.093  1.649  3.6630  2.431    3  0.000  0.434     0.00     0.00     0.00     0.00     0.00 -1  -2.8e-11      0.00 7.037e-01 2.864e-01 1.418e-03 8.511e-04 4.362e-03 -1.000 9.977e-03 0.647 3.078 2.159 1.104 0.470 -0.046 -0.806 -1.426 -1.511
0.01 -0.17553 9.84510 1.0967037678 2.4911240562    1.093  1.661  3.6624  2.418    3  0.000  0.434     0.00     0.00     0.00     0.00     0.00 -1 -2.92e-11      0.00 7.037e-01 2.864e-01 1.418e-03 8.512e-04 4.362e-03 -1.000 9.977e-03 0.618 3.065 2.138 1.079 0.443 -0.074 -0.836 -1.459 -1.543
0.01 -0.17553 9.84510 1.0968852043 2.4911547653    1.093  1.637  3.6640  2.448    3  0.000  0.433     0.00     0.00     0.00     0.00     0.00 -1  -2.7e-11      0.00 7.037e-01 2.864e-01 1.418e-03 8.513e-04 4.362e-03 -1.000 9.977e-03 0.677 3.081 2.176 1.128 0.497 -0.016 -0.772 -1.390 -1.473
0.01 -0.17553 9.84510 1.0970208645 2.4911777188    1.093  1.603  3.6663  2.491    3  0.000  0.433     0.00     0.00     0.00     0.00     0.00 -1 -2.39e-11      0.00 7.037e-01 2.864e-01 1.418e-03 8.515e-04 4.362e-03 -1.000 9.977e-03 0.763 3.107 2.234 1.199 0.576 0.068 -0.679 -1.290 -1.372
0.01 -0.17553 9.84510 1.0970804691 2.4911878018    1.093  1.587  3.6674  2.512    3  0.000  0.433     0.00     0.00     0.00     0.00     0.00 -1 -2.24e-11      0.00 7.037e-01 2.864e-01 1.418e-03 8.515e-04 4.362e-03 -1.000 9.978e-03 0.804 3.123 2.262 1.233 0.613 0.108 -0.636 -1.243 -1.325
0.01 -0.17553 9.84510 1.0971152782 2.4911936896    1.093  1.594  3.6670  2.502    3  0.000  0.433     0.00     0.00     0.00     0.00     0.00 -1 -2.29e-11      0.00 7.037e-01 2.864e-01 1.418e-03 8.515e-04 4.362e-03 -1.000 9.978e-03 0.784 3.113 2.247 1.216 0.595 0.089 -0.656 -1.265 -1.347
0.01 -0.17553 9.84510 1.0973237753 2.4912289474    1.093  1.640  3.6643  2.446    3  0.000  0.433     0.00     0.00     0.00     0.00     0.00 -1 -2.69e-11      0.00 7.037e-01 2.864e-01 1.418e-03 8.517e-04 4.362e-03 -1.000 9.978e-03 0.671 3.068 2.166 1.119 0.489 -0.023 -0.778 -1.394 -1.478
0.01 -0.17553 9.84510 1.0975322723 2.4912641897    1.093  1.686  3.6617  2.390    3  0.000  0.433     0.00     0.00     0.00     0.00     0.00 -1 -3.18e-11      0.00 7.036e-01 2.864e-01 1.418e-03 8.519e-04 4.362e-03 -1.000 9.978e-03 0.556 3.025 2.085 1.021 0.382 -0.136 -0.901 -1.526 -1.611
0.01 -0.17553 9.84510 1.0977324247 2.4912980071    1.093  1.732  3.6589  2.332    3  0.000  0.433     0.00     0.00     0.00     0.00     0.00 -1 -3.78e-11      0.00 7.036e-01 2.864e-01 1.417e-03 8.521e-04 4.362e-03 -1.000 9.978e-03 0.440 2.984 2.005 0.923 0.275 -0.250 -1.026 -1.659 -1.745
0.01 -0.17553 9.84510 1.0979179144 2.4913293344    1.093  1.779  3.6561  2.274    3  0.000  0.433     0.00     0.00     0.00     0.00     0.00 -1  -4.5e-11      0.00 7.036e-01 2.864e-01 1.417e-03 8.523e-04 4.362e-03 -1.000 9.978e-03 0.324 2.947 1.927 0.827 0.168 -0.364 -1.150 -1.792 -1.880
0.01 -0.17553 9.84510 1.0980843306 2.4913574300    1.093  1.824  3.6533  2.218    3  0.000  0.433     0.00     0.00     0.00     0.00     0.00 -1 -5.32e-11      0.00 7.036e-01 2.864e-01 1.417e-03 8.524e-04 4.362e-03 -1.000 9.978e-03 0.211 2.913 1.852 0.734 0.065 -0.473 -1.271 -1.921 -2.010
0.01 -0.17553 9.84510 1.0982414484 2.4913839469    1.093  1.869  3.6503  2.161    3  0.000  0.433     0.00     0.00     0.00     0.00     0.00 -1 -6.32e-11      0.00 7.036e-01 2.864e-01 1.417e-03 8.526e-04 4.362e-03 -1.000 9.978e-03 0.096 2.880 1.776 0.640 -0.040 -0.585 -1.394 -2.053 -2.145
0.01 -0.17553 9.84510 1.0983831882 2.4914078609    1.093  1.914  3.6475  2.105    3  0.000  0.433     0.00     0.00     0.00     0.00     0.00 -1 -7.48e-11      0.00 7.036e-01 2.864e-01 1.417e-03 8.527e-04 4.362e-03 -1.000 9.978e-03 -0.015 2.851 1.705 0.550 -0.141 -0.693 -1.514 -2.182 -2.275
0.01 -0.17553 9.84510 1.0985131264 2.4914297775    1.093  1.958  3.6446  2.049    3  0.000  0.433     0.00     0.00     0.00     0.00     0.00 -1 -8.83e-11      0.00 7.036e-01 2.864e-01 1.417e-03 8.528e-04 4.362e-03 -1.000 9.978e-03 -0.126 2.826 1.636 0.462 -0.239 -0.800 -1.632 -2.309 -2.404
0.01 -0.17553 9.84510 1.0986338854 2.4914501405    1.093  2.003  3.6417  1.993    3  0.000  0.433     0.00     0.00     0.00     0.00     0.00 -1 -1.04e-10      0.00 7.036e-01 2.864e-01 1.417e-03 8.530e-04 4.362e-03 -1.000 9.979e-03 -0.237 2.800 1.568 0.374 -0.339 -0.907 -1.751 -2.437 -2.534
0.01 -0.17553 9.84510 1.0987429619 2.4914685291    1.093  2.047  3.6387  1.937    3  0.000  0.433     0.00     0.00     0.00     0.00     0.00 -1 -1.23e-10      0.00 7.036e-01 2.864e-01 1.417e-03 8.531e-04 4.362e-03 -1.000 9.979e-03 -0.346 2.765 1.505 0.286 -0.435 -1.010 -1.867 -2.558 -2.659
0.01 -0.17553 9.84510 1.0988442898 2.4914856077    1.092  2.091  3.6357  1.881    3  0.000  0.433     0.00     0.00     0.00     0.00     0.00 -1 -1.45e-10      0.00 7.036e-01 2.864e-01 1.417e-03 8.531e-04 4.362e-03 -1.000 9.979e-03 -0.456 2.728 1.442 0.198 -0.531 -1.114 -1.983 -2.678 -2.784
0.01 -0.17553 9.84510 1.0989352465 2.4915009352    1.092  2.133  3.6328  1.826    3  0.000  0.433     0.00     0.00     0.00     0.00     0.00 -1 -1.71e-10      0.00 7.036e-01 2.864e-01 1.417e-03 8.532e-04 4.362e-03 -1.000 9.979e-03 -0.563 2.692 1.381 0.112 -0.624 -1.214 -2.096 -2.796 -2.907
0.01 -0.17553 9.84510 1.0990196466 2.4915151551    1.092  2.176  3.6298  1.771    3  0.000  0.433     0.00     0.00     0.00     0.00     0.00 -1 -2.01e-10      0.00 7.036e-01 2.864e-01 1.417e-03 8.533e-04 4.362e-03 -1.000 9.979e-03 -0.671 2.655 1.320 0.027 -0.717 -1.314 -2.210 -2.914 -3.030
0.01 -0.17553 9.84510 1.0990971327 2.4915282080    1.092  2.219  3.6268  1.717    3  0.000  0.433     0.00     0.00     0.00     0.00     0.00 -1 -2.37e-10      0.00 7.036e-01 2.864e-01 1.417e-03 8.534e-04 4.362e-03 -1.000 9.979e-03 -0.777 2.616 1.259 -0.056 -0.807 -1.413 -2.322 -3.031 -3.151
0.01 -0.17553 9.84510 1.0991679430 2.4915401344    1.091  2.261  3.6238  1.662    3  0.000  0.433     0.00     0.00     0.00     0.00     0.00 -1 -2.77e-10      0.00 7.036e-01 2.864e-01 1.416e-03 8.534e-04 4.362e-03 -1.000 9.979e-03 -0.882 2.579 1.201 -0.136 -0.895 -1.509 -2.432 -3.146 -3.272
0.01 -0.17553 9.84510 1.0992342234 2.4915512963    1.091  2.303  3.6207  1.608    3  0.000  0.433     0.00     0.00     0.00     0.00     0.00 -1 -3.26e-10      0.00 7.036e-01 2.864e-01 1.416e-03 8.535e-04 4.362e-03 -1.000 9.979e-03 -0.988 2.539 1.140 -0.218 -0.984 -1.606 -2.543 -3.262 -3.394
0.01 -0.17553 9.84510 1.0992934704 2.4915612724    1.090  2.344  3.6177  1.555    3  0.000  0.433     0.00     0.00     0.00     0.00     0.00 -1 -3.81e-10      0.00 7.036e-01 2.864e-01 1.416e-03 8.536e-04 4.362e-03 -1.000 9.979e-03 -1.089 2.502 1.084 -0.295 -1.067 -1.698 -2.649 -3.374 -3.512
0.01 -0.17553 9.84510 1.0993492603 2.4915706653    1.090  2.385  3.6147  1.501    3  0.000  0.433     0.00     0.00     0.00     0.00     0.00 -1 -4.46e-10      0.00 7.036e-01 2.864e-01 1.416e-03 8.536e-04 4.362e-03 -1.000 9.979e-03 -1.192 2.466 1.028 -0.371 -1.150 -1.791 -2.757 -3.487 -3.632
0.01 -0.17553 9.84510 1.0994009972 2.4915793748    1.089  2.426  3.6116  1.447    3  0.000  0.433     0.00     0.00     0.00     0.00     0.00 -1 -5.22e-10      0.00 7.036e-01 2.864e-01 1.416e-03 8.537e-04 4.362e-03 -1.000 9.979e-03 -1.296 2.465 0.977 -0.442 -1.234 -1.887 -2.867 -3.606 -3.755
0.01 -0.17553 9.84510 1.0994476080 2.4915872206    1.089  2.466  3.6085  1.395    3  0.000  0.433     0.00     0.00     0.00     0.00     0.00 -1  -6.1e-10      0.00 7.036e-01 2.864e-01 1.416e-03 8.537e-04 4.362e-03 -1.000 9.979e-03 -1.396 2.468 0.931 -0.508 -1.313 -1.979 -2.975 -3.722 -3.875
0.01 -0.17553 9.84510 1.0994913578 2.4915945841    1.088  2.507  3.6054  1.342    3  0.000  0.433    10.41     7.70     5.42     4.16     3.38  4 -7.12e-10      0.00 7.036e-01 2.864e-01 1.416e-03 8.537e-04 4.362e-03 -1.000 9.979e-03 -1.497 2.472 0.886 -0.572 -1.391 -2.072 -3.082 -3.839 -3.997
0.01 -0.17553 9.84510 1.0995314121 2.4916013250    1.088  2.547  3.6024  1.289    3  0.000  0.433    11.59     8.46     5.93     4.56     3.70  4  -8.3e-10      0.00 7.036e-01 2.864e-01 1.416e-03 8.538e-04 4.362e-03 -1.000 9.979e-03 -1.596 2.476 0.842 -0.635 -1.468 -2.163 -3.188 -3.954 -4.116
0.01 -0.17553 9.84510 1.0995681286 2.4916075037    1.087  2.585  3.5992  1.238    3  0.000  0.433    12.91     9.28     6.48     4.99     4.05  4 -9.65e-10      0.00 7.036e-01 2.864e-01 1.416e-03 8.538e-04 4.362e-03 -1.000 9.979e-03 -1.694 2.484 0.803 -0.694 -1.540 -2.251 -3.292 -4.067 -4.234
0.01 -0.17553 9.84510 1.0996023417 2.4916132607    1.086  2.624  3.5961  1.186    3  0.000  0.433    14.36    10.19     7.09     5.46     4.44  3 -1.12e-09      0.00 7.036e-01 2.864e-01 1.416e-03 8.539e-04 4.362e-03 -1.000 9.979e-03 -1.791 2.487 0.765 -0.749 -1.610 -2.339 -3.396 -4.180 -4.351
0.01 -0.17553 9.84510 1.0996335745 2.4916185159    1.085  2.662  3.5930  1.136    3  0.000  0.433    15.94    11.16     7.73     5.97     4.85  3  -1.3e-09      0.00 7.036e-01 2.864e-01 1.416e-03 8.539e-04 4.362e-03 -1.000 9.979e-03 -1.885 2.493 0.729 -0.802 -1.677 -2.425 -3.497 -4.290 -4.466
0.01 -0.17553 9.84510 1.0996625423 2.4916233896    1.084  2.700  3.5899  1.085    3  0.000  0.433    17.69    12.22     8.43     6.52     5.29  3  -1.5e-09      0.00 7.036e-01 2.864e-01 1.416e-03 8.539e-04 4.362e-03 -1.000 9.979e-03 -1.979 2.501 0.695 -0.854 -1.742 -2.509 -3.597 -4.399 -4.580
0.01 -0.17553 9.84510 1.0996897221 2.4916279622    1.083  2.737  3.5868  1.035    3  0.000  0.433    19.62    13.37     9.19     7.11     5.78  3 -1.74e-09      0.00 7.036e-01 2.864e-01 1.416e-03 8.539e-04 4.362e-03 -1.000 9.979e-03 -2.072 2.505 0.666 -0.898 -1.802 -2.591 -3.697 -4.508 -4.693
0.01 -0.17553 9.84510 1.0997148752 2.4916321937    1.082  2.773  3.5836  0.986    3  0.000  0.433    21.73    14.62    10.00     7.75     6.30  3    -2e-09      0.00 7.036e-01 2.864e-01 1.416e-03 8.540e-04 4.362e-03 -1.000 9.979e-03 -2.163 2.513 0.640 -0.939 -1.859 -2.672 -3.795 -4.614 -4.804
0.01 -0.17553 9.84510 1.0997432470 2.4916369663    1.081  2.817  3.5797  0.926    3  0.000  0.433    24.61    16.29    11.09     8.62     7.00  3 -2.38e-09      0.00 7.036e-01 2.864e-01 1.416e-03 8.540e-04 4.362e-03 -1.000 9.979e-03 -2.273 2.531 0.614 -0.985 -1.925 -2.769 -3.914 -4.743 -4.940
0.01 -0.17553 9.84510 1.0997693539 2.4916413577    1.079  2.860  3.5758  0.866    3  0.000  0.433    27.84    18.14    12.29     9.56     7.77  3 -2.83e-09      0.00 7.036e-01 2.864e-01 1.416e-03 8.540e-04 4.362e-03 -1.000 9.979e-03 -2.381 2.541 0.598 -1.014 -1.977 -2.862 -4.032 -4.871 -5.074
0.01 -0.17553 9.84510 1.0997935534 2.4916454281    1.078  2.903  3.5718  0.807    3  0.000  0.433    31.47    20.19    13.61    10.61     8.63  2 -3.35e-09      0.00 7.036e-01 2.864e-01 1.416e-03 8.540e-04 4.362e-03 -1.000 9.979e-03 -2.488 2.554 0.584 -1.042 -2.027 -2.954 -4.149 -4.998 -5.207
0.01 -0.17553 9.84510 1.0998157263 2.4916491574    1.076  2.945  3.5679  0.748    3  0.000  0.433    35.52    22.43    15.05    11.74     9.55  2 -3.96e-09      0.00 7.036e-01 2.864e-01 1.416e-03 8.540e-04 4.362e-03 -1.000 9.979e-03 -2.592 2.563 0.578 -1.057 -2.068 -3.042 -4.264 -5.122 -5.338
0.01 -0.17553 9.84510 1.0998361111 2.4916525858    1.074  2.986  3.5639  0.691    3  0.000  0.433    40.01    24.87    16.61    12.99    10.57  2 -4.67e-09      0.00 7.036e-01 2.864e-01 1.416e-03 8.541e-04 4.362e-03 -1.000 9.979e-03 -2.695 2.570 0.578 -1.062 -2.100 -3.126 -4.377 -5.244 -5.466
0.01 -0.17553 9.84510 1.0998549461 2.4916557534    1.072  3.026  3.5600  0.634    3  0.000  0.433    44.99    27.55    18.31    14.34    11.67  2  -5.5e-09      0.00 7.036e-01 2.864e-01 1.416e-03 8.541e-04 4.362e-03 -1.000 9.979e-03 -2.795 2.579 0.581 -1.065 -2.130 -3.208 -4.488 -5.364 -5.592
0.01 -0.17553 9.84510 1.0998721123 2.4916586402    1.069  3.065  3.5560  0.579    3  0.000  0.433    50.44    30.43    20.14    15.79    12.86  2 -6.43e-09      0.00 7.036e-01 2.864e-01 1.416e-03 8.541e-04 4.362e-03 -1.000 9.979e-03 -2.892 2.584 0.603 -1.040 -2.139 -3.280 -4.596 -5.480 -5.715
0.01 -0.17553 9.84510 1.0998879671 2.4916613065    1.067  3.102  3.5521  0.524    3  0.000  0.433    56.44    33.55    22.11    17.36    14.14  2 -7.51e-09      0.00 7.036e-01 2.864e-01 1.416e-03 8.541e-04 4.362e-03 -1.000 9.979e-03 -2.986 2.592 0.626 -1.013 -2.147 -3.350 -4.701 -5.593 -5.835
0.01 -0.17553 9.84510 1.0999028683 2.4916638122    1.064  3.140  3.5481  0.470    3  0.000  0.433    63.15    36.99    24.27    19.09    15.54  2 -8.76e-09      0.00 7.036e-01 2.864e-01 1.416e-03 8.541e-04 4.362e-03 -1.000 9.979e-03 -3.079 2.599 0.662 -0.971 -2.144 -3.414 -4.806 -5.706 -5.954
0.01 -0.17553 9.84510 1.0999165773 2.4916661175    1.061  3.176  3.5441  0.416    3  0.000  0.433    70.51    40.71    26.59    20.94    17.06  2 -1.02e-08      0.00 7.036e-01 2.864e-01 1.416e-03 8.541e-04 4.362e-03 -1.000 9.979e-03 -3.170 2.606 0.713 -0.909 -2.129 -3.471 -4.910 -5.816 -6.071
0.01 -0.17553 9.84510 1.0999295712 2.4916683024    1.058  3.212  3.5401  0.363    3  0.000  0.433    78.77    44.82    29.14    22.99    18.73  1 -1.19e-08      0.00 7.036e-01 2.864e-01 1.416e-03 8.542e-04 4.362e-03 -1.000 9.979e-03 -3.260 2.615 0.769 -0.840 -2.109 -3.527 -5.013 -5.926 -6.188
0.01 -0.17553 9.84510 1.0999414921 2.4916703068    1.054  3.247  3.5361  0.311    3  0.000  0.433    87.71    49.20    31.86    25.17    20.51  1 -1.37e-08      0.00 7.036e-01 2.864e-01 1.416e-03 8.542e-04 4.362e-03 -1.000 9.979e-03 -3.346 2.622 0.842 -0.748 -2.074 -3.566 -5.113 -6.031 -6.300
0.01 -0.17553 9.84510 1.0999525785 2.4916721709    1.051  3.280  3.5321  0.260    3  0.000  0.433    97.48    53.92    34.76    27.51    22.42  1 -1.58e-08      0.00 7.036e-01 2.864e-01 1.416e-03 8.542e-04 4.362e-03 -1.000 9.979e-03 -3.431 2.629 0.916 -0.656 -2.039 -3.604 -5.211 -6.134 -6.411
0.01 -0.17553 9.84510 1.0999631882 2.4916739548    1.046  3.314  3.5282  0.209    3  0.000  0.433   108.25    59.04    37.91    30.04    24.49  1 -1.83e-08      0.00 7.036e-01 2.864e-01 1.416e-03 8.542e-04 4.362e-03 -1.000 9.979e-03 -3.514 2.636 1.003 -0.545 -1.993 -3.630 -5.308 -6.236 -6.519
0.01 -0.17553 9.84510 1.0999729633 2.4916755983    1.042  3.345  3.5244  0.160    3  0.000  0.433   119.77    64.44    41.21    32.70    26.67  1 -2.09e-08      0.00 7.036e-01 2.864e-01 1.416e-03 8.542e-04 4.362e-03 -1.000 9.979e-03 -3.594 2.644 1.107 -0.415 -1.935 -3.641 -5.400 -6.332 -6.624
0.01 -0.17553 9.84510 1.0999823809 2.4916771817    1.037  3.376  3.5205  0.111    3  0.000  0.433   132.34    70.24    44.74    35.56    29.00  1  -2.4e-08      0.00 7.036e-01 2.864e-01 1.416e-03 8.542e-04 4.362e-03 -1.000 9.979e-03 -3.671 2.654 1.214 -0.281 -1.874 -3.649 -5.491 -6.427 -6.726
0.01 -0.17553 9.84510 1.0999877453 2.4916780836    1.034  3.392  3.5186  0.087    3  0.000  0.433   139.25    73.40    46.66    37.11    30.27  1 -2.59e-08      0.00 7.036e-01 2.864e-01 1.416e-03 8.542e-04 4.362e-03 -1.000 9.979e-03 -3.711 2.657 1.276 -0.200 -1.836 -3.644 -5.537 -6.474 -6.778
0.01 -0.17553 9.84510 1.0999877453 2.4916780836    1.034  1.723  3.6789  2.397    4  0.000  0.451     0.00     0.00     0.00     0.00     0.00 -1    -1e-30      0.00 7.043e-01 2.858e-01 1.476e-03 7.837e-04 4.363e-03 -1.000 9.972e-03 0.462 2.561 1.808 0.818 0.238 -0.243 -0.945 -1.513 -1.588
0.01 -0.17553 9.84510 1.1001173258 2.4916998667    1.035  1.733  3.6781  2.384    4  0.000  0.451     0.00     0.00     0.00     0.00     0.00 -1    -1e-30      0.00 7.043e-01 2.858e-01 1.476e-03 7.839e-04 4.363e-03 -1.000 9.972e-03 0.438 2.555 1.792 0.798 0.215 -0.268 -0.972 -1.542 -1.617
0.01 -0.17553 9.84510 1.1002478600 2.4917218041    1.035  1.737  3.6779  2.379    4  0.000  0.451     0.00     0.00     0.00     0.00     0.00 -1    -1e-30      0.00 7.043e-01 2.858e-01 1.476e-03 7.840e-04 4.363e-03 -1.000 9.972e-03 0.427 2.550 1.784 0.788 0.205 -0.278 -0.984 -1.554 -1.630
0.01 -0.17553 9.84510 1.1003786325 2.4917437755    1.035  1.738  3.6781  2.379    4  0.000  0.451     0.00     0.00     0.00     0.00     0.00 -1    -1e-30      0.00 7.042e-01 2.858e-01 1.476e-03 7.842e-04 4.363e-03 -1.000 9.972e-03 0.425 2.545 1.781 0.786 0.203 -0.280 -0.985 -1.555 -1.630
0.01 -0.17553 9.84510 1.1005159616 2.4917668421    1.035  1.737  3.6784  2.382    4  0.000  0.451     0.00     0.00     0.00     0.00     0.00 -1    -1e-30      0.00 7.042e-01 2.858e-01 1.476e-03 7.844e-04 4.363e-03 -1.000 9.973e-03 0.428 2.540 1.780 0.787 0.205 -0.277 -0.980 -1.549 -1.624
0.01 -0.17553 9.84510 1.1006497145 2.4917893016    1.035  1.735  3.6789  2.386    4  0.000  0.451     0.00     0.00     0.00     0.00     0.00 -1    -1e-30      0.00 7.042e-01 2.858e-01 1.475e-03 7.846e-04 4.364e-03 -1.000 9.973e-03 0.433 2.535 1.780 0.789 0.209 -0.273 -0.974 -1.542 -1.616
0.01 -0.17553 9.84510 1.1007819176 2.4918114947    1.035  1.733  3.6793  2.390    4  0.000  0.451     0.00     0.00     0.00     0.00     0.00 -1    -1e-30      0.00 7.042e-01 2.858e-01 1.475e-03 7.848e-04 4.364e-03 -1.000 9.973e-03 0.438 2.529 1.780 0.791 0.212 -0.268 -0.968 -1.534 -1.608
0.01 -0.17553 9.84510 1.1009151936 2.4918338618    1.035  1.731  3.6798  2.394    4  0.000  0.451     0.00     0.00     0.00     0.00     0.00 -1    -1e-30      0.00 7.042e-01 2.858e-01 1.475e-03 7.849e-04 4.364e-03 -1.000 9.974e-03 0.443 2.524 1.780 0.794 0.216 -0.263 -0.961 -1.526 -1.600
0.01 -0.17553 9.84510 1.1010494232 2.4918563825    1.036  1.729  3.6802  2.397    4  0.000  0.451     0.00     0.00     0.00     0.00     0.00 -1    -1e-30      0.00 7.042e-01 2.858e-01 1.475e-03 7.851e-04 4.364e-03 -1.000 9.974e-03 0.448 2.520 1.780 0.796 0.220 -0.258 -0.955 -1.518 -1.592
0.01 -0.17553 9.84510 1.1011826992 2.4918787371    1.036  1.727  3.6806  2.400    4  0.000  0.451     0.00     0.00     0.00     0.00     0.00 -1    -1e-30      0.00 7.042e-01 2.858e-01 1.475e-03 7.853e-04 4.364e-03 -1.000 9.974e-03 0.452 2.515 1.780 0.798 0.223 -0.254 -0.950 -1.512 -1.586
0.01 -0.17553 9.84510 1.1013113260 2.4919003059    1.036  1.726  3.6810  2.403    4  0.000  0.451     0.00     0.00     0.00     0.00     0.00 -1    -1e-30      0.00 7.042e-01 2.859e-01 1.475e-03 7.855e-04 4.364e-03 -1.000 9.974e-03 0.455 2.511 1.780 0.799 0.226 -0.251 -0.945 -1.506 -1.580
0.01 -0.17553 9.84510 1.1014423370 2.4919222685    1.036  1.725  3.6813  2.406    4  0.000  0.451     0.00     0.00     0.00     0.00     0.00 -1    -1e-30      0.00 7.042e-01 2.859e-01 1.475e-03 7.856e-04 4.364e-03 -1.000 9.975e-03 0.458 2.507 1.779 0.800 0.228 -0.249 -0.942 -1.502 -1.575
0.01 -0.17553 9.84510 1.1015784740 2.4919450841    1.036  1.724  3.6816  2.408    4  0.000  0.451     0.00     0.00     0.00     0.00     0.00 -1    -1e-30      0.00 7.042e-01 2.859e-01 1.475e-03 7.858e-04 4.364e-03 -1.000 9.975e-03 0.460 2.502 1.778 0.801 0.229 -0.246 -0.938 -1.497 -1.571
0.01 -0.17553 9.84510 1.1017199755 2.4919687919    1.036  1.723  3.6819  2.410    4  0.000  0.451     0.00     0.00     0.00     0.00     0.00 -1    -1e-30      0.00 7.041e-01 2.859e-01 1.475e-03 7.860e-04 4.364e-03 -1.000 9.975e-03 0.462 2.498 1.777 0.801 0.230 -0.245 -0.935 -1.493 -1.567
0.01 -0.17553 9.84510 1.1018217802 2.4919858444    1.037  1.723  3.6822  2.411    4  0.000  0.451     0.00     0.00     0.00     0.00     0.00 -1    -1e-30      0.00 7.041e-01 2.859e-01 1.475e-03 7.861e-04 4.364e-03 -1.000 9.975e-03 0.463 2.495 1.776 0.801 0.231 -0.244 -0.933 -1.491 -1.564
0.01 -0.17553 9.84510 1.1018530130 2.4919910752    1.037  1.723  3.6822  2.412    4  0.000  0.450     0.00     0.00     0.00     0.00     0.00 -1    -1e-30      0.00 7.041e-01 2.859e-01 1.474e-03 7.862e-04 4.364e-03 -1.000 9.975e-03 0.463 2.494 1.776 0.801 0.231 -0.243 -0.933 -1.490 -1.563
0.01 -0.17553 9.84510 1.1019870043 2.4920135121    1.037  1.722  3.6825  2.413    4  0.000  0.450     0.00     0.00     0.00     0.00     0.00 -1    -1e-30      0.00 7.041e-01 2.859e-01 1.474e-03 7.863e-04 4.364e-03 -1.000 9.976e-03 0.465 2.490 1.774 0.801 0.232 -0.242 -0.931 -1.488 -1.561
0.01 -0.17553 9.84510 1.1021150351 2.4920349449    1.037  1.722  3.6827  2.414    4  0.000  0.450     0.00     0.00     0.00     0.00     0.00 -1    -1e-30      0.00 7.041e-01 2.859e-01 1.474e-03 7.865e-04 4.364e-03 -1.000 9.976e-03 0.465 2.486 1.773 0.801 0.232 -0.242 -0.930 -1.486 -1.559
0.01 -0.17553 9.84510 1.1022425890 2.4920562923    1.037  1.722  3.6828  2.415    4  0.000  0.450     0.00     0.00     0.00     0.00     0.00 -1    -1e-30      0.00 7.041e-01 2.859e-01 1.474e-03 7.867e-04 4.364e-03 -1.000 9.976e-03 0.465 2.482 1.771 0.800 0.231 -0.242 -0.929 -1.485 -1.558
0.01 -0.17553 9.84510 1.1023765802 2.4920787108    1.037  1.722  3.6829  2.415    4  0.000  0.450     0.00     0.00     0.00     0.00     0.00 -1    -1e-30      0.00 7.041e-01 2.859e-01 1.474e-03 7.869e-04 4.365e-03 -1.000 9.977e-03 0.464 2.479 1.769 0.798 0.230 -0.243 -0.930 -1.485 -1.558
0.01 -0.17553 9.84510 1.1025036573 2.4920999668    1.037  1.723  3.6830  2.415    4  0.000  0.450     0.00     0.00     0.00     0.00     0.00 -1    -1e-30      0.00 7.041e-01 2.859e-01 1.474e-03 7.870e-04 4.365e-03 -1.000 9.977e-03 0.462 2.476 1.767 0.796 0.228 -0.245 -0.931 -1.486 -1.559
0.01 -0.17553 9.84510 1.1026411057 2.4921229512    1.038  1.724  3.6830  2.414    4  0.000  0.450     0.00     0.00     0.00     0.00     0.00 -1    -1e-30      0.00 7.041e-01 2.859e-01 1.474e-03 7.872e-04 4.365e-03 -1.000 9.977e-03 0.460 2.474 1.764 0.793 0.226 -0.247 -0.934 -1.489 -1.561
0.01 -0.17553 9.84510 1.1027721167 2.4921448529    1.038  1.725  3.6830  2.413    4  0.000  0.450     0.00     0.00     0.00     0.00     0.00 -1    -1e-30      0.00 7.041e-01 2.860e-01 1.474e-03 7.874e-04 4.365e-03 -1.000 9.977e-03 0.457 2.471 1.761 0.790 0.222 -0.250 -0.937 -1.492 -1.565
0.01 -0.17553 9.84510 1.1027805805 2.4921462677    1.038  1.725  3.6830  2.413    4  0.000  0.450     0.00     0.00     0.00     0.00     0.00 -1    -1e-30      0.00 7.041e-01 2.860e-01 1.474e-03 7.874e-04 4.365e-03 -1.000 9.977e-03 0.456 2.471 1.761 0.790 0.222 -0.251 -0.937 -1.492 -1.565
0.01 -0.17553 9.84510 1.1028738022 2.4921618481    1.038  1.727  3.6829  2.411    4  0.000  0.450     0.00     0.00     0.00     0.00     0.00 -1    -1e-30      0.00 7.041e-01 2.860e-01 1.474e-03 7.875e-04 4.365e-03 -1.000 9.977e-03 0.453 2.469 1.759 0.787 0.219 -0.254 -0.941 -1.496 -1.569
0.01 -0.17553 9.84510 1.1029880047 2.4921809310    1.038  1.729  3.6828  2.409    4  0.000  0.450     0.00     0.00     0.00     0.00     0.00 -1    -1e-30      0.00 7.040e-01 2.860e-01 1.474e-03 7.877e-04 4.365e-03 -1.000 9.978e-03 0.448 2.467 1.755 0.783 0.215 -0.259 -0.946 -1.502 -1.574
0.01 -0.17553 9.84510 1.1031038761 2.4922002881    1.038  1.731  3.6826  2.406    4  0.000  0.450     0.00     0.00     0.00     0.00     0.00 -1    -1e-30      0.00 7.040e-01 2.860e-01 1.473e-03 7.878e-04 4.365e-03 -1.000 9.978e-03 0.443 2.466 1.751 0.778 0.209 -0.264 -0.952 -1.508 -1.581
0.01 -0.17553 9.84510 1.1032241583 2.4922203772    1.038  1.734  3.6824  2.402    4  0.000  0.450     0.00     0.00     0.00     0.00     0.00 -1    -1e-30      0.00 7.040e-01 2.860e-01 1.473e-03 7.880e-04 4.365e-03 -1.000 9.978e-03 0.435 2.464 1.747 0.772 0.203 -0.271 -0.960 -1.517 -1.590
0.01 -0.17553 9.84510 1.1033381224 2.4922394063    1.038  1.737  3.6821  2.397    4  0.000  0.450     0.00     0.00     0.00     0.00     0.00 -1    -1e-30      0.00 7.040e-01 2.860e-01 1.473e-03 7.881e-04 4.365e-03 -1.000 9.978e-03 0.427 2.463 1.742 0.766 0.195 -0.280 -0.970 -1.527 -1.601
0.01 -0.17553 9.84510 1.1034551859 2.4922589483    1.038  1.741  3.6817  2.392    4  0.000  0.450     0.00     0.00     0.00     0.00     0.00 -1    -1e-30      0.00 7.040e-01 2.860e-01 1.473e-03 7.883e-04 4.365e-03 -1.000 9.979e-03 0.417 2.462 1.736 0.757 0.185 -0.290 -0.982 -1.541 -1.614
0.01 -0.17553 9.84510 1.1035718918 2.4922784258    1.039  1.746  3.6812  2.385    4  0.000  0.450     0.00     0.00     0.00     0.00     0.00 -1    -1e-30      0.00 7.040e-01 2.860e-01 1.473e-03 7.884e-04 4.365e-03 -1.000 9.979e-03 0.405 2.460 1.729 0.748 0.175 -0.302 -0.995 -1.555 -1.629
0.01 -0.17553 9.84510 1.1036859751 2.4922974611    1.039  1.751  3.6807  2.378    4  0.000  0.450     0.00     0.00     0.00     0.00     0.00 -1    -1e-30      0.00 7.040e-01 2.860e-01 1.473e-03 7.886e-04 4.365e-03 -1.000 9.979e-03 0.392 2.458 1.721 0.737 0.163 -0.315 -1.010 -1.571 -1.645
0.01 -0.17553 9.84510 1.1038091183 2.4923180029    1.039  1.758  3.6801  2.369    4  0.000  0.450     0.00     0.00     0.00     0.00     0.00 -1    -1e-30      0.00 7.040e-01 2.860e-01 1.473e-03 7.887e-04 4.365e-03 -1.000 9.979e-03 0.375 2.455 1.711 0.724 0.147 -0.331 -1.029 -1.592 -1.666
0.01 -0.17553 9.84510 1.1039260626 2.4923375059    1.039  1.763  3.6797  2.362    4  0.000  0.450     0.00     0.00     0.00     0.00     0.00 -1    -1e-30      0.00 7.040e-01 2.860e-01 1.473e-03 7.889e-04 4.365e-03 -1.000 9.980e-03 0.362 2.452 1.702 0.713 0.135 -0.345 -1.043 -1.608 -1.682
0.01 -0.17553 9.84510 1.1039874554 2.4923477425    1.039  1.766  3.6795  2.359    4  0.000  0.450     0.00     0.00     0.00     0.00     0.00 -1    -1e-30      0.00 7.040e-01 2.860e-01 1.473e-03 7.890e-04 4.365e-03 -1.000 9.980e-03 0.356 2.451 1.699 0.708 0.129 -0.351 -1.050 -1.615 -1.690
0.01 -0.17553 9.84510 1.1041021347 2.4923668606    1.039  1.773  3.6787  2.348    4  0.000  0.450     0.00     0.00     0.00     0.00     0.00 -1    -1e-30      0.00 7.040e-01 2.861e-01 1.473e-03 7.891e-04 4.366e-03 -1.000 9.980e-03 0.337 2.450 1.688 0.693 0.112 -0.369 -1.072 -1.639 -1.714
0.01 -0.17553 9.84510 1.1042158604 2.4923858153    1.039  1.788  3.6773  2.328    4  0.000  0.450     0.00     0.00     0.00     0.00     0.00 -1    -1e-30      0.00 7.040e-01 2.861e-01 1.473e-03 7.893e-04 4.366e-03 -1.000 9.980e-03 0.301 2.448 1.669 0.666 0.080 -0.404 -1.112 -1.683 -1.759
0.01 -0.17553 9.84510 1.1043306589 2.4924049442    1.040  1.818  3.6744  2.287    4  0.000  0.450     0.00     0.00     0.00     0.00     0.00 -1    -1e-30      0.00 7.039e-01 2.861e-01 1.473e-03 7.894e-04 4.366e-03 -1.000 9.980e-03 0.226 2.443 1.627 0.607 0.013 -0.478 -1.196 -1.777 -1.854
0.01 -0.17553 9.84510 1.1043940783 2.4924155098    1.040  1.857  3.6706  2.232    4  0.000  0.450     0.00     0.00     0.00     0.00     0.00 -1    -1e-30      0.00 7.039e-01 2.861e-01 1.472e-03 7.895e-04 4.366e-03 -1.000 9.981e-03 0.128 2.435 1.572 0.531 -0.076 -0.574 -1.307 -1.898 -1.977
0.01 -0.17553 9.84510 1.1044288874 2.4924213084    1.040  1.901  3.6664  2.171    4  0.000  0.450     0.00     0.00     0.00     0.00     0.00 -1    -1e-30      0.00 7.039e-01 2.861e-01 1.472e-03 7.896e-04 4.366e-03 -1.000 9.981e-03 0.016 2.429 1.511 0.446 -0.175 -0.683 -1.431 -2.036 -2.117
0.01 -0.17553 9.84510 1.1044455767 2.4924240884    1.040  1.943  3.6625  2.114    4  0.000  0.450     0.00     0.00     0.00     0.00     0.00 -1    -1e-30      0.00 7.039e-01 2.861e-01 1.472e-03 7.896e-04 4.366e-03 -1.000 9.981e-03 -0.088 2.423 1.453 0.366 -0.268 -0.784 -1.547 -2.163 -2.247
0.01 -0.17553 9.84510 1.1044539213 2.4924254783    1.040  1.981  3.6590  2.061    4  0.000  0.450     0.00     0.00     0.00     0.00     0.00 -1    -1e-30      0.00 7.039e-01 2.861e-01 1.472e-03 7.896e-04 4.366e-03 -1.000 9.981e-03 -0.184 2.418 1.401 0.293 -0.353 -0.877 -1.653 -2.280 -2.366
0.01 -0.17553 9.84510 1.1044585705 2.4924262527    1.040  2.017  3.6557  2.013    4  0.000  0.450     0.00     0.00     0.00     0.00     0.00 -1    -1e-30      0.00 7.039e-01 2.861e-01 1.472e-03 7.896e-04 4.366e-03 -1.000 9.981e-03 -0.273 2.416 1.354 0.227 -0.431 -0.963 -1.752 -2.389 -2.477
0.01 -0.17553 9.84510 1.1044614315 2.4924267293    1.040  2.050  3.6528  1.969    4  0.000  0.450     0.00     0.00     0.00     0.00     0.00 -1    -1e-30      0.00 7.039e-01 2.861e-01 1.472e-03 7.896e-04 4.366e-03 -1.000 9.981e-03 -0.354 2.409 1.314 0.165 -0.502 -1.040 -1.841 -2.485 -2.575
0.01 -0.17553 9.84510 1.1044633389 2.4924270470    1.040  2.079  3.6502  1.929    7  0.000  0.450     0.00     0.00     0.00     0.00     0.00 -1 -9.73e-27      0.00 7.039e-01 2.858e-01 1.472e-03 7.896e-04 4.366e-03 -1.000 1.023e-02 -0.427 2.399 1.278 0.109 -0.567 -1.110 -1.921 -2.570 -2.663
0.01 -0.17553 9.84510 1.1044645309 2.4924272455    1.040  2.099  3.6485  1.902    7  0.000  0.450     0.00     0.00     0.00     0.00     0.00 -1 -9.87e-27      0.00 7.039e-01 2.858e-01 1.472e-03 7.896e-04 4.366e-03 -1.000 1.023e-02 -0.477 2.392 1.254 0.071 -0.610 -1.157 -1.975 -2.627 -2.723
0.01 -0.17553 9.84510 1.1044669151 2.4924276426    1.040  2.136  3.6453  1.852    7  0.000  0.450     0.00     0.00     0.00     0.00     0.00 -1 -1.01e-26      0.00 7.039e-01 2.858e-01 1.472e-03 7.896e-04 4.366e-03 -1.000 1.023e-02 -0.570 2.377 1.208 0.001 -0.690 -1.244 -2.075 -2.734 -2.833
0.01 -0.17553 9.84510 1.1044691801 2.4924280199    1.040  2.157  3.6435  1.824    7  0.000  0.450     0.00     0.00     0.00     0.00     0.00 -1 -1.01e-26      0.00 7.039e-01 2.858e-01 1.472e-03 7.896e-04 4.366e-03 -1.000 1.023e-02 -0.622 2.368 1.182 -0.039 -0.735 -1.293 -2.132 -2.794 -2.896
0.01 -0.17553 9.84510 1.1044753790 2.4924290524    1.040  2.170  3.6424  1.806    7  0.000  0.450     0.00     0.00     0.00     0.00     0.00 -1 -9.99e-27      0.00 7.039e-01 2.858e-01 1.472e-03 7.896e-04 4.366e-03 -1.000 1.023e-02 -0.655 2.361 1.165 -0.064 -0.763 -1.324 -2.168 -2.831 -2.935
0.01 -0.17553 9.84510 1.1044824123 2.4924302238    1.040  2.159  3.6433  1.821    7  0.000  0.450     0.00     0.00     0.00     0.00     0.00 -1  -2.9e-26      0.00 7.039e-01 2.858e-01 1.472e-03 7.896e-04 4.366e-03 -1.000 1.026e-02 -0.628 2.366 1.178 -0.044 -0.740 -1.299 -2.138 -2.800 -2.902
0.01 -0.17553 9.84510 1.1045460701 2.4924408258    1.039  2.144  3.6447  1.842    7  0.000  0.450     0.00     0.00     0.00     0.00     0.00 -1 -1.52e-18      0.00 7.039e-01 2.854e-01 1.472e-03 7.897e-04 4.366e-03 -1.000 1.066e-02 -0.589 2.373 1.198 -0.014 -0.707 -1.262 -2.096 -2.756 -2.856
0.01 -0.17553 9.84510 1.1046149731 2.4924522998    1.039  2.150  3.6440  1.832    7  0.000  0.450     0.00     0.00     0.00     0.00     0.00 -1 -6.69e-10      0.00 7.039e-01 2.850e-01 1.472e-03 7.898e-04 4.366e-03 -1.000 1.112e-02 -0.606 2.371 1.190 -0.026 -0.720 -1.277 -2.114 -2.774 -2.876
0.01 -0.17553 9.84510 1.1046584845 2.4924595446    1.038  2.182  3.6413  1.790    7  0.000  0.450     0.00     0.00     0.00     0.00     0.00 -1 -7.91e-10      0.00 7.039e-01 2.850e-01 1.472e-03 7.899e-04 4.366e-03 -1.000 1.112e-02 -0.684 2.358 1.152 -0.085 -0.787 -1.350 -2.199 -2.864 -2.970
0.01 -0.17553 9.84510 1.1047011614 2.4924666499    1.037  2.219  3.6380  1.739    7  0.000  0.450     0.00     0.00     0.00     0.00     0.00 -1 -9.62e-10      0.00 7.039e-01 2.850e-01 1.472e-03 7.899e-04 4.366e-03 -1.000 1.112e-02 -0.777 2.344 1.108 -0.154 -0.865 -1.436 -2.299 -2.970 -3.081
0.01 -0.17553 9.84510 1.1047420502 2.4924734568    1.037  2.260  3.6344  1.683    7  0.000  0.450     0.00     0.00     0.00     0.00     0.00 -1 -1.19e-09      0.00 7.039e-01 2.850e-01 1.472e-03 7.900e-04 4.366e-03 -1.000 1.112e-02 -0.881 2.325 1.057 -0.231 -0.952 -1.532 -2.410 -3.088 -3.204
0.01 -0.17553 9.84510 1.1047778130 2.4924794099    1.036  2.301  3.6309  1.628    7  0.000  0.450     0.00     0.00     0.00     0.00     0.00 -1 -1.48e-09      0.00 7.039e-01 2.850e-01 1.472e-03 7.900e-04 4.366e-03 -1.000 1.112e-02 -0.982 2.305 1.007 -0.306 -1.036 -1.624 -2.518 -3.203 -3.325
0.01 -0.17553 9.84510 1.1048096418 2.4924847078    1.034  2.342  3.6274  1.572    7  0.000  0.450     0.00     0.00     0.00     0.00     0.00 -1 -1.82e-09      0.00 7.039e-01 2.850e-01 1.472e-03 7.901e-04 4.366e-03 -1.000 1.112e-02 -1.084 2.281 0.956 -0.381 -1.119 -1.717 -2.627 -3.318 -3.446
0.01 -0.17553 9.84510 1.1048381329 2.4924894499    1.033  2.383  3.6238  1.516    7  0.000  0.450     0.00     0.00     0.00     0.00     0.00 -1 -2.25e-09      0.00 7.039e-01 2.850e-01 1.472e-03 7.901e-04 4.366e-03 -1.000 1.112e-02 -1.188 2.257 0.904 -0.456 -1.203 -1.811 -2.737 -3.435 -3.570
0.01 -0.17553 9.84510 1.1048582792 2.4924928028    1.032  2.416  3.6209  1.471    7  0.000  0.450     0.00     0.00     0.00     0.00     0.00 -1 -2.65e-09      0.00 7.039e-01 2.850e-01 1.472e-03 7.901e-04 4.366e-03 -1.000 1.112e-02 -1.271 2.257 0.866 -0.513 -1.269 -1.886 -2.826 -3.531 -3.670
0.01 -0.17553 9.84510 1.1048674583 2.4924943305    1.032  2.432  3.6196  1.450    7  0.000  0.450     0.00     0.00     0.00     0.00     0.00 -1 -2.87e-09      0.00 7.039e-01 2.850e-01 1.472e-03 7.901e-04 4.366e-03 -1.000 1.112e-02 -1.310 2.262 0.849 -0.539 -1.301 -1.922 -2.868 -3.577 -3.718
0.01 -0.17553 9.84510 1.1048891544 2.4924979412    1.030  2.473  3.6160  1.394    7  0.000  0.450     0.00     0.00     0.00     0.00     0.00 -1 -3.53e-09      0.00 7.039e-01 2.850e-01 1.472e-03 7.902e-04 4.366e-03 -1.000 1.112e-02 -1.413 2.276 0.807 -0.604 -1.381 -2.016 -2.979 -3.699 -3.845
0.01 -0.17553 9.84510 1.1049088240 2.4925012144    1.029  2.514  3.6123  1.338    7  0.000  0.450    10.28     7.64     5.38     4.14     3.35  4 -4.34e-09      0.00 7.039e-01 2.850e-01 1.472e-03 7.902e-04 4.366e-03 -1.000 1.112e-02 -1.515 2.294 0.766 -0.667 -1.459 -2.110 -3.089 -3.820 -3.970
0.01 -0.17553 9.84510 1.1049270630 2.4925042495    1.027  2.555  3.6084  1.280    7  0.000  0.449    11.59     8.48     5.94     4.57     3.71  3 -5.35e-09      0.00 7.039e-01 2.850e-01 1.472e-03 7.904e-04 4.366e-03 -1.000 1.112e-02 -1.617 2.321 0.732 -0.726 -1.535 -2.202 -3.200 -3.943 -4.099
0.01 -0.17553 9.84510 1.1049442291 2.4925071060    1.024  2.596  3.6035  1.218    7  0.000  0.449    13.17     9.47     6.60     5.09     4.13  3 -6.61e-09      0.00 7.039e-01 2.850e-01 1.470e-03 7.910e-04 4.366e-03 -1.000 1.111e-02 -1.720 2.371 0.714 -0.771 -1.601 -2.291 -3.312 -4.071 -4.233
0.01 -0.17553 9.84510 1.1049603224 2.4925097838    1.022  2.637  3.5973  1.151    7  0.000  0.448    15.14    10.69     7.41     5.73     4.65  3 -8.17e-09      0.00 7.039e-01 2.850e-01 1.468e-03 7.927e-04 4.366e-03 -1.000 1.110e-02 -1.824 2.452 0.720 -0.797 -1.653 -2.376 -3.428 -4.206 -4.377
0.01 -0.17553 9.84510 1.1049759388 2.4925123822    1.019  2.679  3.5935  1.093    7  0.000  0.447    17.08    11.86     8.18     6.34     5.15  3    -1e-08      0.00 7.039e-01 2.850e-01 1.464e-03 7.967e-04 4.366e-03 -1.000 1.110e-02 -1.928 2.469 0.687 -0.850 -1.724 -2.469 -3.540 -4.330 -4.506
0.01 -0.17553 9.84510 1.1049902439 2.4925147624    1.015  2.720  3.5897  1.036    7  0.000  0.446    19.21    13.14     9.02     7.00     5.69  3 -1.22e-08      0.00 7.039e-01 2.850e-01 1.459e-03 8.027e-04 4.366e-03 -1.000 1.110e-02 -2.030 2.487 0.657 -0.902 -1.793 -2.559 -3.650 -4.450 -4.632
0.01 -0.17553 9.84510 1.1050045490 2.4925171424    1.011  2.762  3.5857  0.975    7  0.000  0.444    21.75    14.64    10.00     7.77     6.31  3 -1.51e-08      0.00 7.039e-01 2.850e-01 1.453e-03 8.096e-04 4.366e-03 -1.000 1.110e-02 -2.135 2.508 0.635 -0.943 -1.854 -2.651 -3.764 -4.576 -4.764
0.01 -0.17553 9.84510 1.1050182581 2.4925194233    1.006  2.804  3.5815  0.914    7  0.000  0.442    24.67    16.32    11.10     8.64     7.02  3 -1.88e-08      0.00 7.039e-01 2.850e-01 1.448e-03 8.157e-04 4.366e-03 -1.000 1.110e-02 -2.240 2.538 0.619 -0.980 -1.913 -2.743 -3.878 -4.702 -4.897
0.01 -0.17553 9.84510 1.1050291061 2.4925212281    1.001  2.844  3.5774  0.856    7  0.000  0.441    27.84    18.13    12.26     9.56     7.77  2 -2.28e-08      0.00 7.039e-01 2.850e-01 1.444e-03 8.205e-04 4.366e-03 -1.000 1.110e-02 -2.341 2.562 0.610 -1.004 -1.959 -2.828 -3.989 -4.822 -5.024
0.01 -0.17553 9.84510 1.1050359011 2.4925223585    0.998  2.878  3.5739  0.806    7  0.000  0.440    30.83    19.80    13.34    10.42     8.47  2 -2.68e-08      0.00 7.039e-01 2.850e-01 1.441e-03 8.242e-04 4.366e-03 -1.000 1.107e-02 -2.425 2.580 0.607 -1.019 -1.994 -2.899 -4.082 -4.924 -5.131
0.01 -0.17553 9.84510 1.1050412655 2.4925232510    0.994  2.913  3.5702  0.755    7  0.000  0.439    34.26    21.70    14.56    11.39     9.26  2 -3.16e-08      0.00 7.039e-01 2.851e-01 1.438e-03 8.278e-04 4.366e-03 -1.000 1.102e-02 -2.513 2.600 0.604 -1.034 -2.031 -2.973 -4.178 -5.030 -5.243
0.01 -0.17553 9.84510 1.1050460339 2.4925240442    0.991  2.952  3.5661  0.699    7  0.000  0.438    38.51    24.01    16.03    12.56    10.21  2 -3.81e-08      0.00 7.039e-01 2.851e-01 1.436e-03 8.314e-04 4.366e-03 -1.000 1.102e-02 -2.609 2.615 0.613 -1.030 -2.054 -3.050 -4.286 -5.147 -5.366
0.01 -0.17553 9.84510 1.1050504446 2.4925247780    0.986  2.991  3.5617  0.640    7  0.000  0.438    43.51    26.67    17.73    13.91    11.32  2 -4.58e-08      0.00 7.039e-01 2.851e-01 1.433e-03 8.343e-04 4.366e-03 -1.000 1.102e-02 -2.707 2.635 0.630 -1.018 -2.072 -3.128 -4.396 -5.267 -5.493
0.01 -0.17553 9.84510 1.1050543785 2.4925254325    0.982  3.027  3.5574  0.585    7  0.000  0.437    48.79    29.45    19.48    15.32    12.46  2 -5.51e-08      0.00 7.039e-01 2.851e-01 1.431e-03 8.365e-04 4.366e-03 -1.000 1.102e-02 -2.798 2.653 0.659 -0.988 -2.077 -3.195 -4.498 -5.379 -5.612
0.01 -0.17553 9.84510 1.1050580740 2.4925260472    0.977  3.064  3.5530  0.528    7  0.000  0.437    54.80    32.56    21.44    16.88    13.74  2 -6.54e-08      0.00 7.039e-01 2.851e-01 1.430e-03 8.381e-04 4.366e-03 -1.000 1.102e-02 -2.889 2.671 0.697 -0.946 -2.072 -3.259 -4.602 -5.492 -5.732
0.01 -0.17553 9.84510 1.1050620079 2.4925267017    0.971  3.105  3.5480  0.464    7  0.000  0.436    62.60    36.51    23.92    18.87    15.36  2 -7.95e-08      0.00 7.039e-01 2.851e-01 1.429e-03 8.394e-04 4.366e-03 -1.000 1.102e-02 -2.993 2.692 0.754 -0.880 -2.055 -3.327 -4.721 -5.620 -5.869
0.01 -0.17553 9.84510 1.1050664186 2.4925274354    0.962  3.145  3.5426  0.398    7  0.000  0.436    71.66    41.01    26.72    21.12    17.20  1 -9.65e-08      0.00 7.039e-01 2.851e-01 1.428e-03 8.397e-04 4.366e-03 -1.000 1.102e-02 -3.093 2.719 0.844 -0.773 -2.011 -3.381 -4.838 -5.747 -6.004
0.01 -0.17553 9.84510 1.1050710678 2.4925282088    0.951  3.181  3.5376  0.338    7  0.000  0.436    81.16    45.63    29.58    23.43    19.08  1 -1.17e-07      0.00 7.039e-01 2.851e-01 1.428e-03 8.398e-04 4.366e-03 -1.000 1.102e-02 -3.182 2.746 0.943 -0.653 -1.956 -3.419 -4.943 -5.860 -6.126
0.01 -0.17553 9.84510 1.1050748825 2.4925288434    0.940  3.204  3.5341  0.295    7  0.000  0.436    88.49    49.11    31.72    25.17    20.49  1 -1.34e-07      0.00 7.039e-01 2.851e-01 1.428e-03 8.398e-04 4.366e-03 -1.000 1.102e-02 -3.240 2.767 1.024 -0.554 -1.908 -3.436 -5.013 -5.934 -6.207
0.01 -0.17553 9.84510 1.1050759554 2.4925290219    0.937  3.229  3.5306  0.255    7  0.000  0.436    96.22    52.78    33.98    26.99    21.98  1 -1.49e-07      0.00 7.039e-01 2.851e-01 1.428e-03 8.398e-04 4.366e-03 -1.000 1.102e-02 -3.302 2.782 1.101 -0.459 -1.863 -3.456 -5.087 -6.013 -6.292
0.01 -0.17553 9.84510 1.1050766706 2.4925291409    0.934  3.123  3.5439  0.413    7  0.000  0.436    69.16    39.69    25.87    20.47    16.66  1 -9.65e-08      0.00 7.039e-01 2.851e-01 1.428e-03 8.398e-04 4.366e-03 -1.000 1.102e-02 -3.039 2.745 0.854 -0.767 -1.990 -3.337 -4.780 -5.686 -5.942
0.01 -0.17553 9.84510 1.1050772667 2.4925292400    0.933  3.174  3.5376  0.335    7  0.000  0.436    81.26    45.60    29.55    23.42    19.07  1 -1.21e-07      0.00 7.039e-01 2.851e-01 1.428e-03 8.398e-04 4.366e-03 -1.000 1.102e-02 -3.166 2.765 0.963 -0.633 -1.938 -3.402 -4.927 -5.844 -6.111
0.01 -0.17553 9.84510 1.1050773859 2.4925292599    0.932  3.191  3.5354  0.310    7  0.000  0.436    85.63    47.71    30.85    24.47    19.92  1 -1.29e-07      0.00 7.039e-01 2.851e-01 1.428e-03 8.398e-04 4.366e-03 -1.000 1.102e-02 -3.207 2.771 1.006 -0.579 -1.914 -3.418 -4.976 -5.895 -6.165
0.01 -0.17553 9.84510 1.1050775051 2.4925292797    0.932  3.203  3.5338  0.291    7  0.000  0.436    89.13    49.39    31.88    25.30    20.60  1 -1.36e-07      0.00 7.039e-01 2.851e-01 1.428e-03 8.398e-04 4.366e-03 -1.000 1.102e-02 -3.238 2.776 1.039 -0.538 -1.896 -3.430 -5.012 -5.934 -6.207
0.01 -0.17553 9.84510 1.1050776243 2.4925292995    0.932  3.217  3.5320  0.271    7  0.000  0.436    92.99    51.22    33.01    26.22    21.35  1 -1.44e-07      0.00 7.039e-01 2.851e-01 1.428e-03 8.398e-04 4.366e-03 -1.000 1.102e-02 -3.271 2.782 1.076 -0.492 -1.875 -3.442 -5.051 -5.975 -6.251
0.01 -0.17553 9.84510 1.1050777435 2.4925293194    0.931  3.230  3.5302  0.250    7  0.000  0.436    97.25    53.24    34.25    27.22    22.17  1 -1.53e-07      0.00 7.039e-01 2.851e-01 1.428e-03 8.398e-04 4.366e-03 -1.000 1.102e-02 -3.306 2.789 1.116 -0.442 -1.853 -3.454 -5.092 -6.019 -6.298
0.01 -0.17553 9.84510 1.1050779819 2.4925293590    0.930  3.269  3.5250  0.190    7  0.000  0.436   110.19    59.29    37.96    30.21    24.61  1 -1.79e-07      0.00 7.039e-01 2.851e-01 1.428e-03 8.398e-04 4.366e-03 -1.000 1.102e-02 -3.402 2.805 1.261 -0.260 -1.766 -3.459 -5.205 -6.138 -6.427
0.01 -0.17553 9.84510 1.1050782204 2.4925293987    0.929  3.298  3.5210  0.144    7  0.000  0.436   121.28    64.39    41.07    32.73    26.67  1 -2.03e-07      0.00 7.039e-01 2.851e-01 1.428e-03 8.398e-04 4.366e-03 -1.000 1.102e-02 -3.475 2.820 1.378 -0.114 -1.695 -3.460 -5.292 -6.229 -6.526
0.01 -0.17553 9.84510 1.1050784588 2.4925294383    0.928  3.321  3.5178  0.108    7  0.000  0.436   130.87    68.75    43.72    34.88    28.42  1 -2.24e-07      0.00 7.039e-01 2.851e-01 1.428e-03 8.398e-04 4.366e-03 -1.000 1.102e-02 -3.533 2.831 1.487 0.026 -1.625 -3.444 -5.360 -6.300 -6.604
0.01 -0.17553 9.84510 1.1050788164 2.4925294978    0.927  3.344  3.5146  0.072    7  0.000  0.436   141.08    73.33    46.50    37.13    30.26  1 -2.47e-07      0.00 7.039e-01 2.851e-01 1.428e-03 8.398e-04 4.366e-03 -1.000 1.102e-02 -3.589 2.842 1.603 0.178 -1.548 -3.418 -5.427 -6.370 -6.680
0.01 -0.17553 9.84510 1.1050790548 2.4925295375    0.925  3.364  3.5116  0.039    7  0.000  0.436   151.12    77.80    49.20    39.32    32.05  1  -2.7e-07      0.00 7.039e-01 2.851e-01 1.428e-03 8.398e-04 4.366e-03 -1.000 1.102e-02 -3.640 2.853 1.712 0.320 -1.475 -3.393 -5.488 -6.433 -6.750
0.01 -0.17553 9.84510 1.1050794125 2.4925295970    0.923  3.386  3.5083  0.003    7  0.000  0.436   162.15    82.98    52.32    41.86    34.13  1 -2.98e-07      0.00 7.039e-01 2.851e-01 1.428e-03 8.398e-04 4.366e-03 -1.000 1.102e-02 -3.694 2.865 1.828 0.473 -1.396 -3.361 -5.553 -6.501 -6.824
0.01 -0.17553 9.84510 1.1050797701 2.4925296565    0.920  3.406  3.5051 -0.032    7  0.000  0.436   170.80    88.27    55.50    44.45    36.24  1 -3.28e-07      0.00 7.039e-01 2.851e-01 1.428e-03 8.398e-04 4.366e-03 -1.000 1.102e-02 -3.745 2.876 1.941 0.620 -1.320 -3.326 -5.615 -6.565 -6.895
0.01 -0.17553 9.84510 1.1050803661 2.4925297556    0.916  3.429  3.5015 -0.072    7  0.527  0.436   181.29    94.78    59.39    47.63    38.84  1 -3.64e-07      0.00 7.039e-01 2.851e-01 1.428e-03 8.398e-04 4.366e-03 -1.000 1.102e-02 -3.804 2.891 2.079 0.798 -1.227 -3.280 -5.685 -6.639 -6.976
0.01 -0.17553 9.84510 1.1050810814 2.4925298746    0.908  3.448  3.4981 -0.108    7  0.527  0.436   190.95   100.90    63.04    50.61    41.28  1    -4e-07      0.00 7.039e-01 2.851e-01 1.428e-03 8.399e-04 4.366e-03 -1.000 1.102e-02 -3.851 2.907 2.197 0.947 -1.148 -3.235 -5.744 -6.700 -7.043
0.01 -0.17553 9.84510 1.1050814390 2.4925299341    0.905  3.457  3.4967 -0.123    8  0.527  0.457   195.38   103.73    64.72    51.99    42.40  1 -4.19e-07      0.00 7.039e-01 2.862e-01 1.500e-03 8.411e-04 4.376e-03 -1.000 9.902e-03 -3.872 2.913 2.243 1.004 -1.118 -3.218 -5.769 -6.726 -7.072
0.01 -0.17553 9.84510 1.1050814390 2.4925299341    0.904  3.205  3.5311  0.266    8  0.527  0.457    93.50    51.32    33.05    26.28    21.39  1  -1.5e-07      0.00 7.039e-01 2.862e-01 1.500e-03 8.411e-04 4.376e-03 -1.000 9.902e-03 -3.243 2.826 1.139 -0.423 -1.819 -3.403 -5.026 -5.951 -6.229
0.01 -0.17553 9.84510 1.1050815582 2.4925299539    0.904  3.083  3.5475  0.454    8  0.527  0.457    63.01    36.54    23.89    18.90    15.38  1 -8.95e-08      0.00 7.039e-01 2.862e-01 1.500e-03 8.411e-04 4.376e-03 -1.000 9.902e-03 -2.937 2.763 0.828 -0.806 -1.987 -3.267 -4.667 -5.567 -5.816
0.01 -0.17553 9.84510 1.1050816774 2.4925299738    0.903  2.909  3.5709  0.721    8  0.527  0.457    35.93    22.53    15.06    11.83     9.61  2  -4.2e-08      0.00 7.039e-01 2.862e-01 1.500e-03 8.411e-04 4.376e-03 -1.000 9.902e-03 -2.501 2.628 0.612 -1.034 -2.029 -2.964 -4.166 -5.015 -5.228
0.01 -0.17553 9.84510 1.1050817966 2.4925299936    0.902  2.927  3.5682  0.691    8  0.527  0.457    38.27    23.78    15.86    12.47    10.13  2 -4.59e-08      0.00 7.039e-01 2.862e-01 1.500e-03 8.411e-04 4.376e-03 -1.000 9.902e-03 -2.548 2.649 0.630 -1.020 -2.032 -3.000 -4.220 -5.075 -5.292
0.01 -0.17553 9.84510 1.1050819159 2.4925300134    0.900  3.047  3.5519  0.505    8  0.527  0.457    56.47    33.24    21.83    17.25    14.03  1 -7.77e-08      0.00 7.039e-01 2.862e-01 1.500e-03 8.411e-04 4.376e-03 -1.000 9.902e-03 -2.847 2.748 0.774 -0.869 -2.005 -3.210 -4.563 -5.455 -5.697
0.01 -0.17553 9.84510 1.1050821543 2.4925300531    0.898  3.202  3.5308  0.265    8  0.527  0.457    93.59    51.33    33.05    26.29    21.40  1 -1.51e-07      0.00 7.039e-01 2.862e-01 1.500e-03 8.411e-04 4.376e-03 -1.000 9.902e-03 -3.235 2.839 1.158 -0.401 -1.802 -3.391 -5.019 -5.945 -6.223
0.01 -0.17553 9.84510 1.1050823927 2.4925300928    0.896  3.330  3.5133  0.066    8  0.528  0.457   142.12    73.51    46.57    37.23    30.34  1 -2.58e-07      0.00 7.039e-01 2.862e-01 1.500e-03 8.411e-04 4.376e-03 -1.000 9.902e-03 -3.555 2.895 1.702 0.294 -1.461 -3.352 -5.397 -6.341 -6.654
0.01 -0.17553 9.84510 1.1050827503 2.4925301522    0.893  3.410  3.5022 -0.061    8  0.528  0.457   176.57    92.28    57.87    46.43    37.85  1 -3.61e-07      0.00 7.039e-01 2.862e-01 1.500e-03 8.411e-04 4.376e-03 -1.000 9.902e-03 -3.756 2.921 2.086 0.798 -1.210 -3.253 -5.635 -6.588 -6.923
0.01 -0.17553 9.84510 1.1050831079 2.4925302117    0.890  3.450  3.4965 -0.124    8  0.528  0.457   194.34   103.38    64.49    51.83    42.27  1 -4.27e-07      0.00 7.039e-01 2.862e-01 1.500e-03 8.411e-04 4.376e-03 -1.000 9.902e-03 -3.854 2.933 2.268 1.031 -1.094 -3.195 -5.751 -6.709 -7.055
0.01 -0.17553 9.84510 1.1050834656 2.4925302712    0.887  3.464  3.4941 -0.150    8  0.528  0.457   201.96   108.24    67.38    54.20    44.20  1 -4.58e-07      0.00 7.039e-01 2.862e-01 1.500e-03 8.411e-04 4.376e-03 -1.000 9.902e-03 -3.891 2.941 2.344 1.125 -1.045 -3.167 -5.796 -6.755 -7.105
0.01 -0.17553 9.84510 1.1050839424 2.4925303505    0.883  3.469  3.4930 -0.161    8  0.528  0.457   205.24   110.39    68.65    55.25    45.06  1 -4.72e-07      0.00 7.039e-01 2.862e-01 1.500e-03 8.411e-04 4.376e-03 -1.000 9.902e-03 -3.903 2.948 2.384 1.175 -1.017 -3.149 -5.813 -6.772 -7.125
0.01 -0.17553 9.84510 1.1050839424 2.4925303505    0.883  3.275  3.5191  0.137    8  0.528  0.457   122.06    64.38    41.02    32.75    26.67  1 -2.15e-07      0.00 7.039e-01 2.862e-01 1.500e-03 8.411e-04 4.376e-03 -1.000 9.902e-03 -3.418 2.905 1.526 0.055 -1.565 -3.362 -5.241 -6.180 -6.481
0.01 -0.17553 9.84510 1.1050840616 2.4925303704    0.882  3.100  3.5426  0.407    8  0.528  0.457    69.21    39.54    25.75    20.41    16.60  1 -1.03e-07      0.00 7.039e-01 2.862e-01 1.500e-03 8.411e-04 4.376e-03 -1.000 9.902e-03 -2.979 2.827 0.955 -0.659 -1.896 -3.267 -4.724 -5.633 -5.890
0.01 -0.17553 9.84510 1.1050841808 2.4925303902    0.881  2.925  3.5659  0.673    8  0.528  0.457    39.46    24.39    16.23    12.78    10.38  2 -4.88e-08      0.00 7.039e-01 2.862e-01 1.500e-03 8.411e-04 4.376e-03 -1.000 9.902e-03 -2.544 2.704 0.690 -0.959 -1.986 -2.984 -4.221 -5.082 -5.302
0.01 -0.17553 9.84510 1.1050843000 2.4925304100    0.880  2.944  3.5632  0.643    8  0.528  0.457    42.05    25.76    17.10    13.47    10.95  2 -5.33e-08      0.00 7.039e-01 2.862e-01 1.500e-03 8.411e-04 4.376e-03 -1.000 9.902e-03 -2.591 2.724 0.711 -0.940 -1.984 -3.019 -4.276 -5.143 -5.367
0.01 -0.17553 9.84510 1.1050845385 2.4925304497    0.878  3.063  3.5470  0.459    8  0.529  0.457    61.97    35.94    23.51    18.61    15.13  1 -8.96e-08      0.00 7.039e-01 2.862e-01 1.500e-03 8.411e-04 4.376e-03 -1.000 9.902e-03 -2.888 2.815 0.891 -0.738 -1.924 -3.213 -4.619 -5.520 -5.770
0.01 -0.17553 9.84510 1.1050847769 2.4925304894    0.876  3.217  3.5260  0.219    8  0.529  0.457   102.49    55.36    35.51    28.29    23.03  1 -1.73e-07      0.00 7.039e-01 2.862e-01 1.500e-03 8.411e-04 4.376e-03 -1.000 9.902e-03 -3.273 2.896 1.333 -0.191 -1.675 -3.349 -5.073 -6.005 -6.292
0.01 -0.17553 9.84510 1.1050851345 2.4925305489    0.874  3.344  3.5086  0.021    8  0.529  0.457   154.42    79.13    49.94    40.01    32.60  1 -2.94e-07      0.00 7.039e-01 2.862e-01 1.500e-03 8.411e-04 4.376e-03 -1.000 9.902e-03 -3.591 2.948 1.908 0.553 -1.307 -3.267 -5.449 -6.397 -6.719
0.01 -0.17553 9.84510 1.1050854921 2.4925306083    0.871  3.424  3.4975 -0.105    8  0.529  0.457   187.14    99.27    62.01    49.85    40.64  1  -4.1e-07      0.00 7.039e-01 2.862e-01 1.500e-03 8.411e-04 4.376e-03 -1.000 9.902e-03 -3.791 2.970 2.280 1.037 -1.067 -3.159 -5.685 -6.642 -6.986
0.01 -0.17553 9.84510 1.1050858498 2.4925306678    0.867  3.464  3.4918 -0.168    8  0.529  0.457   206.04   111.25    69.13    55.68    45.40  1 -4.86e-07      0.00 7.039e-01 2.862e-01 1.500e-03 8.411e-04 4.376e-03 -1.000 9.902e-03 -3.889 2.979 2.449 1.250 -0.962 -3.103 -5.802 -6.762 -7.117
0.01 -0.17553 9.84510 1.1050863266 2.4925307472    0.864  3.479  3.4893 -0.195    8  0.529  0.457   214.32   116.62    72.31    58.28    47.53  1 -5.22e-07      0.01 7.039e-01 2.862e-01 1.500e-03 8.411e-04 4.376e-03 -1.000 9.902e-03 -3.926 2.989 2.523 1.336 -0.917 -3.075 -5.847 -6.809 -7.168
0.01 -0.17553 9.84510 1.1050868034 2.4925308265    0.860  3.484  3.4881 -0.207    8  0.530  0.457   218.07   119.12    73.78    59.50    48.52  0  -5.4e-07      0.01 7.039e-01 2.862e-01 1.500e-03 8.411e-04 4.376e-03 -1.000 9.902e-03 -3.940 2.997 2.553 1.363 -0.901 -3.064 -5.864 -6.827 -7.188
0.01 -0.17553 9.84510 1.1050868034 2.4925308265    0.859  3.294  3.5136  0.085    8  0.530  0.457   135.69    70.27    44.57    35.67    29.05  1 -2.51e-07      0.00 7.039e-01 2.862e-01 1.500e-03 8.411e-04 4.376e-03 -1.000 9.902e-03 -3.465 2.965 1.767 0.360 -1.385 -3.270 -5.306 -6.250 -6.562
0.01 -0.17553 9.84510 1.1050869226 2.4925308463    0.858  3.119  3.5371  0.353    8  0.530  0.457    77.07    43.25    28.04    22.28    18.12  1 -1.22e-07      0.00 7.039e-01 2.862e-01 1.500e-03 8.411e-04 4.376e-03 -1.000 9.902e-03 -3.028 2.894 1.110 -0.477 -1.786 -3.258 -4.790 -5.708 -5.975
0.01 -0.17553 9.84510 1.1050870419 2.4925308661    0.857  2.945  3.5604  0.619    8  0.530  0.457    43.94    26.71    17.69    13.96    11.34  2  -5.8e-08      0.00 7.039e-01 2.862e-01 1.500e-03 8.411e-04 4.376e-03 -1.000 9.902e-03 -2.593 2.786 0.778 -0.872 -1.936 -3.008 -4.285 -5.159 -5.387
0.01 -0.17553 9.84510 1.1050871611 2.4925308860    0.854  2.964  3.5577  0.588    8  0.530  0.457    46.88    28.23    18.65    14.73    11.97  2 -6.35e-08      0.00 7.039e-01 2.862e-01 1.500e-03 8.411e-04 4.376e-03 -1.000 9.902e-03 -2.641 2.804 0.808 -0.840 -1.925 -3.039 -4.340 -5.220 -5.453
0.01 -0.17553 9.84510 1.1050873995 2.4925309256    0.852  3.082  3.5416  0.404    8  0.530  0.457    69.06    39.34    25.61    20.32    16.53  1 -1.07e-07      0.00 7.039e-01 2.862e-01 1.500e-03 8.411e-04 4.376e-03 -1.000 9.902e-03 -2.936 2.885 1.031 -0.576 -1.825 -3.214 -4.683 -5.595 -5.854
0.01 -0.17553 9.84510 1.1050877571 2.4925309851    0.848  3.235  3.5206  0.166    8  0.530  0.457   114.14    60.50    38.62    30.85    25.11  1 -2.05e-07      0.00 7.039e-01 2.862e-01 1.500e-03 8.411e-04 4.376e-03 -1.000 9.902e-03 -3.319 2.961 1.538 0.055 -1.529 -3.298 -5.136 -6.074 -6.372
0.01 -0.17553 9.84510 1.1050879955 2.4925310248    0.844  3.362  3.5032 -0.032    8  0.530  0.457   165.57    86.42    54.29    43.60    35.52  1 -3.48e-07      0.00 7.039e-01 2.862e-01 1.500e-03 8.411e-04 4.376e-03 -1.000 9.902e-03 -3.634 3.007 2.138 0.842 -1.137 -3.164 -5.509 -6.462 -6.794
0.01 -0.17553 9.84510 1.1050884724 2.4925311041    0.839  3.441  3.4920 -0.159    8  0.531  0.457   200.76   108.52    67.46    54.38    44.33  1 -4.87e-07      0.01 7.039e-01 2.862e-01 1.500e-03 8.411e-04 4.376e-03 -1.000 9.902e-03 -3.833 3.025 2.488 1.288 -0.917 -3.055 -5.745 -6.705 -7.059
0.01 -0.17553 9.84510 1.1050888300 2.4925311636    0.834  3.480  3.4863 -0.224    8  0.531  0.457   221.34   121.84    75.34    60.85    49.61  0 -5.81e-07      0.01 7.039e-01 2.862e-01 1.500e-03 8.411e-04 4.376e-03 -1.000 9.902e-03 -3.931 3.037 2.624 1.431 -0.850 -3.018 -5.861 -6.824 -7.189
0.01 -0.17553 9.84510 1.1050893068 2.4925312429    0.828  3.496  3.4838 -0.253    8  0.531  0.457   230.68   128.06    78.99    63.86    52.07  0  -6.3e-07      0.01 7.039e-01 2.862e-01 1.500e-03 8.411e-04 4.376e-03 -1.000 9.902e-03 -3.969 3.046 2.679 1.480 -0.825 -3.002 -5.907 -6.871 -7.241
0.01 -0.17553 9.84510 1.1050899029 2.4925313421    0.821  3.502  3.4825 -0.267    8  0.532  0.457   235.21   131.19    80.82    65.38    53.31  0 -6.61e-07      0.01 7.039e-01 2.862e-01 1.500e-03 8.411e-04 4.376e-03 -1.000 9.902e-03 -3.984 3.056 2.712 1.509 -0.808 -2.989 -5.926 -6.891 -7.262
0.01 -0.17553 9.84510 1.1050899029 2.4925313421    0.821  3.317  3.5077  0.018    8  0.532  0.457   151.68    78.35    49.40    39.66    32.30  1 -3.15e-07      0.00 7.039e-01 2.862e-01 1.500e-03 8.411e-04 4.376e-03 -1.000 9.902e-03 -3.523 3.029 2.016 0.672 -1.206 -3.176 -5.383 -6.333 -6.657
0.01 -0.17553 9.84510 1.1050900221 2.4925313619    0.820  3.143  3.5316  0.287    8  0.532  0.457    87.88    48.19    31.05    24.75    20.14  1 -1.54e-07      0.00 7.039e-01 2.862e-01 1.500e-03 8.411e-04 4.376e-03 -1.000 9.902e-03 -3.088 2.958 1.270 -0.290 -1.678 -3.253 -4.869 -5.795 -6.071
0.01 -0.17553 9.84510 1.1050901413 2.4925313817    0.818  2.970  3.5553  0.555    8  0.532  0.457    49.84    29.66    19.54    15.46    12.56  1 -7.43e-08      0.00 7.039e-01 2.862e-01 1.500e-03 8.411e-04 4.376e-03 -1.000 9.902e-03 -2.654 2.852 0.865 -0.781 -1.887 -3.038 -4.360 -5.245 -5.482
0.01 -0.17553 9.84510 1.1050903797 2.4925314214    0.816  2.989  3.5526  0.523    8  0.532  0.457    53.21    31.36    20.60    16.32    13.26  1 -8.14e-08      0.00 7.039e-01 2.862e-01 1.500e-03 8.411e-04 4.376e-03 -1.000 9.902e-03 -2.702 2.869 0.896 -0.746 -1.875 -3.069 -4.415 -5.306 -5.547
0.01 -0.17553 9.84510 1.1050906181 2.4925314610    0.813  3.106  3.5364  0.340    8  0.532  0.457    78.37    43.65    28.25    22.49    18.29  1 -1.35e-07      0.00 7.039e-01 2.862e-01 1.500e-03 8.411e-04 4.376e-03 -1.000 9.902e-03 -2.994 2.948 1.173 -0.413 -1.732 -3.216 -4.758 -5.678 -5.945
0.01 -0.17553 9.84510 1.1050908566 2.4925315007    0.809  3.257  3.5154  0.103    8  0.532  0.457   129.42    66.98    42.51    34.07    27.73  1 -2.57e-07      0.00 7.039e-01 2.862e-01 1.500e-03 8.411e-04 4.376e-03 -1.000 9.902e-03 -3.372 3.024 1.767 0.339 -1.365 -3.221 -5.207 -6.150 -6.458
0.01 -0.17553 9.84510 1.1050912142 2.4925315602    0.804  3.382  3.4979 -0.095    8  0.532  0.457   179.02    95.53    59.67    48.08    39.17  1 -4.35e-07      0.00 7.039e-01 2.862e-01 1.500e-03 8.411e-04 4.376e-03 -1.000 9.902e-03 -3.684 3.068 2.366 1.121 -0.975 -3.063 -5.576 -6.533 -6.877
0.01 -0.17553 9.84510 1.1050916910 2.4925316395    0.799  3.460  3.4867 -0.221    8  0.533  0.457   216.95   119.84    74.09    59.91    48.83  0 -6.07e-07      0.01 7.039e-01 2.862e-01 1.500e-03 8.411e-04 4.376e-03 -1.000 9.902e-03 -3.881 3.086 2.666 1.472 -0.807 -2.974 -5.809 -6.772 -7.137
0.01 -0.17553 9.84510 1.1050921679 2.4925317188    0.793  3.499  3.4809 -0.286    8  0.533  0.457   239.14   134.51    82.71    67.02    54.64  0 -7.24e-07      0.01 7.039e-01 2.862e-01 1.500e-03 8.411e-04 4.376e-03 -1.000 9.902e-03 -3.978 3.097 2.779 1.572 -0.761 -2.947 -5.924 -6.890 -7.265
0.01 -0.17553 9.84510 1.1050926447 2.4925317982    0.787  3.514  3.4785 -0.315    8  0.533  0.457   249.24   141.38    86.72    70.34    57.35  0 -7.89e-07      0.01 7.039e-01 2.862e-01 1.500e-03 8.411e-04 4.376e-03 -1.000 9.902e-03 -4.016 3.107 2.826 1.611 -0.741 -2.937 -5.969 -6.936 -7.315
0.01 -0.17553 9.84510 1.1050932407 2.4925318973    0.780  3.521  3.4773 -0.329    8  0.534  0.457   247.38    -1.00    -1.00    -1.00    -1.00  0 -8.31e-07      0.01 7.039e-01 2.862e-01 1.500e-03 8.411e-04 4.376e-03 -1.000 9.902e-03 -4.031 3.117 2.851 1.632 -0.731 -2.931 -5.987 -6.954 -7.335
0.01 -0.17553 9.84510 1.1050932407 2.4925318973    0.779  3.342  3.5023 -0.052    8  0.534  0.457   165.57    87.64    54.92    44.25    36.03  1 -4.09e-07      0.00 7.039e-01 2.862e-01 1.500e-03 8.411e-04 4.376e-03 -1.000 9.902e-03 -3.586 3.087 2.245 0.956 -1.047 -3.088 -5.463 -6.417 -6.752
0.01 -0.17553 9.84510 1.1050933599 2.4925319171    0.777  3.169  3.5266  0.217    8  0.534  0.457   100.85    53.87    34.50    27.60    22.45  1 -2.03e-07      0.00 7.039e-01 2.862e-01 1.500e-03 8.411e-04 4.376e-03 -1.000 9.902e-03 -3.153 3.013 1.432 -0.099 -1.574 -3.239 -4.951 -5.882 -6.168
0.01 -0.17553 9.84510 1.1050934792 2.4925319370    0.773  2.996  3.5510  0.487    8  0.534  0.457    56.89    33.06    21.64    17.19    13.97  1 -9.92e-08      0.00 7.039e-01 2.862e-01 1.500e-03 8.411e-04 4.376e-03 -1.000 9.902e-03 -2.719 2.906 0.932 -0.712 -1.857 -3.077 -4.438 -5.331 -5.575
0.01 -0.17553 9.84510 1.1050937176 2.4925319766    0.768  3.015  3.5483  0.454    8  0.534  0.457    60.92    35.02    22.86    18.18    14.77  1  -1.1e-07      0.00 7.039e-01 2.862e-01 1.500e-03 8.411e-04 4.376e-03 -1.000 9.902e-03 -2.767 2.924 0.976 -0.663 -1.836 -3.103 -4.494 -5.393 -5.641
0.01 -0.17553 9.84510 1.1050939560 2.4925320163    0.761  3.130  3.5317  0.268    8  0.534  0.457    90.19    48.87    31.42    25.12    20.42  1 -1.84e-07      0.00 7.039e-01 2.862e-01 1.500e-03 8.411e-04 4.376e-03 -1.000 9.902e-03 -3.055 3.006 1.306 -0.261 -1.649 -3.222 -4.836 -5.761 -6.038
0.01 -0.17553 9.84510 1.1050941944 2.4925320559    0.754  3.279  3.5101  0.028    8  0.534  0.457   144.68    75.25    47.44    38.19    31.08  1  -3.5e-07      0.00 7.039e-01 2.862e-01 1.500e-03 8.411e-04 4.376e-03 -1.000 9.902e-03 -3.428 3.099 2.008 0.635 -1.197 -3.140 -5.280 -6.228 -6.548
0.01 -0.17553 9.84510 1.1050945520 2.4925321154    0.744  3.402  3.4920 -0.173    8  0.535  0.457   196.38   107.85    66.88    54.14    44.09  0 -5.97e-07      0.01 7.039e-01 2.862e-01 1.500e-03 8.411e-04 4.376e-03 -1.000 9.902e-03 -3.736 3.153 2.612 1.406 -0.808 -2.949 -5.646 -6.607 -6.963
0.01 -0.17553 9.84510 1.1050950289 2.4925321948    0.733  3.480  3.4804 -0.303    8  0.535  0.457   221.54    -1.00    -1.00    -1.00    -1.00  0 -8.48e-07      0.01 7.039e-01 2.862e-01 1.500e-03 8.411e-04 4.376e-03 -1.000 9.902e-03 -3.929 3.189 2.873 1.657 -0.687 -2.879 -5.875 -6.842 -7.220
0.01 -0.17553 9.84510 1.1050955057 2.4925322741    0.722  3.518  3.4748 -0.371    8  0.535  0.457   215.05    -1.00    -1.00    -1.00    -1.00  0 -1.04e-06      0.02 7.039e-01 2.862e-01 1.500e-03 8.411e-04 4.376e-03 -1.000 9.902e-03 -4.025 3.209 2.969 1.732 -0.656 -2.869 -5.986 -6.954 -7.342
0.01 -0.17553 9.84510 1.1050959826 2.4925323534    0.708  3.533  3.4729 -0.401    8  0.536  0.457   208.00    -1.00    -1.00    -1.00    -1.00  0 -1.17e-06      0.03 7.039e-01 2.862e-01 1.500e-03 8.411e-04 4.376e-03 -1.000 9.902e-03 -4.062 3.244 3.021 1.769 -0.640 -2.863 -6.025 -6.996 -7.390
0.01 -0.17553 9.84510 1.1050965786 2.4925324525    0.694  3.539  3.4729 -0.416    8  0.536  0.457   200.46    -1.00    -1.00    -1.00    -1.00  0 -1.28e-06      0.03 7.039e-01 2.862e-01 1.500e-03 8.411e-04 4.376e-03 -1.000 9.902e-03 -4.077 3.269 3.036 1.775 -0.643 -2.868 -6.037 -7.009 -7.406
0.01 -0.17553 9.84510 1.1050965786 2.4925324525    0.693  3.368  3.4997 -0.138    8  0.536  0.457   181.65    99.51    61.84    50.13    40.80  0 -6.56e-07      0.01 7.039e-01 2.862e-01 1.500e-03 8.411e-04 4.376e-03 -1.000 9.902e-03 -3.650 3.156 2.384 1.106 -0.980 -3.061 -5.535 -6.490 -6.836
0.01 -0.17553 9.84510 1.1050966978 2.4925324724    0.691  3.196  3.5269  0.141    8  0.536  0.457   116.56    60.01    38.15    30.70    24.95  1 -3.31e-07      0.00 7.039e-01 2.862e-01 1.500e-03 8.411e-04 4.376e-03 -1.000 9.902e-03 -3.221 3.020 1.393 -0.164 -1.645 -3.310 -5.018 -5.946 -6.236
0.01 -0.17553 9.84510 1.1050968170 2.4925324922    0.688  3.023  3.5548  0.424    8  0.537  0.457    63.63    35.95    23.38    18.68    15.16  1 -1.63e-07      0.00 7.039e-01 2.862e-01 1.500e-03 8.411e-04 4.376e-03 -1.000 9.902e-03 -2.787 2.843 0.794 -0.886 -2.007 -3.168 -4.498 -5.379 -5.621
0.01 -0.17553 9.84510 1.1050970554 2.4925325319    0.684  3.042  3.5527  0.394    8  0.537  0.457    67.77    37.89    24.58    19.66    15.96  1 -1.81e-07      0.00 7.039e-01 2.862e-01 1.500e-03 8.411e-04 4.376e-03 -1.000 9.902e-03 -2.834 2.852 0.811 -0.868 -2.008 -3.202 -4.552 -5.436 -5.682
0.01 -0.17553 9.84510 1.1050972939 2.4925325715    0.678  3.156  3.5358  0.209    8  0.537  0.457   100.55    52.82    33.75    27.13    22.04  1    -3e-07      0.00 7.039e-01 2.862e-01 1.500e-03 8.411e-04 4.376e-03 -1.000 9.902e-03 -3.119 2.955 1.130 -0.490 -1.832 -3.333 -4.887 -5.803 -6.076
0.01 -0.17553 9.84510 1.1050975323 2.4925326112    0.670  3.302  3.5138 -0.031    8  0.537  0.457   151.96    81.23    50.90    41.19    33.50  0 -5.66e-07      0.01 7.039e-01 2.862e-01 1.500e-03 8.411e-04 4.376e-03 -1.000 9.902e-03 -3.485 3.080 1.825 0.380 -1.388 -3.283 -5.323 -6.266 -6.586
0.01 -0.17553 9.84510 1.1050980091 2.4925326905    0.662  3.423  3.4958 -0.229    8  0.537  0.457   184.01    -1.00    -1.00    -1.00    -1.00  0 -9.58e-07      0.02 7.039e-01 2.862e-01 1.500e-03 8.411e-04 4.376e-03 -1.000 9.902e-03 -3.788 3.181 2.500 1.232 -0.950 -3.075 -5.681 -6.640 -6.998
0.01 -0.17553 9.84510 1.1050983667 2.4925327500    0.652  3.499  3.4853 -0.354    8  0.538  0.457   179.17    -1.00    -1.00    -1.00    -1.00  0 -1.36e-06      0.04 7.039e-01 2.862e-01 1.500e-03 8.411e-04 4.376e-03 -1.000 9.902e-03 -3.978 3.269 2.820 1.566 -0.786 -2.981 -5.896 -6.865 -7.249
0.01 -0.17553 9.84510 1.1050988436 2.4925328293    0.641  3.537  3.4814 -0.414    8  0.538  0.457   173.82    -1.00    -1.00    -1.00    -1.00  0 -1.67e-06      0.05 7.039e-01 2.862e-01 1.500e-03 8.411e-04 4.376e-03 -1.000 9.902e-03 -4.072 3.309 2.914 1.636 -0.763 -2.975 -5.996 -6.970 -7.366
0.01 -0.17553 9.84510 1.1050994396 2.4925329285    0.629  3.552  3.4818 -0.435    8  0.539  0.457   168.01    -1.00    -1.00    -1.00    -1.00  0  -1.9e-06      0.06 7.039e-01 2.862e-01 1.500e-03 8.411e-04 4.376e-03 -1.000 9.902e-03 -4.109 3.335 2.913 1.621 -0.789 -3.004 -6.026 -7.002 -7.402
0.01 -0.17553 9.84510 1.1051000357 2.4925330276    0.616  3.558  3.4844 -0.440    8  0.539  0.457   161.81    -1.00    -1.00    -1.00    -1.00  0  -2.1e-06      0.07 7.039e-01 2.862e-01 1.500e-03 8.411e-04 4.376e-03 -1.000 9.902e-03 -4.124 3.367 2.874 1.569 -0.839 -3.053 -6.025 -7.003 -7.405
0.01 -0.17553 9.84510 1.1051032543 2.4925335630    0.540 -9.999  4.0000  1.792    9  0.540  0.000     0.00     0.00     0.00     0.00     0.00 -1    -1e-30      0.00 7.039e-01 2.862e-01 1.500e-03 8.411e-04 4.376e-03 -1.000 9.902e-03 29.767 29.735 29.995 30.043 30.031 30.027 30.073 30.070 30.087
#isochrone terminated
