# File generated by CMD 3.7 (http://stev.oapd.inaf.it/cmd) on Thu Mar  2 17:06:49 CET 2023
# isochrones based on PARSEC release v1.2S +  COLIBRI S_37 + S_35 + PR16
# Basic references: Bressan et al. (2012), MNRAS, 427, 127 + Chen et al. (2014, 2015), MNRAS, 444, 2525 + MNRAS, 452, 1068 + Tang et al. (2014), MNRAS, 445, 4287 + Marigo et al. (2017), ApJ, 835, 77 + Pastorelli al. (2019), MNRAS, 485, 5666 + Pastorelli al. (2020), MNRAS, in press
# Thermal pulse cycles included 
# On RGB, assumed Reimers mass loss with efficiency eta=0.2
# LPV periods and growth rates added cf. Trabucchi et al. (2019)
# but fundamental-mode LPV periods are from Trabucchi et al. (2021)
# Photometric system: <i>UBVRIJHK</i> (cf. Maiz-Apellaniz 2006 + Bessell 1990)
# Using YBC version of bolometric corrections as in Chen et al. (2019)
# O-rich circumstellar dpmod60alox40 dust from Groenewegen (2006)
# C-rich circumstellar AMCSIC15 dust from Groenewegen (2006)
# IMF: Kroupa (2001, 2002) + Kroupa et al. (2013) canonical two-part-power law IMF corrected for unresolved binaries 
# Kind of output: isochrone tables
# Zini     MH   logAge Mini        int_IMF         Mass   logL    logTe  logg  label   McoreTP C_O  period0  period1  period2  period3  period4  pmode  Mloss  tau1m   X   Y   Xc  Xn  Xo  Cexcess  Z 	 mbolmag  Umag    Bmag    Vmag    Rmag    Imag    Jmag    Hmag    Kmag
0.02 0.14251 9.84510 0.0900000036 1.0816895926    0.090 -3.437  3.3544  5.199    1  0.000  0.545     0.00     0.00     0.00     0.00     0.00 -1 -3.85e-17      0.00 6.952e-01 2.848e-01 3.596e-03 9.702e-04 8.799e-03 -1.000 2.000e-02 13.363 22.395 19.939 18.141 16.047 13.823 11.270 10.662 10.353
0.02 0.14251 9.84510 0.1000000015 1.1711064122    0.100 -3.265  3.3780  5.167    1  0.000  0.545     0.00     0.00     0.00     0.00     0.00 -1 -5.64e-17      0.00 6.950e-01 2.850e-01 3.596e-03 9.702e-04 8.799e-03 -1.000 2.000e-02 12.932 21.904 19.483 17.694 15.611 13.393 10.840 10.234 9.922
0.02 0.14251 9.84510 0.1028894559 1.1947994715    0.103 -3.226  3.3829  5.159    1  0.000  0.545     0.00     0.00     0.00     0.00     0.00 -1 -6.14e-17      0.00 6.949e-01 2.851e-01 3.596e-03 9.702e-04 8.799e-03 -1.000 2.000e-02 12.834 21.792 19.379 17.592 15.512 13.295 10.742 10.136 9.824
0.02 0.14251 9.84510 0.1200000048 1.3193154741    0.120 -3.014  3.4094  5.120    1  0.000  0.545     0.00     0.00     0.00     0.00     0.00 -1 -9.68e-17      0.00 6.944e-01 2.856e-01 3.596e-03 9.702e-04 8.799e-03 -1.000 2.000e-02 12.304 21.188 18.818 17.043 14.976 12.765 10.214 9.609 9.292
0.02 0.14251 9.84510 0.1400000006 1.4384526719    0.140 -2.827  3.4312  5.087    1  0.000  0.545     0.00     0.00     0.00     0.00     0.00 -1 -1.43e-16      0.00 6.939e-01 2.861e-01 3.596e-03 9.702e-04 8.799e-03 -1.000 2.000e-02 11.837 19.900 17.792 16.079 14.185 12.096 9.778 9.174 8.857
0.02 0.14251 9.84510 0.1599999964 1.5372931554    0.160 -2.683  3.4460  5.060    1  0.000  0.545     0.00     0.00     0.00     0.00     0.00 -1 -1.93e-16      0.00 6.935e-01 2.865e-01 3.596e-03 9.702e-04 8.799e-03 -1.000 2.000e-02 11.476 18.821 16.916 15.270 13.529 11.553 9.450 8.845 8.534
0.02 0.14251 9.84510 0.2000000030 1.6938790862    0.200 -2.466  3.4648  5.016    1  0.000  0.545     0.00     0.00     0.00     0.00     0.00 -1 -2.99e-16      0.00 6.927e-01 2.873e-01 3.596e-03 9.702e-04 8.799e-03 -1.000 2.000e-02 10.934 17.445 15.768 14.185 12.626 10.810 8.952 8.345 8.043
0.02 0.14251 9.84510 0.2500000000 1.8403257998    0.250 -2.258  3.4811  4.970    1  0.000  0.545     0.00     0.00     0.00     0.00     0.00 -1 -4.55e-16      0.00 6.920e-01 2.880e-01 3.596e-03 9.702e-04 8.799e-03 -1.000 2.000e-02 10.414 16.314 14.790 13.257 11.833 10.150 8.469 7.859 7.569
0.02 0.14251 9.84510 0.3082551062 1.9691563366    0.308 -2.062  3.4948  4.920    1  0.000  0.545     0.00     0.00     0.00     0.00     0.00 -1 -6.79e-16      0.00 6.924e-01 2.876e-01 3.596e-03 9.703e-04 8.799e-03 -1.000 2.000e-02 9.926 15.394 13.968 12.464 11.135 9.569 8.014 7.399 7.122
0.02 0.14251 9.84510 0.3346371055 2.0174946563    0.335 -1.982  3.4994  4.895    1  0.000  0.545     0.00     0.00     0.00     0.00     0.00 -1 -8.07e-16      0.00 6.947e-01 2.853e-01 3.596e-03 9.702e-04 8.799e-03 -1.000 2.000e-02 9.726 15.057 13.663 12.174 10.876 9.342 7.824 7.207 6.934
0.02 0.14251 9.84510 0.3500000238 2.0434175133    0.350 -1.938  3.5020  4.880    1  0.000  0.545     0.00     0.00     0.00     0.00     0.00 -1  -8.9e-16      0.00 6.957e-01 2.843e-01 3.596e-03 9.702e-04 8.799e-03 -1.000 2.000e-02 9.615 14.876 13.498 12.017 10.734 9.218 7.719 7.100 6.830
0.02 0.14251 9.84510 0.4000000358 2.1185024810    0.400 -1.795  3.5133  4.840    1  0.000  0.545     0.00     0.00     0.00     0.00     0.00 -1 -1.21e-15      0.00 6.959e-01 2.841e-01 3.596e-03 9.702e-04 8.799e-03 -1.000 2.000e-02 9.258 14.249 12.918 11.465 10.244 8.805 7.389 6.761 6.502
0.02 0.14251 9.84510 0.4500000179 2.1822809362    0.450 -1.649  3.5256  4.794    1  0.000  0.545     0.00     0.00     0.00     0.00     0.00 -1 -1.69e-15      0.00 6.960e-01 2.840e-01 3.596e-03 9.702e-04 8.799e-03 -1.000 2.000e-02 8.892 13.637 12.337 10.910 9.748 8.389 7.054 6.414 6.166
0.02 0.14251 9.84510 0.5000000000 2.2374541529    0.500 -1.498  3.5396  4.746    1  0.000  0.545     0.00     0.00     0.00     0.00     0.00 -1 -2.39e-15      0.00 6.960e-01 2.840e-01 3.596e-03 9.702e-04 8.799e-03 -1.000 2.000e-02 8.515 13.031 11.743 10.346 9.243 7.963 6.711 6.057 5.821
0.02 0.14251 9.84510 0.5500000119 2.2836582633    0.550 -1.333  3.5575  4.693    1  0.000  0.545     0.00     0.00     0.00     0.00     0.00 -1 -3.55e-15      0.00 7.118e-01 2.692e-01 3.420e-03 9.228e-04 8.371e-03 -1.000 1.904e-02 8.102 12.393 11.084 9.706 8.667 7.499 6.345 5.673 5.453
0.02 0.14251 9.84510 0.6000000238 2.3211213258    0.600 -1.167  3.5806  4.657    1  0.000  0.545     0.00     0.00     0.00     0.00     0.00 -1 -5.18e-15      0.00 7.142e-01 2.669e-01 3.394e-03 9.160e-04 8.310e-03 -1.000 1.888e-02 7.688 11.743 10.377 9.008 8.038 7.034 5.995 5.304 5.110
0.02 0.14251 9.84510 0.6435812116 2.3483748294    0.643 -1.019  3.6054  4.639    1  0.000  0.545     0.00     0.00     0.00     0.00     0.00 -1 -7.19e-15      0.00 7.161e-01 2.651e-01 3.375e-03 9.108e-04 8.263e-03 -1.000 1.878e-02 7.317 11.144 9.715 8.381 7.470 6.629 5.687 4.987 4.829
0.02 0.14251 9.84510 0.6499999762 2.3520353107    0.650 -0.998  3.6089  4.636    1  0.000  0.544     0.00     0.00     0.00     0.00     0.00 -1 -7.53e-15      0.00 7.164e-01 2.649e-01 3.372e-03 9.100e-04 8.256e-03 -1.000 1.878e-02 7.264 11.059 9.620 8.294 7.392 6.572 5.643 4.943 4.791
0.02 0.14251 9.84510 0.7000000477 2.3779267258    0.700 -0.832  3.6387  4.622    1  0.000  0.544     0.00     0.00     0.00     0.00     0.00 -1 -1.08e-14      0.00 7.184e-01 2.629e-01 3.351e-03 9.046e-04 8.207e-03 -1.000 1.869e-02 6.851 10.267 8.834 7.603 6.778 6.135 5.304 4.629 4.519
0.02 0.14251 9.84510 0.7019158006 2.3788347109    0.702 -0.826  3.6400  4.622    1  0.000  0.544     0.00     0.00     0.00     0.00     0.00 -1 -1.09e-14      0.00 7.185e-01 2.629e-01 3.348e-03 9.043e-04 8.206e-03 -1.000 1.869e-02 6.835 10.231 8.802 7.576 6.754 6.118 5.292 4.618 4.509
0.02 0.14251 9.84510 0.7500000000 2.3998889087    0.750 -0.669  3.6701  4.614    1  0.000  0.537     0.00     0.00     0.00     0.00     0.00 -1 -1.53e-14      0.00 7.203e-01 2.612e-01 3.286e-03 8.981e-04 8.161e-03 -1.000 1.855e-02 6.442 9.181 8.011 6.926 6.212 5.704 4.986 4.398 4.312
0.02 0.14251 9.84510 0.7795919776 2.4113718855    0.779 -0.581  3.6830  4.595    1  0.000  0.537     0.00     0.00     0.00     0.00     0.00 -1 -1.88e-14      0.00 7.221e-01 2.594e-01 3.267e-03 8.929e-04 8.115e-03 -1.000 1.847e-02 6.222 8.666 7.636 6.614 5.952 5.478 4.807 4.262 4.182
0.02 0.14251 9.84510 0.8000000119 2.4187244405    0.800 -0.521  3.6918  4.581    1  0.000  0.537     0.00     0.00     0.00     0.00     0.00 -1 -2.16e-14      0.00 7.234e-01 2.582e-01 3.255e-03 8.895e-04 8.085e-03 -1.000 1.836e-02 6.073 8.335 7.391 6.410 5.781 5.327 4.685 4.167 4.091
0.02 0.14251 9.84510 0.8247737288 2.4270899803    0.824 -0.448  3.7022  4.563    1  0.000  0.537     0.00     0.00     0.00     0.00     0.00 -1 -2.57e-14      0.00 7.251e-01 2.566e-01 3.237e-03 8.847e-04 8.042e-03 -1.000 1.826e-02 5.890 7.937 7.104 6.168 5.578 5.145 4.539 4.052 3.981
0.02 0.14251 9.84510 0.8500000238 2.4350346840    0.849 -0.375  3.7125  4.544    1  0.000  0.537     0.00     0.00     0.00     0.00     0.00 -1 -3.07e-14      0.00 7.269e-01 2.550e-01 3.219e-03 8.799e-04 7.999e-03 -1.000 1.816e-02 5.707 7.555 6.827 5.933 5.377 4.964 4.392 3.935 3.868
0.02 0.14251 9.84510 0.8653102517 2.4395975315    0.865 -0.330  3.7183  4.530    1  0.000  0.536     0.00     0.00     0.00     0.00     0.00 -1 -3.42e-14      0.00 7.281e-01 2.537e-01 3.206e-03 8.764e-04 7.967e-03 -1.000 1.814e-02 5.595 7.334 6.665 5.795 5.257 4.855 4.302 3.860 3.796
0.02 0.14251 9.84510 0.8900081515 2.4465790345    0.889 -0.258  3.7275  4.507    1  0.000  0.536     0.00     0.00     0.00     0.00     0.00 -1 -4.09e-14      0.00 7.302e-01 2.518e-01 3.184e-03 8.706e-04 7.916e-03 -1.000 1.803e-02 5.415 6.991 6.412 5.577 5.067 4.680 4.156 3.739 3.678
0.02 0.14251 9.84510 0.8999999762 2.4492786016    0.899 -0.229  3.7311  4.497    1  0.000  0.536     0.00     0.00     0.00     0.00     0.00 -1  -4.4e-14      0.00 7.310e-01 2.510e-01 3.176e-03 8.683e-04 7.895e-03 -1.000 1.799e-02 5.342 6.856 6.312 5.491 4.991 4.610 4.097 3.689 3.630
0.02 0.14251 9.84510 0.9110004306 2.4521720581    0.910 -0.197  3.7348  4.485    1  0.000  0.536     0.00     0.00     0.00     0.00     0.00 -1 -4.77e-14      0.00 7.321e-01 2.499e-01 3.164e-03 8.652e-04 7.867e-03 -1.000 1.792e-02 5.262 6.713 6.202 5.397 4.908 4.533 4.032 3.633 3.576
0.02 0.14251 9.84510 0.9252738953 2.4558087367    0.924 -0.155  3.7395  4.469    1  0.000  0.536     0.00     0.00     0.00     0.00     0.00 -1 -5.31e-14      0.00 7.336e-01 2.486e-01 3.149e-03 8.611e-04 7.830e-03 -1.000 1.783e-02 5.157 6.529 6.061 5.275 4.800 4.433 3.946 3.559 3.504
0.02 0.14251 9.84510 0.9393934011 2.4592814313    0.939 -0.113  3.7440  4.452    1  0.000  0.536     0.00     0.00     0.00     0.00     0.00 -1 -5.91e-14      0.00 7.351e-01 2.472e-01 3.134e-03 8.570e-04 7.793e-03 -1.000 1.771e-02 5.053 6.347 5.925 5.157 4.695 4.336 3.862 3.485 3.432
0.02 0.14251 9.84510 0.9499999881 2.4618121868    0.949 -0.082  3.7472  4.438    1  0.000  0.536     0.00     0.00     0.00     0.00     0.00 -1 -6.42e-14      0.00 7.362e-01 2.462e-01 3.122e-03 8.539e-04 7.765e-03 -1.000 1.763e-02 4.975 6.213 5.824 5.070 4.617 4.263 3.798 3.429 3.378
0.02 0.14251 9.84510 0.9522665739 2.4623445984    0.952 -0.075  3.7479  4.435    1  0.000  0.536     0.00     0.00     0.00     0.00     0.00 -1 -6.53e-14      0.00 7.365e-01 2.459e-01 3.119e-03 8.530e-04 7.758e-03 -1.000 1.762e-02 4.958 6.185 5.802 5.051 4.600 4.247 3.784 3.417 3.366
0.02 0.14251 9.84510 0.9648526907 2.4652487625    0.964 -0.038  3.7514  4.417    1  0.000  0.536     0.00     0.00     0.00     0.00     0.00 -1 -7.23e-14      0.00 7.382e-01 2.443e-01 3.102e-03 8.484e-04 7.717e-03 -1.000 1.753e-02 4.865 6.032 5.684 4.947 4.507 4.160 3.706 3.347 3.298
0.02 0.14251 9.84510 0.9765284657 2.4678660380    0.976 -0.003  3.7545  4.400    1  0.000  0.536     0.00     0.00     0.00     0.00     0.00 -1 -7.95e-14      0.00 7.397e-01 2.428e-01 3.086e-03 8.441e-04 7.678e-03 -1.000 1.745e-02 4.777 5.896 5.576 4.852 4.420 4.078 3.633 3.280 3.233
0.02 0.14251 9.84510 0.9880458117 2.4703782285    0.988  0.032  3.7574  4.382    1  0.000  0.536     0.00     0.00     0.00     0.00     0.00 -1 -8.73e-14      0.00 7.413e-01 2.414e-01 3.070e-03 8.398e-04 7.639e-03 -1.000 1.738e-02 4.691 5.763 5.470 4.758 4.335 3.997 3.559 3.214 3.167
0.02 0.14251 9.84510 0.9989877939 2.4727033165    0.999  0.065  3.7599  4.365    1  0.000  0.536     0.00     0.00     0.00     0.00     0.00 -1 -9.57e-14      0.00 7.427e-01 2.400e-01 3.054e-03 8.357e-04 7.603e-03 -1.000 1.731e-02 4.609 5.640 5.370 4.669 4.253 3.919 3.489 3.149 3.104
0.02 0.14251 9.84510 1.0000000000 2.4729154477    1.000  0.068  3.7602  4.363    1  0.000  0.536     0.00     0.00     0.00     0.00     0.00 -1 -9.65e-14      0.00 7.428e-01 2.399e-01 3.053e-03 8.353e-04 7.599e-03 -1.000 1.730e-02 4.601 5.629 5.361 4.661 4.246 3.912 3.482 3.143 3.098
0.02 0.14251 9.84510 1.0004805326 2.4730159816    1.000  0.069  3.7603  4.362    1  0.000  0.536     0.00     0.00     0.00     0.00     0.00 -1 -9.68e-14      0.00 7.429e-01 2.398e-01 3.052e-03 8.351e-04 7.597e-03 -1.000 1.730e-02 4.597 5.624 5.357 4.657 4.242 3.908 3.479 3.140 3.095
0.02 0.14251 9.84510 1.0113360882 2.4752578673    1.011  0.102  3.7625  4.343    1  0.000  0.536     0.00     0.00     0.00     0.00     0.00 -1 -1.04e-13      0.00 7.448e-01 2.380e-01 3.033e-03 8.299e-04 7.551e-03 -1.000 1.720e-02 4.515 5.511 5.260 4.570 4.161 3.831 3.408 3.074 3.030
0.02 0.14251 9.84510 1.0221557617 2.4774379392    1.021  0.134  3.7644  4.323    1  0.000  0.535     0.00     0.00     0.00     0.00     0.00 -1 -1.13e-13      0.00 7.466e-01 2.363e-01 3.015e-03 8.249e-04 7.506e-03 -1.000 1.710e-02 4.436 5.404 5.168 4.487 4.082 3.756 3.337 3.007 2.964
0.02 0.14251 9.84510 1.0325124264 2.4794755756    1.032  0.164  3.7659  4.303    1  0.000  0.535     0.00     0.00     0.00     0.00     0.00 -1 -1.21e-13      0.00 7.482e-01 2.348e-01 2.998e-03 8.205e-04 7.466e-03 -1.000 1.700e-02 4.361 5.308 5.083 4.408 4.008 3.684 3.269 2.942 2.900
0.02 0.14251 9.84510 1.0490643978 2.4826362559    1.048  0.215  3.7681  4.268    1  0.000  0.535     0.00     0.00     0.00     0.00     0.00 -1 -1.37e-13      0.00 7.498e-01 2.333e-01 2.982e-03 8.162e-04 7.428e-03 -1.000 1.685e-02 4.233 5.150 4.940 4.276 3.881 3.561 3.152 2.830 2.789
0.02 0.14251 9.84510 1.0499999523 2.4828114860    1.049  0.218  3.7682  4.266    1  0.000  0.535     0.00     0.00     0.00     0.00     0.00 -1 -1.38e-13      0.00 7.499e-01 2.333e-01 2.982e-03 8.161e-04 7.427e-03 -1.000 1.685e-02 4.225 5.140 4.932 4.268 3.874 3.554 3.145 2.823 2.782
0.02 0.14251 9.84510 1.0570304394 2.4841168974    1.056  0.240  3.7691  4.250    1  0.000  0.535     0.00     0.00     0.00     0.00     0.00 -1 -1.46e-13      0.00 7.506e-01 2.326e-01 2.974e-03 8.142e-04 7.410e-03 -1.000 1.680e-02 4.169 5.072 4.870 4.210 3.818 3.500 3.093 2.773 2.733
0.02 0.14251 9.84510 1.0617769957 2.4849869984    1.061  0.256  3.7696  4.238    1  0.000  0.535     0.00     0.00     0.00     0.00     0.00 -1 -1.52e-13      0.00 7.507e-01 2.325e-01 2.974e-03 8.140e-04 7.408e-03 -1.000 1.680e-02 4.130 5.025 4.827 4.169 3.780 3.462 3.057 2.738 2.698
0.02 0.14251 9.84510 1.0729107857 2.4869932604    1.072  0.294  3.7705  4.208    1  0.000  0.535     0.00     0.00     0.00     0.00     0.00 -1 -1.67e-13      0.00 7.505e-01 2.326e-01 2.977e-03 8.148e-04 7.416e-03 -1.000 1.684e-02 4.035 4.917 4.726 4.072 3.685 3.369 2.966 2.650 2.610
0.02 0.14251 9.84510 1.0846108198 2.4890505961    1.083  0.335  3.7709  4.173    1  0.000  0.535     0.00     0.00     0.00     0.00     0.00 -1 -1.87e-13      0.00 7.499e-01 2.332e-01 2.985e-03 8.171e-04 7.437e-03 -1.000 1.692e-02 3.932 4.809 4.620 3.969 3.583 3.267 2.866 2.551 2.510
0.02 0.14251 9.84510 1.0937875509 2.4906288638    1.092  0.368  3.7706  4.143    1  0.000  0.535     0.00     0.00     0.00     0.00     0.00 -1 -2.05e-13      0.00 7.490e-01 2.340e-01 2.998e-03 8.206e-04 7.469e-03 -1.000 1.700e-02 3.849 4.728 4.537 3.886 3.500 3.184 2.781 2.465 2.425
0.02 0.14251 9.84510 1.1000000238 2.4916801480    1.099  0.391  3.7701  4.120    1  0.000  0.535     0.00     0.00     0.00     0.00     0.00 -1 -2.19e-13      0.00 7.480e-01 2.349e-01 3.010e-03 8.240e-04 7.501e-03 -1.000 1.708e-02 3.792 4.677 4.483 3.829 3.442 3.126 2.722 2.405 2.364
0.02 0.14251 9.84510 1.1026947498 2.4921319199    1.101  0.401  3.7699  4.110    1  0.000  0.535     0.00     0.00     0.00     0.00     0.00 -1 -2.26e-13      0.00 7.477e-01 2.352e-01 3.014e-03 8.254e-04 7.512e-03 -1.000 1.712e-02 3.766 4.654 4.459 3.804 3.417 3.100 2.695 2.378 2.337
0.02 0.14251 9.84510 1.1053798199 2.4925795544    1.104  0.412  3.7696  4.099    1  0.000  0.535     0.00     0.00     0.00     0.00     0.00 -1 -2.33e-13      0.00 7.472e-01 2.357e-01 3.021e-03 8.272e-04 7.528e-03 -1.000 1.717e-02 3.741 4.632 4.435 3.779 3.391 3.073 2.668 2.350 2.309
0.02 0.14251 9.84510 1.1077733040 2.4929764749    1.106  0.421  3.7689  4.089    1  0.000  0.535     0.00     0.00     0.00     0.00     0.00 -1  -2.4e-13      0.00 7.460e-01 2.367e-01 3.034e-03 8.310e-04 7.562e-03 -1.000 1.724e-02 3.717 4.616 4.415 3.757 3.368 3.049 2.642 2.322 2.281
0.02 0.14251 9.84510 1.1143136024 2.4940510843    1.113  0.446  3.7673  4.059    2  0.000  0.535     0.00     0.00     0.00     0.00     0.00 -1 -2.59e-13      0.00 7.429e-01 2.396e-01 3.071e-03 8.413e-04 7.653e-03 -1.000 1.743e-02 3.654 4.574 4.361 3.697 3.304 2.982 2.571 2.247 2.206
0.02 0.14251 9.84510 1.1213977337 2.4951988009    1.120  0.473  3.7640  4.022    2  0.000  0.535     0.00     0.00     0.00     0.00     0.00 -1 -2.83e-13      0.00 7.380e-01 2.443e-01 3.126e-03 8.566e-04 7.789e-03 -1.000 1.775e-02 3.587 4.547 4.314 3.636 3.236 2.909 2.488 2.158 2.114
0.02 0.14251 9.84510 1.1290493011 2.4964198616    1.127  0.498  3.7573  3.973    2  0.000  0.535     0.00     0.00     0.00     0.00     0.00 -1 -3.12e-13      0.00 7.301e-01 2.517e-01 3.208e-03 8.792e-04 7.990e-03 -1.000 1.822e-02 3.525 4.574 4.295 3.590 3.173 2.835 2.396 2.050 2.004
0.02 0.14251 9.84510 1.1353814602 2.4974160673    1.134  0.509  3.7473  3.925    2  0.000  0.536     0.00     0.00     0.00     0.00     0.00 -1 -3.34e-13      0.00 7.216e-01 2.598e-01 3.295e-03 9.028e-04 8.198e-03 -1.000 1.866e-02 3.499 4.691 4.336 3.589 3.148 2.793 2.325 1.956 1.905
0.02 0.14251 9.84510 1.1388689280 2.4979592953    1.137  0.501  3.7368  3.893    2  0.000  0.536     0.00     0.00     0.00     0.00     0.00 -1 -3.39e-13      0.00 7.157e-01 2.653e-01 3.353e-03 9.185e-04 8.337e-03 -1.000 1.898e-02 3.519 4.868 4.426 3.640 3.173 2.802 2.302 1.906 1.852
0.02 0.14251 9.84510 1.1411539316 2.4983131509    1.139  0.489  3.7273  3.867    2  0.000  0.537     0.00     0.00     0.00     0.00     0.00 -1 -3.39e-13      0.00 7.117e-01 2.691e-01 3.392e-03 9.289e-04 8.428e-03 -1.000 1.918e-02 3.547 5.041 4.525 3.701 3.210 2.823 2.293 1.873 1.815
0.02 0.14251 9.84510 1.1428711414 2.4985780072    1.141  0.481  3.7190  3.843    2  0.000  0.537     0.00     0.00     0.00     0.00     0.00 -1  -3.4e-13      0.00 7.089e-01 2.718e-01 3.418e-03 9.361e-04 8.491e-03 -1.000 1.929e-02 3.568 5.197 4.610 3.754 3.241 2.840 2.283 1.840 1.778
0.02 0.14251 9.84510 1.1449236870 2.4988933862    1.143  0.480  3.7088  3.803    2  0.000  0.537     0.00     0.00     0.00     0.00     0.00 -1 -3.53e-13      0.00 7.059e-01 2.747e-01 3.444e-03 9.432e-04 8.553e-03 -1.000 1.940e-02 3.570 5.371 4.693 3.798 3.258 2.839 2.248 1.776 1.710
0.02 0.14251 9.84510 1.1469748020 2.4992072490    1.145  0.503  3.7008  3.749    2  0.000  0.537     0.00     0.00     0.00     0.00     0.00 -1 -3.92e-13      0.00 7.031e-01 2.773e-01 3.465e-03 9.488e-04 8.601e-03 -1.000 1.957e-02 3.513 5.456 4.705 3.778 3.216 2.782 2.164 1.669 1.600
0.02 0.14251 9.84510 1.1483912468 2.4994232417    1.147  0.530  3.6967  3.706    2  0.000  0.537     0.00     0.00     0.00     0.00     0.00 -1 -4.37e-13      0.00 7.012e-01 2.792e-01 3.476e-03 9.520e-04 8.630e-03 -1.000 1.960e-02 3.444 5.461 4.673 3.730 3.155 2.713 2.081 1.575 1.503
0.02 0.14251 9.84510 1.1491646767 2.4995409230    1.147  0.552  3.6953  3.679    2  0.000  0.536     0.00     0.00     0.00     0.00     0.00 -1 -4.73e-13      0.00 6.999e-01 2.805e-01 3.475e-03 9.548e-04 8.641e-03 -1.000 1.963e-02 3.391 5.434 4.633 3.684 3.106 2.661 2.023 1.512 1.440
0.02 0.14251 9.84510 1.1499999762 2.4996678137    1.148  0.575  3.6938  3.650    3  0.000  0.535     0.00     0.00     0.00     0.00     0.00 -1 -5.15e-13      0.00 6.984e-01 2.819e-01 3.471e-03 9.596e-04 8.653e-03 -1.000 1.966e-02 3.332 5.400 4.587 3.632 3.050 2.602 1.959 1.444 1.371
0.02 0.14251 9.84510 1.1504309177 2.4997331954    1.149  0.588  3.6929  3.634    3  0.000  0.534     0.00     0.00     0.00     0.00     0.00 -1  -5.4e-13      0.00 6.976e-01 2.827e-01 3.468e-03 9.622e-04 8.660e-03 -1.000 1.968e-02 3.299 5.382 4.562 3.604 3.019 2.570 1.924 1.406 1.332
0.02 0.14251 9.84510 1.1518750191 2.4999518817    1.150  0.638  3.6908  3.576    3  0.000  0.524     0.00     0.00     0.00     0.00     0.00 -1 -6.43e-13      0.00 6.945e-01 2.858e-01 3.412e-03 1.009e-03 8.679e-03 -1.000 1.973e-02 3.176 5.293 4.457 3.491 2.902 2.448 1.794 1.269 1.195
0.02 0.14251 9.84510 1.1532658339 2.5001619034    1.151  0.691  3.6890  3.517    3  0.000  0.502     0.00     0.00     0.00     0.00     0.00 -1 -7.75e-13      0.00 6.909e-01 2.893e-01 3.272e-03 1.157e-03 8.695e-03 -1.000 1.982e-02 3.043 5.186 4.338 3.365 2.773 2.316 1.655 1.125 1.050
0.02 0.14251 9.84510 1.1542986631 2.5003174905    1.153  0.734  3.6878  3.469    3  0.000  0.482     0.00     0.00     0.00     0.00     0.00 -1 -9.03e-13      0.00 6.882e-01 2.920e-01 3.147e-03 1.310e-03 8.703e-03 -1.000 1.985e-02 2.935 5.099 4.242 3.264 2.668 2.209 1.543 1.010 0.934
0.02 0.14251 9.84510 1.1554976702 2.5004977097    1.154  0.789  3.6863  3.409    3  0.000  0.463     0.00     0.00     0.00     0.00     0.00 -1 -1.09e-12      0.00 6.851e-01 2.950e-01 3.024e-03 1.465e-03 8.712e-03 -1.000 1.986e-02 2.798 4.992 4.122 3.135 2.536 2.073 1.402 0.864 0.788
0.02 0.14251 9.84510 1.1563495398 2.5006254906    1.155  0.831  3.6851  3.362    3  0.000  0.452     0.00     0.00     0.00     0.00     0.00 -1 -1.27e-12      0.00 6.831e-01 2.970e-01 2.957e-03 1.550e-03 8.717e-03 -1.000 1.991e-02 2.693 4.911 4.029 3.036 2.434 1.968 1.293 0.752 0.675
0.02 0.14251 9.84510 1.1571371555 2.5007434409    1.155  0.872  3.6839  3.316    3  0.000  0.444     0.00     0.00     0.00     0.00     0.00 -1 -1.47e-12      0.00 6.813e-01 2.987e-01 2.907e-03 1.614e-03 8.722e-03 -1.000 1.997e-02 2.590 4.831 3.939 2.939 2.334 1.866 1.185 0.641 0.563
0.02 0.14251 9.84510 1.1580641270 2.5008820242    1.156  0.926  3.6822  3.256    3  0.000  0.438     0.00     0.00     0.00     0.00     0.00 -1 -1.78e-12      0.00 6.798e-01 3.003e-01 2.865e-03 1.668e-03 8.725e-03 -1.000 1.993e-02 2.456 4.730 3.822 2.814 2.204 1.732 1.045 0.496 0.418
0.02 0.14251 9.84510 1.1587209702 2.5009800687    1.157  0.967  3.6808  3.209    3  0.000  0.434     0.00     0.00     0.00     0.00     0.00 -1 -2.06e-12      0.00 6.788e-01 3.012e-01 2.843e-03 1.697e-03 8.727e-03 -1.000 1.996e-02 2.352 4.654 3.733 2.717 2.104 1.629 0.937 0.383 0.304
0.02 0.14251 9.84510 1.1594929695 2.5010951389    1.158  1.020  3.6789  3.148    3  0.000  0.431     0.00     0.00     0.00     0.00     0.00 -1  -2.5e-12      0.00 6.778e-01 3.022e-01 2.820e-03 1.727e-03 8.729e-03 -1.000 1.995e-02 2.219 4.561 3.621 2.595 1.977 1.497 0.798 0.239 0.158
0.02 0.14251 9.84510 1.1601824760 2.5011977642    1.158  1.073  3.6768  3.088    3  0.000  0.429     0.00     0.00     0.00     0.00     0.00 -1 -3.02e-12      0.00 6.772e-01 3.029e-01 2.806e-03 1.743e-03 8.730e-03 -1.000 1.992e-02 2.087 4.473 3.512 2.475 1.851 1.367 0.660 0.094 0.013
0.02 0.14251 9.84510 1.1607861519 2.5012874995    1.159  1.124  3.6748  3.029    3  0.000  0.427     0.00     0.00     0.00     0.00     0.00 -1 -3.62e-12      0.00 6.768e-01 3.033e-01 2.797e-03 1.754e-03 8.731e-03 -1.000 1.993e-02 1.961 4.391 3.408 2.361 1.731 1.242 0.527 -0.045 -0.127
0.02 0.14251 9.84510 1.1613534689 2.5013717323    1.159  1.177  3.6725  2.968    3  0.000  0.426     0.00     0.00     0.00     0.00     0.00 -1 -4.38e-12      0.00 6.766e-01 3.034e-01 2.792e-03 1.762e-03 8.732e-03 -1.000 1.999e-02 1.829 4.307 3.300 2.242 1.606 1.112 0.388 -0.191 -0.274
0.02 0.14251 9.84510 1.1618289948 2.5014422635    1.160  1.225  3.6703  2.910    3  0.000  0.426     0.00     0.00     0.00     0.00     0.00 -1 -5.23e-12      0.00 6.765e-01 3.035e-01 2.790e-03 1.764e-03 8.732e-03 -1.000 2.000e-02 1.707 4.231 3.202 2.133 1.490 0.992 0.259 -0.326 -0.411
0.02 0.14251 9.84510 1.1621832848 2.5014947695    1.160  1.265  3.6685  2.864    3  0.000  0.426     0.00     0.00     0.00     0.00     0.00 -1 -6.04e-12      0.00 6.765e-01 3.035e-01 2.789e-03 1.765e-03 8.732e-03 -1.000 2.000e-02 1.609 4.173 3.124 2.046 1.398 0.896 0.156 -0.434 -0.521
0.02 0.14251 9.84510 1.1625896692 2.5015549507    1.160  1.314  3.6662  2.805    3  0.000  0.426     0.00     0.00     0.00     0.00     0.00 -1 -7.23e-12      0.00 6.765e-01 3.035e-01 2.789e-03 1.765e-03 8.732e-03 -1.000 2.000e-02 1.486 4.103 3.028 1.939 1.284 0.775 0.026 -0.571 -0.659
0.02 0.14251 9.84510 1.1629735231 2.5016117509    1.161  1.365  3.6636  2.744    3  0.000  0.426     0.00     0.00     0.00     0.00     0.00 -1 -8.71e-12      0.00 6.765e-01 3.035e-01 2.789e-03 1.766e-03 8.732e-03 -1.000 2.000e-02 1.358 4.032 2.930 1.828 1.165 0.651 -0.108 -0.713 -0.804
0.02 0.14251 9.84510 1.1633111238 2.5016616712    1.161  1.413  3.6611  2.686    3  0.000  0.426     0.00     0.00     0.00     0.00     0.00 -1 -1.04e-11      0.00 6.765e-01 3.035e-01 2.788e-03 1.766e-03 8.733e-03 -1.000 2.000e-02 1.237 3.966 2.836 1.723 1.053 0.532 -0.236 -0.849 -0.941
0.02 0.14251 9.84510 1.1636352539 2.5017095684    1.161  1.463  3.6585  2.626    3  0.000  0.426     0.00     0.00     0.00     0.00     0.00 -1 -1.25e-11      0.00 6.765e-01 3.035e-01 2.788e-03 1.766e-03 8.733e-03 -1.000 2.000e-02 1.113 3.902 2.743 1.617 0.939 0.411 -0.368 -0.989 -1.082
0.02 0.14251 9.84510 1.1639468670 2.5017555869    1.161  1.510  3.6559  2.568    3  0.000  0.426     0.00     0.00     0.00     0.00     0.00 -1 -1.49e-11      0.00 6.765e-01 3.035e-01 2.788e-03 1.767e-03 8.733e-03 -1.000 2.000e-02 0.995 3.845 2.656 1.517 0.831 0.297 -0.492 -1.121 -1.217
0.02 0.14251 9.84510 1.1643680334 2.5018177391    1.162  1.556  3.6534  2.512    3  0.000  0.426     0.00     0.00     0.00     0.00     0.00 -1 -1.77e-11      0.00 6.765e-01 3.035e-01 2.787e-03 1.767e-03 8.733e-03 -1.000 2.000e-02 0.879 3.787 2.570 1.419 0.725 0.184 -0.615 -1.251 -1.349
0.02 0.14251 9.84510 1.1646268368 2.5018559055    1.162  1.517  3.6561  2.562    3  0.000  0.425     0.00     0.00     0.00     0.00     0.00 -1 -1.55e-11      0.00 6.765e-01 3.035e-01 2.787e-03 1.768e-03 8.733e-03 -1.000 2.000e-02 0.978 3.822 2.636 1.498 0.813 0.279 -0.509 -1.138 -1.233
0.02 0.14251 9.84510 1.1647907495 2.5018800680    1.162  1.480  3.6584  2.609    3  0.000  0.425     0.00     0.00     0.00     0.00     0.00 -1 -1.35e-11      0.00 6.765e-01 3.035e-01 2.787e-03 1.768e-03 8.733e-03 -1.000 2.000e-02 1.069 3.858 2.700 1.573 0.895 0.368 -0.411 -1.032 -1.126
0.02 0.14251 9.84510 1.1648273468 2.5018854618    1.162  1.488  3.6580  2.600    3  0.000  0.425     0.00     0.00     0.00     0.00     0.00 -1 -1.38e-11      0.00 6.765e-01 3.035e-01 2.787e-03 1.768e-03 8.733e-03 -1.000 2.000e-02 1.051 3.849 2.686 1.557 0.878 0.350 -0.431 -1.053 -1.148
0.02 0.14251 9.84510 1.1650702953 2.5019212581    1.162  1.535  3.6553  2.541    3  0.000  0.425     0.00     0.00     0.00     0.00     0.00 -1 -1.63e-11      0.00 6.765e-01 3.035e-01 2.786e-03 1.768e-03 8.733e-03 -1.000 2.000e-02 0.932 3.794 2.599 1.457 0.770 0.235 -0.557 -1.188 -1.284
0.02 0.14251 9.84510 1.1653157473 2.5019574058    1.162  1.584  3.6526  2.482    3  0.000  0.425     0.00     0.00     0.00     0.00     0.00 -1 -1.94e-11      0.00 6.765e-01 3.035e-01 2.786e-03 1.769e-03 8.733e-03 -1.000 2.000e-02 0.811 3.743 2.513 1.356 0.660 0.117 -0.685 -1.324 -1.422
0.02 0.14251 9.84510 1.1655410528 2.5019905712    1.162  1.631  3.6498  2.424    3  0.000  0.425     0.00     0.00     0.00     0.00     0.00 -1 -2.32e-11      0.00 6.765e-01 3.035e-01 2.786e-03 1.769e-03 8.733e-03 -1.000 2.000e-02 0.694 3.709 2.435 1.259 0.552 0.003 -0.811 -1.458 -1.558
0.02 0.14251 9.84510 1.1657541990 2.5020219331    1.162  1.679  3.6470  2.365    3  0.000  0.425     0.00     0.00     0.00     0.00     0.00 -1 -2.77e-11      0.00 6.765e-01 3.035e-01 2.786e-03 1.769e-03 8.733e-03 -1.000 2.000e-02 0.574 3.677 2.358 1.162 0.444 -0.114 -0.939 -1.594 -1.696
0.02 0.14251 9.84510 1.1659420729 2.5020495656    1.162  1.724  3.6441  2.307    3  0.000  0.425     0.00     0.00     0.00     0.00     0.00 -1 -3.29e-11      0.00 6.765e-01 3.035e-01 2.786e-03 1.769e-03 8.733e-03 -1.000 2.000e-02 0.459 3.651 2.287 1.071 0.342 -0.225 -1.062 -1.724 -1.830
0.02 0.14251 9.84510 1.1661204100 2.5020757859    1.162  1.772  3.6412  2.249    3  0.000  0.425     0.00     0.00     0.00     0.00     0.00 -1 -3.92e-11      0.00 6.765e-01 3.035e-01 2.785e-03 1.770e-03 8.733e-03 -1.000 2.000e-02 0.341 3.623 2.212 0.976 0.236 -0.340 -1.188 -1.859 -1.966
0.02 0.14251 9.84510 1.1662788391 2.5020990715    1.162  1.817  3.6383  2.191    3  0.000  0.425     0.00     0.00     0.00     0.00     0.00 -1 -4.66e-11      0.00 6.765e-01 3.035e-01 2.785e-03 1.770e-03 8.733e-03 -1.000 2.000e-02 0.226 3.601 2.143 0.887 0.135 -0.450 -1.310 -1.989 -2.099
0.02 0.14251 9.84510 1.1664260626 2.5021207036    1.162  1.863  3.6353  2.134    3  0.000  0.425     0.00     0.00     0.00     0.00     0.00 -1 -5.53e-11      0.00 6.765e-01 3.035e-01 2.785e-03 1.770e-03 8.733e-03 -1.000 2.000e-02 0.112 3.580 2.075 0.799 0.037 -0.559 -1.432 -2.120 -2.232
0.02 0.14251 9.84510 1.1665604115 2.5021404385    1.162  1.909  3.6324  2.076    3  0.000  0.425     0.00     0.00     0.00     0.00     0.00 -1 -6.55e-11      0.00 6.765e-01 3.035e-01 2.785e-03 1.770e-03 8.733e-03 -1.000 2.000e-02 -0.002 3.560 2.008 0.712 -0.062 -0.669 -1.553 -2.250 -2.365
0.02 0.14251 9.84510 1.1666815281 2.5021582251    1.162  1.953  3.6294  2.020    3  0.000  0.425     0.00     0.00     0.00     0.00     0.00 -1 -7.76e-11      0.00 6.765e-01 3.035e-01 2.785e-03 1.770e-03 8.733e-03 -1.000 2.000e-02 -0.113 3.546 1.945 0.629 -0.158 -0.775 -1.672 -2.378 -2.495
0.02 0.14251 9.84510 1.1667940617 2.5021747475    1.162  1.998  3.6264  1.963    3  0.000  0.425     0.00     0.00     0.00     0.00     0.00 -1 -9.19e-11      0.00 6.765e-01 3.035e-01 2.785e-03 1.770e-03 8.733e-03 -1.000 2.000e-02 -0.226 3.507 1.880 0.543 -0.251 -0.881 -1.791 -2.502 -2.624
0.02 0.14251 9.84510 1.1668953896 2.5021896216    1.162  2.042  3.6233  1.906    3  0.000  0.425     0.00     0.00     0.00     0.00     0.00 -1 -1.09e-10      0.00 6.765e-01 3.035e-01 2.785e-03 1.771e-03 8.733e-03 -1.000 2.000e-02 -0.336 3.461 1.818 0.458 -0.342 -0.983 -1.907 -2.621 -2.749
0.02 0.14251 9.84510 1.1669886112 2.5022033031    1.162  2.086  3.6202  1.850    3  0.000  0.425     0.00     0.00     0.00     0.00     0.00 -1 -1.28e-10      0.00 6.765e-01 3.035e-01 2.784e-03 1.771e-03 8.733e-03 -1.000 2.000e-02 -0.446 3.412 1.755 0.374 -0.434 -1.085 -2.023 -2.740 -2.874
0.02 0.14251 9.84510 1.1670731306 2.5022157052    1.162  2.130  3.6172  1.794    3  0.000  0.425     0.00     0.00     0.00     0.00     0.00 -1 -1.51e-10      0.00 6.765e-01 3.035e-01 2.784e-03 1.771e-03 8.734e-03 -1.000 2.000e-02 -0.554 3.359 1.693 0.293 -0.520 -1.185 -2.137 -2.857 -2.998
0.02 0.14251 9.84510 1.1671510935 2.5022271434    1.161  2.173  3.6140  1.738    3  0.000  0.425     0.00     0.00     0.00     0.00     0.00 -1 -1.78e-10      0.00 6.765e-01 3.035e-01 2.784e-03 1.771e-03 8.734e-03 -1.000 2.000e-02 -0.662 3.308 1.633 0.215 -0.605 -1.283 -2.250 -2.975 -3.122
0.02 0.14251 9.84510 1.1672236919 2.5022377930    1.161  2.216  3.6109  1.683    3  0.000  0.425     0.00     0.00     0.00     0.00     0.00 -1  -2.1e-10      0.00 6.765e-01 3.035e-01 2.784e-03 1.771e-03 8.734e-03 -1.000 2.000e-02 -0.770 3.254 1.571 0.135 -0.692 -1.381 -2.364 -3.092 -3.246
0.02 0.14251 9.84510 1.1672885418 2.5022473047    1.161  2.258  3.6078  1.628    3  0.000  0.425     0.00     0.00     0.00     0.00     0.00 -1 -2.46e-10      0.00 6.765e-01 3.035e-01 2.784e-03 1.771e-03 8.734e-03 -1.000 2.000e-02 -0.875 3.199 1.512 0.062 -0.772 -1.475 -2.474 -3.207 -3.367
0.02 0.14251 9.84510 1.1673487425 2.5022561334    1.161  2.300  3.6046  1.573    3  0.000  0.425     0.00     0.00     0.00     0.00     0.00 -1 -2.89e-10      0.00 6.765e-01 3.035e-01 2.784e-03 1.771e-03 8.734e-03 -1.000 2.000e-02 -0.980 3.143 1.455 -0.009 -0.851 -1.569 -2.584 -3.321 -3.489
0.02 0.14251 9.84510 1.1674045324 2.5022643143    1.160  2.342  3.6014  1.519    3  0.000  0.425     0.00     0.00     0.00     0.00     0.00 -1  -3.4e-10      0.00 6.765e-01 3.035e-01 2.784e-03 1.771e-03 8.734e-03 -1.000 2.000e-02 -1.084 3.085 1.396 -0.081 -0.932 -1.662 -2.693 -3.436 -3.611
0.02 0.14251 9.84510 1.1674547195 2.5022716728    1.160  2.382  3.5982  1.465    3  0.000  0.425     0.00     0.00     0.00     0.00     0.00 -1 -3.97e-10      0.00 6.765e-01 3.035e-01 2.784e-03 1.771e-03 8.734e-03 -1.000 2.000e-02 -1.186 3.063 1.350 -0.141 -1.004 -1.753 -2.802 -3.551 -3.732
0.02 0.14251 9.84510 1.1675014496 2.5022785238    1.159  2.423  3.5950  1.411    3  0.000  0.425     0.00     0.00     0.00     0.00     0.00 -1 -4.64e-10      0.00 6.765e-01 3.035e-01 2.784e-03 1.771e-03 8.734e-03 -1.000 2.000e-02 -1.287 3.055 1.309 -0.195 -1.072 -1.845 -2.912 -3.669 -3.855
0.02 0.14251 9.84510 1.1675450802 2.5022849198    1.159  2.463  3.5918  1.358    3  0.000  0.425     0.00     0.00     0.00     0.00     0.00 -1 -5.42e-10      0.00 6.765e-01 3.035e-01 2.784e-03 1.771e-03 8.734e-03 -1.000 2.000e-02 -1.388 3.047 1.269 -0.248 -1.141 -1.937 -3.021 -3.787 -3.977
0.02 0.14251 9.84510 1.1675840616 2.5022906338    1.159  2.502  3.5884  1.305    3  0.000  0.425    11.47     8.35     5.87     4.50     3.65  4 -6.31e-10      0.00 6.765e-01 3.035e-01 2.784e-03 1.771e-03 8.734e-03 -1.000 2.000e-02 -1.486 3.042 1.236 -0.292 -1.200 -2.025 -3.127 -3.901 -4.097
0.02 0.14251 9.84510 1.1676206589 2.5022959980    1.158  2.542  3.5851  1.253    3  0.000  0.425    12.79     9.18     6.43     4.94     4.01  4 -7.35e-10      0.00 6.766e-01 3.034e-01 2.784e-03 1.772e-03 8.734e-03 -1.000 2.000e-02 -1.584 3.033 1.205 -0.333 -1.257 -2.112 -3.235 -4.016 -4.217
0.02 0.14251 9.84510 1.1676547527 2.5023009948    1.157  2.581  3.5818  1.200    3  0.000  0.425    14.26    10.10     7.04     5.41     4.40  4 -8.56e-10      0.00 6.766e-01 3.034e-01 2.784e-03 1.772e-03 8.734e-03 -1.000 2.000e-02 -1.683 3.025 1.174 -0.373 -1.313 -2.200 -3.342 -4.131 -4.337
0.02 0.14251 9.84510 1.1676852703 2.5023054673    1.157  2.619  3.5784  1.148    3  0.000  0.425    15.86    11.09     7.69     5.93     4.81  4 -9.92e-10      0.00 6.766e-01 3.034e-01 2.784e-03 1.772e-03 8.734e-03 -1.000 2.000e-02 -1.777 3.020 1.153 -0.400 -1.359 -2.281 -3.445 -4.242 -4.454
0.02 0.14251 9.84510 1.1677135229 2.5023096075    1.156  2.656  3.5751  1.098    3  0.000  0.425    17.60    12.15     8.39     6.47     5.26  3 -1.15e-09      0.00 6.766e-01 3.034e-01 2.784e-03 1.772e-03 8.734e-03 -1.000 2.000e-02 -1.869 3.011 1.139 -0.417 -1.396 -2.359 -3.547 -4.351 -4.568
0.02 0.14251 9.84510 1.1677403450 2.5023135379    1.155  2.693  3.5717  1.046    3  0.000  0.425    19.56    13.32     9.17     7.08     5.76  3 -1.33e-09      0.00 6.766e-01 3.034e-01 2.784e-03 1.772e-03 8.734e-03 -1.000 2.000e-02 -1.962 3.003 1.124 -0.435 -1.434 -2.439 -3.650 -4.462 -4.684
0.02 0.14251 9.84510 1.1677652597 2.5023171887    1.154  2.730  3.5683  0.996    3  0.000  0.425    21.71    14.60    10.00     7.74     6.29  3 -1.54e-09      0.00 6.766e-01 3.034e-01 2.784e-03 1.772e-03 8.734e-03 -1.000 2.000e-02 -2.054 2.994 1.117 -0.442 -1.464 -2.514 -3.751 -4.571 -4.798
0.02 0.14251 9.84510 1.1677932739 2.5023212933    1.153  2.774  3.5640  0.934    3  0.000  0.425    24.66    16.32    11.13     8.62     7.01  3 -1.83e-09      0.00 6.766e-01 3.034e-01 2.784e-03 1.772e-03 8.734e-03 -1.000 2.000e-02 -2.165 2.989 1.124 -0.430 -1.485 -2.601 -3.875 -4.703 -4.937
0.02 0.14251 9.84510 1.1678193808 2.5023251183    1.152  2.818  3.5595  0.872    3  0.000  0.425    28.05    18.26    12.39     9.61     7.82  3 -2.18e-09      0.00 6.766e-01 3.034e-01 2.784e-03 1.772e-03 8.734e-03 -1.000 2.000e-02 -2.275 2.985 1.137 -0.411 -1.502 -2.686 -4.000 -4.836 -5.077
0.02 0.14251 9.84510 1.1678431034 2.5023285938    1.151  2.861  3.5552  0.811    3  0.000  0.425    31.78    20.37    13.75    10.69     8.70  3 -2.59e-09      0.00 6.766e-01 3.034e-01 2.784e-03 1.772e-03 8.734e-03 -1.000 2.000e-02 -2.382 2.979 1.168 -0.368 -1.503 -2.759 -4.121 -4.965 -5.213
0.02 0.14251 9.84510 1.1678645611 2.5023317374    1.149  2.902  3.5509  0.752    3  0.000  0.425    35.91    22.67    15.23    11.86     9.65  3 -3.05e-09      0.00 6.766e-01 3.034e-01 2.784e-03 1.772e-03 8.734e-03 -1.000 2.000e-02 -2.486 2.975 1.203 -0.321 -1.499 -2.830 -4.238 -5.090 -5.345
0.02 0.14251 9.84510 1.1678847075 2.5023346887    1.148  2.944  3.5465  0.692    3  0.000  0.425    40.62    25.24    16.87    13.16    10.72  2 -3.61e-09      0.00 6.766e-01 3.034e-01 2.784e-03 1.772e-03 8.734e-03 -1.000 2.000e-02 -2.590 2.971 1.259 -0.247 -1.480 -2.888 -4.356 -5.215 -5.478
0.02 0.14251 9.84510 1.1679033041 2.5023374129    1.146  2.984  3.5421  0.634    3  0.000  0.425    45.81    28.04    18.66    14.57    11.87  2 -4.26e-09      0.00 6.766e-01 3.034e-01 2.783e-03 1.772e-03 8.734e-03 -1.000 2.000e-02 -2.690 2.968 1.319 -0.167 -1.456 -2.940 -4.472 -5.337 -5.608
0.02 0.14251 9.84510 1.1679203510 2.5023399099    1.144  3.023  3.5378  0.576    3  0.000  0.425    51.56    31.09    20.59    16.11    13.12  2    -5e-09      0.00 6.766e-01 3.034e-01 2.783e-03 1.772e-03 8.734e-03 -1.000 2.000e-02 -2.789 2.964 1.392 -0.071 -1.422 -2.981 -4.584 -5.456 -5.735
0.02 0.14251 9.84510 1.1679363251 2.5023422498    1.142  3.062  3.5335  0.519    3  0.000  0.425    57.96    34.44    22.70    17.79    14.49  2 -5.86e-09      0.00 6.766e-01 3.034e-01 2.783e-03 1.772e-03 8.734e-03 -1.000 2.000e-02 -2.886 2.962 1.479 0.041 -1.379 -3.011 -4.696 -5.573 -5.861
0.02 0.14251 9.84510 1.1679508686 2.5023443800    1.140  3.100  3.5292  0.464    3  0.000  0.425    64.99    38.06    24.98    19.60    15.97  2 -6.85e-09      0.00 6.766e-01 3.034e-01 2.783e-03 1.772e-03 8.734e-03 -1.000 2.000e-02 -2.980 2.962 1.577 0.165 -1.327 -3.033 -4.804 -5.687 -5.983
0.02 0.14251 9.84510 1.1679645777 2.5023463880    1.138  3.137  3.5248  0.408    3  0.000  0.425    72.89    42.08    27.48    21.60    17.61  2    -8e-09      0.00 6.766e-01 3.034e-01 2.783e-03 1.772e-03 8.734e-03 -1.000 2.000e-02 -3.073 2.962 1.701 0.320 -1.258 -3.029 -4.913 -5.800 -6.105
0.02 0.14251 9.84510 1.1679775715 2.5023482911    1.135  3.174  3.5204  0.352    3  0.000  0.425    81.75    46.51    30.24    23.81    19.41  2 -9.35e-09      0.00 6.766e-01 3.034e-01 2.783e-03 1.772e-03 8.734e-03 -1.000 2.000e-02 -3.166 2.965 1.831 0.483 -1.184 -3.022 -5.021 -5.912 -6.227
0.02 0.14251 9.84510 1.1679894924 2.5023500371    1.132  3.210  3.5159  0.298    3  0.000  0.425    91.50    51.31    33.21    26.19    21.36  2 -1.09e-08      0.00 6.766e-01 3.034e-01 2.783e-03 1.772e-03 8.734e-03 -1.000 2.000e-02 -3.255 2.970 1.995 0.696 -1.076 -2.975 -5.124 -6.021 -6.345
0.02 0.14251 9.84510 1.1680004597 2.5023516434    1.129  3.244  3.5116  0.245    3  0.000  0.425   102.03    56.42    36.36    28.72    23.42  2 -1.26e-08      0.00 6.766e-01 3.034e-01 2.783e-03 1.772e-03 8.734e-03 -1.000 2.000e-02 -3.341 2.979 2.164 0.916 -0.962 -2.923 -5.223 -6.126 -6.459
0.02 0.14251 9.84510 1.1680108309 2.5023531623    1.126  3.278  3.5071  0.192    3  0.000  0.425   113.84    62.07    39.83    31.50    25.70  1 -1.46e-08      0.00 6.766e-01 3.034e-01 2.783e-03 1.772e-03 8.734e-03 -1.000 2.000e-02 -3.426 2.982 2.314 1.109 -0.862 -2.873 -5.322 -6.230 -6.572
0.02 0.14251 9.84510 1.1680206060 2.5023545939    1.122  3.312  3.5027  0.139    3  0.000  0.425   126.81    68.19    43.57    34.51    28.16  1 -1.69e-08      0.00 6.766e-01 3.034e-01 2.783e-03 1.772e-03 8.734e-03 -1.000 2.000e-02 -3.510 2.982 2.448 1.279 -0.774 -2.827 -5.419 -6.332 -6.682
0.02 0.14251 9.84510 1.1680297852 2.5023559382    1.118  3.345  3.4984  0.088    3  0.000  0.425   140.97    74.77    47.57    37.73    30.80  1 -1.95e-08      0.00 6.766e-01 3.034e-01 2.783e-03 1.772e-03 8.734e-03 -1.000 2.000e-02 -3.591 2.986 2.586 1.449 -0.682 -2.772 -5.513 -6.432 -6.790
0.02 0.14251 9.84510 1.1680384874 2.5023572126    1.114  3.376  3.4941  0.037    3  0.000  0.425   156.34    81.81    51.83    41.18    33.62  1 -2.24e-08      0.00 6.766e-01 3.034e-01 2.783e-03 1.772e-03 8.734e-03 -1.000 2.000e-02 -3.670 2.992 2.719 1.600 -0.594 -2.711 -5.603 -6.528 -6.894
0.02 0.14251 9.84510 1.1680469513 2.5023584521    1.110  3.404  3.4902 -0.008    3  0.000  0.425   171.77    88.77    56.03    44.57    36.39  1 -2.56e-08      0.00 6.766e-01 3.034e-01 2.783e-03 1.772e-03 8.734e-03 -1.000 2.000e-02 -3.741 2.998 2.840 1.737 -0.514 -2.655 -5.684 -6.615 -6.990
0.02 0.14251 9.84510 1.1680469513 2.5023584521    1.109  1.690  3.6623  2.394    4  0.000  0.438     0.00     0.00     0.00     0.00     0.00 -1    -1e-30      0.00 6.774e-01 3.026e-01 2.867e-03 1.666e-03 8.723e-03 -1.000 2.000e-02 0.545 3.266 2.139 1.015 0.356 -0.161 -0.928 -1.532 -1.624
0.02 0.14251 9.84510 1.1681939363 2.5023799740    1.110  1.700  3.6615  2.381    4  0.000  0.438     0.00     0.00     0.00     0.00     0.00 -1    -1e-30      0.00 6.774e-01 3.026e-01 2.867e-03 1.666e-03 8.723e-03 -1.000 2.000e-02 0.519 3.261 2.123 0.994 0.332 -0.187 -0.956 -1.562 -1.655
0.02 0.14251 9.84510 1.1683367491 2.5024008791    1.110  1.704  3.6614  2.377    4  0.000  0.438     0.00     0.00     0.00     0.00     0.00 -1    -1e-30      0.00 6.774e-01 3.026e-01 2.866e-03 1.667e-03 8.723e-03 -1.000 2.000e-02 0.510 3.256 2.116 0.986 0.324 -0.195 -0.966 -1.572 -1.665
0.02 0.14251 9.84510 1.1684798002 2.5024218131    1.110  1.703  3.6617  2.379    4  0.000  0.438     0.00     0.00     0.00     0.00     0.00 -1    -1e-30      0.00 6.774e-01 3.026e-01 2.866e-03 1.667e-03 8.723e-03 -1.000 2.000e-02 0.513 3.251 2.115 0.987 0.326 -0.193 -0.962 -1.567 -1.660
0.02 0.14251 9.84510 1.1686235666 2.5024428459    1.110  1.700  3.6622  2.384    4  0.000  0.438     0.00     0.00     0.00     0.00     0.00 -1    -1e-30      0.00 6.774e-01 3.026e-01 2.866e-03 1.667e-03 8.723e-03 -1.000 2.000e-02 0.519 3.246 2.116 0.990 0.331 -0.187 -0.954 -1.558 -1.651
0.02 0.14251 9.84510 1.1687699556 2.5024642563    1.110  1.697  3.6626  2.389    4  0.000  0.438     0.00     0.00     0.00     0.00     0.00 -1    -1e-30      0.00 6.774e-01 3.026e-01 2.866e-03 1.667e-03 8.723e-03 -1.000 2.000e-02 0.526 3.241 2.117 0.994 0.336 -0.180 -0.946 -1.548 -1.640
0.02 0.14251 9.84510 1.1689170599 2.5024857650    1.110  1.695  3.6631  2.393    4  0.000  0.438     0.00     0.00     0.00     0.00     0.00 -1    -1e-30      0.00 6.774e-01 3.026e-01 2.866e-03 1.668e-03 8.723e-03 -1.000 2.000e-02 0.533 3.236 2.118 0.998 0.342 -0.173 -0.937 -1.538 -1.630
0.02 0.14251 9.84510 1.1690593958 2.5025065707    1.111  1.692  3.6636  2.398    4  0.000  0.438     0.00     0.00     0.00     0.00     0.00 -1    -1e-30      0.00 6.774e-01 3.026e-01 2.865e-03 1.668e-03 8.723e-03 -1.000 2.000e-02 0.540 3.231 2.119 1.002 0.347 -0.167 -0.929 -1.529 -1.621
0.02 0.14251 9.84510 1.1691998243 2.5025270918    1.111  1.690  3.6640  2.402    4  0.000  0.438     0.00     0.00     0.00     0.00     0.00 -1    -1e-30      0.00 6.774e-01 3.026e-01 2.865e-03 1.668e-03 8.724e-03 -1.000 2.000e-02 0.546 3.227 2.120 1.005 0.352 -0.161 -0.922 -1.521 -1.612
0.02 0.14251 9.84510 1.1693354845 2.5025469107    1.111  1.687  3.6644  2.406    4  0.000  0.438     0.00     0.00     0.00     0.00     0.00 -1    -1e-30      0.00 6.774e-01 3.026e-01 2.865e-03 1.669e-03 8.724e-03 -1.000 2.000e-02 0.552 3.222 2.121 1.008 0.356 -0.156 -0.915 -1.513 -1.604
0.02 0.14251 9.84510 1.1694815159 2.5025682389    1.111  1.685  3.6647  2.409    4  0.000  0.438     0.00     0.00     0.00     0.00     0.00 -1    -1e-30      0.00 6.774e-01 3.026e-01 2.865e-03 1.669e-03 8.724e-03 -1.000 2.000e-02 0.557 3.218 2.121 1.010 0.360 -0.152 -0.909 -1.505 -1.596
0.02 0.14251 9.84510 1.1696276665 2.5025895783    1.111  1.684  3.6651  2.412    4  0.000  0.438     0.00     0.00     0.00     0.00     0.00 -1    -1e-30      0.00 6.774e-01 3.026e-01 2.865e-03 1.669e-03 8.724e-03 -1.000 2.000e-02 0.561 3.213 2.121 1.012 0.363 -0.148 -0.904 -1.499 -1.590
0.02 0.14251 9.84510 1.1697616577 2.5026091370    1.111  1.682  3.6654  2.415    4  0.000  0.438     0.00     0.00     0.00     0.00     0.00 -1    -1e-30      0.00 6.774e-01 3.026e-01 2.864e-03 1.669e-03 8.724e-03 -1.000 2.000e-02 0.564 3.209 2.121 1.014 0.365 -0.145 -0.900 -1.494 -1.585
0.02 0.14251 9.84510 1.1699069738 2.5026303429    1.112  1.681  3.6657  2.417    4  0.000  0.438     0.00     0.00     0.00     0.00     0.00 -1    -1e-30      0.00 6.774e-01 3.026e-01 2.864e-03 1.670e-03 8.724e-03 -1.000 2.000e-02 0.567 3.205 2.121 1.015 0.368 -0.142 -0.896 -1.490 -1.580
0.02 0.14251 9.84510 1.1699581146 2.5026378045    1.112  1.681  3.6658  2.418    4  0.000  0.438     0.00     0.00     0.00     0.00     0.00 -1    -1e-30      0.00 6.774e-01 3.026e-01 2.864e-03 1.670e-03 8.724e-03 -1.000 2.000e-02 0.568 3.204 2.121 1.015 0.368 -0.141 -0.895 -1.488 -1.578
0.02 0.14251 9.84510 1.1700440645 2.5026503430    1.112  1.680  3.6659  2.419    4  0.000  0.438     0.00     0.00     0.00     0.00     0.00 -1    -1e-30      0.00 6.774e-01 3.026e-01 2.864e-03 1.670e-03 8.724e-03 -1.000 2.000e-02 0.570 3.201 2.120 1.015 0.369 -0.140 -0.893 -1.486 -1.576
0.02 0.14251 9.84510 1.1701905727 2.5026717110    1.112  1.679  3.6661  2.421    4  0.000  0.438     0.00     0.00     0.00     0.00     0.00 -1    -1e-30      0.00 6.774e-01 3.026e-01 2.864e-03 1.670e-03 8.724e-03 -1.000 2.000e-02 0.571 3.197 2.119 1.016 0.370 -0.138 -0.890 -1.482 -1.572
0.02 0.14251 9.84510 1.1703329086 2.5026924646    1.112  1.679  3.6663  2.422    4  0.000  0.438     0.00     0.00     0.00     0.00     0.00 -1    -1e-30      0.00 6.774e-01 3.026e-01 2.863e-03 1.671e-03 8.724e-03 -1.000 2.000e-02 0.573 3.194 2.118 1.016 0.371 -0.137 -0.889 -1.480 -1.570
0.02 0.14251 9.84510 1.1704828739 2.5027143243    1.112  1.679  3.6665  2.423    4  0.000  0.438     0.00     0.00     0.00     0.00     0.00 -1    -1e-30      0.00 6.773e-01 3.027e-01 2.863e-03 1.671e-03 8.724e-03 -1.000 2.000e-02 0.573 3.191 2.117 1.015 0.371 -0.137 -0.888 -1.479 -1.568
0.02 0.14251 9.84510 1.1706262827 2.5027352223    1.112  1.679  3.6666  2.424    4  0.000  0.438     0.00     0.00     0.00     0.00     0.00 -1    -1e-30      0.00 6.773e-01 3.027e-01 2.863e-03 1.671e-03 8.724e-03 -1.000 2.000e-02 0.573 3.188 2.115 1.014 0.370 -0.137 -0.888 -1.478 -1.568
0.02 0.14251 9.84510 1.1707696915 2.5027561144    1.113  1.679  3.6667  2.424    4  0.000  0.438     0.00     0.00     0.00     0.00     0.00 -1    -1e-30      0.00 6.773e-01 3.027e-01 2.863e-03 1.672e-03 8.724e-03 -1.000 2.000e-02 0.572 3.185 2.113 1.012 0.369 -0.138 -0.889 -1.479 -1.569
0.02 0.14251 9.84510 1.1709184647 2.5027777818    1.113  1.680  3.6667  2.423    4  0.000  0.437     0.00     0.00     0.00     0.00     0.00 -1    -1e-30      0.00 6.773e-01 3.027e-01 2.863e-03 1.672e-03 8.724e-03 -1.000 2.000e-02 0.569 3.182 2.111 1.010 0.366 -0.141 -0.891 -1.481 -1.571
0.02 0.14251 9.84510 1.1709840298 2.5027873287    1.113  1.681  3.6667  2.422    4  0.000  0.437     0.00     0.00     0.00     0.00     0.00 -1    -1e-30      0.00 6.773e-01 3.027e-01 2.862e-03 1.672e-03 8.724e-03 -1.000 2.000e-02 0.568 3.181 2.109 1.008 0.365 -0.142 -0.892 -1.483 -1.572
0.02 0.14251 9.84510 1.1710669994 2.5027994082    1.113  1.682  3.6667  2.421    4  0.000  0.437     0.00     0.00     0.00     0.00     0.00 -1    -1e-30      0.00 6.773e-01 3.027e-01 2.862e-03 1.672e-03 8.724e-03 -1.000 2.000e-02 0.565 3.180 2.107 1.006 0.363 -0.144 -0.895 -1.485 -1.575
0.02 0.14251 9.84510 1.1712090969 2.5028200913    1.113  1.684  3.6666  2.419    4  0.000  0.437     0.00     0.00     0.00     0.00     0.00 -1    -1e-30      0.00 6.773e-01 3.027e-01 2.862e-03 1.673e-03 8.725e-03 -1.000 2.000e-02 0.561 3.177 2.104 1.002 0.358 -0.149 -0.900 -1.491 -1.580
0.02 0.14251 9.84510 1.1713466644 2.5028401097    1.113  1.686  3.6664  2.416    4  0.000  0.437     0.00     0.00     0.00     0.00     0.00 -1    -1e-30      0.00 6.773e-01 3.027e-01 2.862e-03 1.673e-03 8.725e-03 -1.000 2.000e-02 0.555 3.175 2.100 0.997 0.352 -0.155 -0.907 -1.498 -1.587
0.02 0.14251 9.84510 1.1714829206 2.5028599319    1.113  1.689  3.6662  2.412    4  0.000  0.437     0.00     0.00     0.00     0.00     0.00 -1    -1e-30      0.00 6.773e-01 3.027e-01 2.862e-03 1.673e-03 8.725e-03 -1.000 2.000e-02 0.547 3.174 2.095 0.991 0.345 -0.163 -0.915 -1.507 -1.596
0.02 0.14251 9.84510 1.1716191769 2.5028797487    1.114  1.693  3.6659  2.407    4  0.000  0.437     0.00     0.00     0.00     0.00     0.00 -1    -1e-30      0.00 6.773e-01 3.027e-01 2.862e-03 1.673e-03 8.725e-03 -1.000 2.000e-02 0.537 3.172 2.089 0.983 0.337 -0.172 -0.925 -1.518 -1.608
0.02 0.14251 9.84510 1.1717550755 2.5028995083    1.114  1.698  3.6655  2.401    4  0.000  0.437     0.00     0.00     0.00     0.00     0.00 -1    -1e-30      0.00 6.773e-01 3.027e-01 2.861e-03 1.674e-03 8.725e-03 -1.000 2.000e-02 0.526 3.171 2.083 0.974 0.326 -0.183 -0.938 -1.532 -1.622
0.02 0.14251 9.84510 1.1718916893 2.5029193666    1.114  1.703  3.6651  2.394    4  0.000  0.437     0.00     0.00     0.00     0.00     0.00 -1    -1e-30      0.00 6.773e-01 3.027e-01 2.861e-03 1.674e-03 8.725e-03 -1.000 2.000e-02 0.512 3.170 2.075 0.964 0.314 -0.196 -0.953 -1.548 -1.638
0.02 0.14251 9.84510 1.1720290184 2.5029393235    1.114  1.709  3.6646  2.386    4  0.000  0.437     0.00     0.00     0.00     0.00     0.00 -1    -1e-30      0.00 6.773e-01 3.027e-01 2.861e-03 1.674e-03 8.725e-03 -1.000 2.000e-02 0.497 3.168 2.066 0.951 0.300 -0.211 -0.970 -1.566 -1.657
0.02 0.14251 9.84510 1.1721631289 2.5029588074    1.114  1.717  3.6639  2.375    4  0.000  0.437     0.00     0.00     0.00     0.00     0.00 -1    -1e-30      0.00 6.773e-01 3.027e-01 2.861e-03 1.674e-03 8.725e-03 -1.000 2.000e-02 0.477 3.167 2.055 0.936 0.283 -0.231 -0.992 -1.590 -1.682
0.02 0.14251 9.84510 1.1722999811 2.5029786844    1.114  1.729  3.6628  2.359    4  0.000  0.437     0.00     0.00     0.00     0.00     0.00 -1    -1e-30      0.00 6.773e-01 3.027e-01 2.860e-03 1.675e-03 8.725e-03 -1.000 2.000e-02 0.447 3.165 2.039 0.914 0.256 -0.260 -1.025 -1.626 -1.718
0.02 0.14251 9.84510 1.1724351645 2.5029983138    1.115  1.747  3.6613  2.336    4  0.000  0.437     0.00     0.00     0.00     0.00     0.00 -1    -1e-30      0.00 6.773e-01 3.027e-01 2.860e-03 1.675e-03 8.725e-03 -1.000 2.000e-02 0.403 3.163 2.015 0.880 0.217 -0.302 -1.073 -1.679 -1.772
0.02 0.14251 9.84510 1.1725702286 2.5030179206    1.115  1.784  3.6580  2.285    4  0.000  0.437     0.00     0.00     0.00     0.00     0.00 -1    -1e-30      0.00 6.773e-01 3.027e-01 2.860e-03 1.675e-03 8.725e-03 -1.000 2.000e-02 0.311 3.162 1.966 0.811 0.136 -0.392 -1.176 -1.791 -1.887
0.02 0.14251 9.84510 1.1726250648 2.5030258796    1.115  1.818  3.6549  2.239    4  0.000  0.437     0.00     0.00     0.00     0.00     0.00 -1    -1e-30      0.00 6.773e-01 3.027e-01 2.860e-03 1.675e-03 8.725e-03 -1.000 2.000e-02 0.225 3.164 1.923 0.748 0.061 -0.474 -1.270 -1.895 -1.992
0.02 0.14251 9.84510 1.1726573706 2.5030305680    1.115  1.855  3.6516  2.189    4  0.000  0.437     0.00     0.00     0.00     0.00     0.00 -1    -1e-30      0.00 6.773e-01 3.027e-01 2.860e-03 1.676e-03 8.725e-03 -1.000 2.000e-02 0.132 3.166 1.875 0.680 -0.019 -0.563 -1.372 -2.006 -2.106
0.02 0.14251 9.84510 1.1726760864 2.5030332841    1.115  1.894  3.6483  2.137    4  0.000  0.437     0.00     0.00     0.00     0.00     0.00 -1    -1e-30      0.00 6.773e-01 3.027e-01 2.860e-03 1.676e-03 8.725e-03 -1.000 2.000e-02 0.036 3.168 1.826 0.610 -0.102 -0.655 -1.478 -2.122 -2.224
0.02 0.14251 9.84510 1.1726864576 2.5030347891    1.115  1.930  3.6451  2.088    4  0.000  0.437     0.00     0.00     0.00     0.00     0.00 -1    -1e-30      0.00 6.773e-01 3.027e-01 2.860e-03 1.676e-03 8.725e-03 -1.000 2.000e-02 -0.055 3.171 1.782 0.545 -0.180 -0.742 -1.577 -2.230 -2.335
0.02 0.14251 9.84510 1.1726930141 2.5030357405    1.115  1.967  3.6419  2.038    4  0.000  0.437     0.00     0.00     0.00     0.00     0.00 -1    -1e-30      0.00 6.773e-01 3.027e-01 2.860e-03 1.676e-03 8.725e-03 -1.000 2.000e-02 -0.148 3.175 1.735 0.478 -0.259 -0.831 -1.679 -2.341 -2.449
0.02 0.14251 9.84510 1.1726971865 2.5030363460    1.115  2.003  3.6388  1.989    4  0.000  0.437     0.00     0.00     0.00     0.00     0.00 -1    -1e-30      0.00 6.773e-01 3.027e-01 2.860e-03 1.676e-03 8.725e-03 -1.000 2.000e-02 -0.238 3.175 1.692 0.413 -0.335 -0.916 -1.777 -2.447 -2.558
0.02 0.14251 9.84510 1.1726999283 2.5030367439    1.115  2.039  3.6358  1.942    4  0.000  0.437     0.00     0.00     0.00     0.00     0.00 -1    -1e-30      0.00 6.773e-01 3.027e-01 2.860e-03 1.676e-03 8.725e-03 -1.000 2.000e-02 -0.326 3.157 1.650 0.349 -0.408 -0.998 -1.871 -2.546 -2.662
0.02 0.14251 9.84510 1.1727014780 2.5030369687    1.115  2.062  3.6339  1.911    7  0.000  0.437     0.00     0.00     0.00     0.00     0.00 -1    -1e-30      0.00 6.773e-01 3.027e-01 2.860e-03 1.676e-03 8.725e-03 -1.000 2.000e-02 -0.384 3.144 1.622 0.306 -0.456 -1.051 -1.933 -2.611 -2.730
0.02 0.14251 9.84510 1.1727019548 2.5030370379    1.115  2.068  3.6333  1.902    7  0.000  0.437     0.00     0.00     0.00     0.00     0.00 -1    -1e-30      0.00 6.773e-01 3.027e-01 2.860e-03 1.676e-03 8.725e-03 -1.000 2.000e-02 -0.401 3.140 1.613 0.294 -0.470 -1.067 -1.951 -2.629 -2.749
0.02 0.14251 9.84510 1.1727041006 2.5030373493    1.115  2.107  3.6301  1.851    7  0.000  0.437     0.00     0.00     0.00     0.00     0.00 -1    -1e-30      0.00 6.773e-01 3.027e-01 2.860e-03 1.676e-03 8.725e-03 -1.000 2.000e-02 -0.497 3.116 1.565 0.223 -0.549 -1.155 -2.053 -2.736 -2.861
0.02 0.14251 9.84510 1.1727064848 2.5030376953    1.115  2.147  3.6268  1.797    7  0.000  0.437     0.00     0.00     0.00     0.00     0.00 -1    -1e-30      0.00 6.773e-01 3.027e-01 2.860e-03 1.676e-03 8.725e-03 -1.000 2.000e-02 -0.598 3.086 1.515 0.150 -0.629 -1.248 -2.160 -2.848 -2.980
0.02 0.14251 9.84510 1.1727123260 2.5030385429    1.115  2.191  3.6231  1.739    7  0.000  0.437     0.00     0.00     0.00     0.00     0.00 -1    -1e-30      0.00 6.773e-01 3.027e-01 2.860e-03 1.676e-03 8.725e-03 -1.000 2.000e-02 -0.707 3.050 1.458 0.072 -0.717 -1.347 -2.276 -2.970 -3.108
0.02 0.14251 9.84510 1.1727241278 2.5030402554    1.115  2.143  3.6272  1.803    7  0.000  0.437     0.00     0.00     0.00     0.00     0.00 -1    -1e-30      0.00 6.773e-01 3.027e-01 2.860e-03 1.676e-03 8.725e-03 -1.000 2.000e-02 -0.588 3.087 1.518 0.156 -0.622 -1.239 -2.150 -2.837 -2.968
0.02 0.14251 9.84510 1.1727669239 2.5030464650    1.115  2.093  3.6314  1.870    7  0.000  0.437     0.00     0.00     0.00     0.00     0.00 -1    -1e-30      0.00 6.773e-01 3.027e-01 2.860e-03 1.676e-03 8.725e-03 -1.000 2.000e-02 -0.462 3.122 1.581 0.248 -0.521 -1.124 -2.016 -2.697 -2.820
0.02 0.14251 9.84510 1.1728821993 2.5030631886    1.115  2.112  3.6297  1.844    7  0.000  0.437     0.00     0.00     0.00     0.00     0.00 -1    -1e-30      0.00 6.773e-01 3.027e-01 2.860e-03 1.676e-03 8.725e-03 -1.000 2.000e-02 -0.510 3.112 1.558 0.213 -0.560 -1.168 -2.067 -2.751 -2.877
0.02 0.14251 9.84510 1.1729552746 2.5030737881    1.115  2.156  3.6260  1.785    7  0.000  0.437     0.00     0.00     0.00     0.00     0.00 -1    -1e-30      0.00 6.773e-01 3.027e-01 2.860e-03 1.676e-03 8.725e-03 -1.000 2.000e-02 -0.621 3.079 1.503 0.134 -0.648 -1.269 -2.185 -2.875 -3.007
0.02 0.14251 9.84510 1.1730103493 2.5030817756    1.115  2.199  3.6224  1.728    7  0.000  0.437     0.00     0.00     0.00     0.00     0.00 -1    -1e-30      0.00 6.773e-01 3.027e-01 2.859e-03 1.676e-03 8.725e-03 -1.000 2.000e-02 -0.726 3.045 1.449 0.058 -0.732 -1.365 -2.297 -2.992 -3.131
0.02 0.14251 9.84510 1.1730560064 2.5030883966    1.115  2.240  3.6188  1.672    7  0.000  0.437     0.00     0.00     0.00     0.00     0.00 -1    -1e-30      0.00 6.773e-01 3.027e-01 2.859e-03 1.676e-03 8.725e-03 -1.000 2.000e-02 -0.831 3.009 1.396 -0.015 -0.814 -1.459 -2.408 -3.108 -3.255
0.02 0.14251 9.84510 1.1730945110 2.5030939799    1.115  2.282  3.6153  1.616    7  0.000  0.437     0.00     0.00     0.00     0.00     0.00 -1    -1e-30      0.00 6.773e-01 3.027e-01 2.859e-03 1.676e-03 8.725e-03 -1.000 2.000e-02 -0.935 2.970 1.344 -0.086 -0.893 -1.553 -2.518 -3.225 -3.378
0.02 0.14251 9.84510 1.1731271744 2.5030987159    1.115  2.324  3.6117  1.561    7  0.000  0.437     0.00     0.00     0.00     0.00     0.00 -1    -1e-30      0.00 6.773e-01 3.027e-01 2.859e-03 1.676e-03 8.725e-03 -1.000 2.000e-02 -1.039 2.931 1.291 -0.157 -0.972 -1.645 -2.628 -3.340 -3.502
0.02 0.14251 9.84510 1.1731555462 2.5031028294    1.115  2.365  3.6081  1.505    7  0.000  0.437     0.00     0.00     0.00     0.00     0.00 -1    -1e-30      0.00 6.773e-01 3.027e-01 2.859e-03 1.677e-03 8.725e-03 -1.000 2.000e-02 -1.142 2.889 1.239 -0.224 -1.048 -1.736 -2.737 -3.455 -3.624
0.02 0.14251 9.84510 1.1731805801 2.5031064588    1.115  2.406  3.6046  1.450    7  0.000  0.437     0.00     0.00     0.00     0.00     0.00 -1    -1e-30      0.00 6.773e-01 3.027e-01 2.859e-03 1.677e-03 8.726e-03 -1.000 2.000e-02 -1.245 2.888 1.197 -0.283 -1.122 -1.829 -2.848 -3.575 -3.750
0.02 0.14251 9.84510 1.1732029915 2.5031097078    1.115  2.446  3.6010  1.395    7  0.000  0.437     0.00     0.00     0.00     0.00     0.00 -1    -1e-30      0.00 6.773e-01 3.027e-01 2.859e-03 1.677e-03 8.726e-03 -1.000 2.000e-02 -1.346 2.895 1.158 -0.340 -1.194 -1.922 -2.958 -3.695 -3.875
0.02 0.14251 9.84510 1.1732234955 2.5031126801    1.116  2.487  3.5974  1.340    7  0.000  0.437     0.00     0.00     0.00     0.00     0.00 -1    -1e-30      0.00 6.773e-01 3.027e-01 2.859e-03 1.677e-03 8.726e-03 -1.000 2.000e-02 -1.447 2.897 1.123 -0.390 -1.260 -2.013 -3.068 -3.814 -3.999
0.02 0.14251 9.84510 1.1732424498 2.5031154277    1.116  2.527  3.5937  1.285    7  0.000  0.437    11.79     8.57     6.01     4.62     3.75  4    -1e-30      0.00 6.773e-01 3.027e-01 2.859e-03 1.677e-03 8.726e-03 -1.000 2.000e-02 -1.548 2.899 1.090 -0.437 -1.323 -2.103 -3.178 -3.933 -4.124
0.02 0.14251 9.84510 1.1732602119 2.5031180024    1.116  2.567  3.5901  1.231    7  0.000  0.437    13.21     9.46     6.61     5.08     4.13  4    -1e-30      0.00 6.773e-01 3.027e-01 2.858e-03 1.677e-03 8.726e-03 -1.000 2.000e-02 -1.648 2.903 1.058 -0.483 -1.386 -2.192 -3.287 -4.052 -4.248
0.02 0.14251 9.84510 1.1732772589 2.5031204734    1.116  2.607  3.5863  1.175    7  0.000  0.437    14.81    10.46     7.27     5.60     4.55  4    -1e-30      0.00 6.773e-01 3.027e-01 2.857e-03 1.678e-03 8.726e-03 -1.000 2.000e-02 -1.748 2.902 1.034 -0.518 -1.439 -2.280 -3.397 -4.172 -4.373
0.02 0.14251 9.84510 1.1732931137 2.5031227715    1.116  2.647  3.5824  1.119    7  0.000  0.436    16.63    11.57     8.01     6.18     5.02  3    -1e-30      0.00 6.773e-01 3.027e-01 2.853e-03 1.680e-03 8.726e-03 -1.000 2.000e-02 -1.849 2.905 1.013 -0.550 -1.490 -2.368 -3.508 -4.292 -4.500
0.02 0.14251 9.84510 1.1733077765 2.5031248967    1.116  2.688  3.5785  1.064    7  0.000  0.435    18.66    12.79     8.81     6.81     5.54  3    -1e-30      0.00 6.773e-01 3.027e-01 2.847e-03 1.686e-03 8.726e-03 -1.000 2.000e-02 -1.949 2.904 0.995 -0.576 -1.537 -2.454 -3.618 -4.412 -4.626
0.02 0.14251 9.84510 1.1733220816 2.5031269700    1.116  2.727  3.5746  1.009    7  0.000  0.434    20.92    14.14     9.70     7.50     6.10  3    -1e-30      0.00 6.773e-01 3.027e-01 2.842e-03 1.693e-03 8.726e-03 -1.000 2.000e-02 -2.048 2.901 0.986 -0.587 -1.571 -2.537 -3.728 -4.531 -4.750
0.02 0.14251 9.84510 1.1733357906 2.5031289569    1.116  2.769  3.5703  0.950    7  0.000  0.433    23.63    15.72    10.73     8.32     6.76  3    -1e-30      0.00 6.773e-01 3.027e-01 2.836e-03 1.700e-03 8.726e-03 -1.000 2.000e-02 -2.152 2.904 0.983 -0.595 -1.605 -2.624 -3.845 -4.657 -4.883
0.02 0.14251 9.84510 1.1733464003 2.5031304945    1.116  2.814  3.5656  0.886    7  0.000  0.432    26.97    17.65    11.98     9.30     7.57  3    -1e-30      0.00 6.773e-01 3.027e-01 2.830e-03 1.708e-03 8.726e-03 -1.000 2.000e-02 -2.265 2.904 0.996 -0.576 -1.622 -2.711 -3.972 -4.793 -5.027
0.02 0.14251 9.84510 1.1733531952 2.5031314793    1.116  2.858  3.5609  0.823    7  0.000  0.432    30.71    19.76    13.35    10.38     8.45  3    -1e-30      0.00 6.773e-01 3.027e-01 2.824e-03 1.715e-03 8.726e-03 -1.000 2.000e-02 -2.374 2.906 1.015 -0.552 -1.634 -2.795 -4.096 -4.927 -5.168
0.02 0.14251 9.84510 1.1733583212 2.5031322222    1.116  2.898  3.5564  0.765    7  0.000  0.431    34.67    21.97    14.77    11.51     9.36  3    -1e-30      0.00 6.773e-01 3.027e-01 2.819e-03 1.720e-03 8.726e-03 -1.000 2.000e-02 -2.476 2.906 1.052 -0.503 -1.628 -2.863 -4.212 -5.051 -5.299
0.02 0.14251 9.84510 1.1733628511 2.5031328787    1.116  2.938  3.5519  0.707    7  0.000  0.430    39.10    24.40    16.33    12.74    10.37  2    -1e-30      0.00 6.773e-01 3.028e-01 2.815e-03 1.725e-03 8.726e-03 -1.000 1.990e-02 -2.576 2.908 1.095 -0.447 -1.617 -2.929 -4.326 -5.173 -5.429
0.02 0.14251 9.84510 1.1733670235 2.5031334833    1.116  2.978  3.5474  0.649    7  0.000  0.430    44.05    27.08    18.03    14.09    11.48  2    -1e-30      0.00 6.773e-01 3.028e-01 2.812e-03 1.728e-03 8.726e-03 -1.000 1.990e-02 -2.675 2.909 1.154 -0.370 -1.593 -2.984 -4.439 -5.294 -5.558
0.02 0.14251 9.84510 1.1733710766 2.5031340707    1.116  3.017  3.5427  0.591    7  0.000  0.429    49.65    30.06    19.93    15.60    12.70  2    -1e-30      0.00 6.773e-01 3.028e-01 2.811e-03 1.730e-03 8.726e-03 -1.000 1.990e-02 -2.773 2.911 1.226 -0.275 -1.558 -3.031 -4.553 -5.415 -5.687
0.02 0.14251 9.84510 1.1733750105 2.5031346408    1.116  3.057  3.5378  0.531    7  0.000  0.429    56.21    33.50    22.10    17.32    14.11  2    -1e-30      0.00 6.773e-01 3.028e-01 2.810e-03 1.732e-03 8.726e-03 -1.000 1.990e-02 -2.874 2.915 1.318 -0.157 -1.509 -3.068 -4.669 -5.539 -5.820
0.02 0.14251 9.84510 1.1733787060 2.5031351763    1.116  3.093  3.5334  0.478    7  0.000  0.429    62.76    36.88    24.22    19.02    15.50  2    -1e-30      0.00 6.773e-01 3.028e-01 2.810e-03 1.732e-03 8.726e-03 -1.000 1.990e-02 -2.962 2.919 1.418 -0.030 -1.454 -3.088 -4.773 -5.649 -5.938
0.02 0.14251 9.84510 1.1733829975 2.5031357983    1.116  3.131  3.5288  0.422    7  0.000  0.429    70.49    40.82    26.69    20.98    17.10  2    -1e-30      0.00 6.773e-01 3.028e-01 2.810e-03 1.732e-03 8.726e-03 -1.000 1.990e-02 -3.056 2.923 1.532 0.114 -1.390 -3.103 -4.883 -5.765 -6.063
0.02 0.14251 9.84510 1.1733875275 2.5031364547    1.116  3.167  3.5240  0.366    7  0.000  0.429    79.17    45.18    29.40    23.15    18.87  2    -1e-30      0.00 6.773e-01 3.028e-01 2.810e-03 1.732e-03 8.726e-03 -1.000 1.990e-02 -3.149 2.930 1.679 0.296 -1.302 -3.087 -4.992 -5.879 -6.186
0.02 0.14251 9.84510 1.1733921766 2.5031371285    1.116  3.203  3.5194  0.313    7  0.000  0.429    88.42    49.75    32.24    25.42    20.73  2    -1e-30      0.00 6.773e-01 3.028e-01 2.810e-03 1.732e-03 8.726e-03 -1.000 1.990e-02 -3.237 2.937 1.824 0.477 -1.215 -3.068 -5.095 -5.987 -6.304
0.02 0.14251 9.84510 1.1733963490 2.5031377331    1.116  3.236  3.5150  0.262    7  0.000  0.429    98.28    54.56    35.21    27.80    22.67  2    -1e-30      0.00 6.773e-01 3.028e-01 2.810e-03 1.732e-03 8.726e-03 -1.000 1.990e-02 -3.320 2.947 1.996 0.701 -1.097 -3.011 -5.192 -6.090 -6.416
0.02 0.14251 9.84510 1.1733975410 2.5031379058    1.116  3.224  3.5167  0.280    7  0.000  0.429    94.61    52.78    34.11    26.92    21.95  2    -1e-30      0.00 6.773e-01 3.028e-01 2.810e-03 1.732e-03 8.726e-03 -1.000 1.990e-02 -3.291 2.941 1.928 0.613 -1.145 -3.036 -5.158 -6.053 -6.376
0.02 0.14251 9.84510 1.1733976603 2.5031379231    1.116  3.197  3.5203  0.321    7  0.000  0.429    86.84    48.97    31.75    25.03    20.41  2    -1e-30      0.00 6.773e-01 3.028e-01 2.810e-03 1.732e-03 8.726e-03 -1.000 1.990e-02 -3.223 2.934 1.791 0.435 -1.237 -3.078 -5.079 -5.970 -6.285
0.02 0.14251 9.84510 1.1733978987 2.5031379577    1.116  3.172  3.5237  0.360    7  0.000  0.429    80.17    45.67    29.71    23.40    19.07  2    -1e-30      0.00 6.773e-01 3.028e-01 2.810e-03 1.732e-03 8.726e-03 -1.000 1.990e-02 -3.161 2.927 1.685 0.304 -1.301 -3.091 -5.005 -5.892 -6.201
0.02 0.14251 9.84510 1.1733981371 2.5031379922    1.116  3.199  3.5201  0.319    7  0.000  0.429    87.29    49.19    31.89    25.14    20.50  2    -1e-30      0.00 6.773e-01 3.028e-01 2.810e-03 1.732e-03 8.726e-03 -1.000 1.990e-02 -3.227 2.934 1.798 0.444 -1.233 -3.077 -5.084 -5.975 -6.291
0.02 0.14251 9.84510 1.1733982563 2.5031380095    1.116  3.226  3.5165  0.277    7  0.000  0.429    95.16    53.04    34.27    27.05    22.06  2    -1e-30      0.00 6.773e-01 3.028e-01 2.810e-03 1.732e-03 8.726e-03 -1.000 1.990e-02 -3.295 2.942 1.937 0.624 -1.138 -3.033 -5.163 -6.059 -6.382
0.02 0.14251 9.84510 1.1733984947 2.5031380440    1.116  3.253  3.5127  0.236    7  0.000  0.429   103.73    57.19    36.83    29.10    23.74  2    -1e-30      0.00 6.773e-01 3.028e-01 2.810e-03 1.732e-03 8.726e-03 -1.000 1.990e-02 -3.362 2.952 2.087 0.820 -1.034 -2.980 -5.242 -6.142 -6.473
0.02 0.14251 9.84510 1.1733987331 2.5031380786    1.116  3.280  3.5090  0.194    7  0.000  0.429   113.08    61.67    39.57    31.31    25.54  1    -1e-30      0.00 6.773e-01 3.028e-01 2.810e-03 1.732e-03 8.726e-03 -1.000 1.990e-02 -3.429 2.962 2.233 1.008 -0.933 -2.928 -5.320 -6.225 -6.564
0.02 0.14251 9.84510 1.1733990908 2.5031381304    1.116  3.307  3.5049  0.150    7  0.000  0.429   123.90    66.78    42.70    33.82    27.60  1    -1e-30      0.00 6.773e-01 3.028e-01 2.810e-03 1.732e-03 8.726e-03 -1.000 1.990e-02 -3.498 2.965 2.359 1.168 -0.846 -2.880 -5.402 -6.311 -6.657
0.02 0.14251 9.84510 1.1733995676 2.5031381995    1.116  3.335  3.5007  0.105    7  0.000  0.429   135.88    72.39    46.12    36.57    29.85  1    -1e-30      0.00 6.773e-01 3.028e-01 2.810e-03 1.732e-03 8.726e-03 -1.000 1.990e-02 -3.568 2.973 2.501 1.348 -0.747 -2.821 -5.484 -6.399 -6.753
0.02 0.14251 9.84510 1.1734001637 2.5031382859    1.116  3.363  3.4965  0.060    7  0.000  0.429   149.07    78.49    49.83    39.56    32.29  1    -1e-30      0.00 6.773e-01 3.028e-01 2.810e-03 1.732e-03 8.726e-03 -1.000 1.990e-02 -3.638 2.982 2.638 1.508 -0.652 -2.755 -5.564 -6.486 -6.848
0.02 0.14251 9.84510 1.1734009981 2.5031384068    1.030  3.417  3.4776 -0.104    8  0.523  0.450   198.95   103.54    64.80    51.81    42.29  1 -1.92e-07      0.00 6.773e-01 3.028e-01 2.953e-03 1.735e-03 8.745e-03 -1.000 1.991e-02 -3.774 3.144 3.195 2.016 -0.278 -2.438 -5.748 -6.695 -7.088
0.02 0.14251 9.84510 1.1734009981 2.5031384068    1.030  3.145  3.5162  0.323    8  0.523  0.450    85.10    47.84    31.00    24.50    19.97  2 -6.43e-08      0.00 6.773e-01 3.028e-01 2.953e-03 1.735e-03 8.745e-03 -1.000 1.991e-02 -3.092 3.109 2.129 0.832 -0.929 -2.822 -4.960 -5.858 -6.180
0.02 0.14251 9.84510 1.1734011173 2.5031384241    1.030  3.028  3.5327  0.505    8  0.523  0.450    58.25    34.42    22.64    17.81    14.50  2 -3.97e-08      0.00 6.773e-01 3.028e-01 2.953e-03 1.735e-03 8.745e-03 -1.000 1.991e-02 -2.801 3.068 1.600 0.165 -1.268 -2.914 -4.614 -5.492 -5.781
0.02 0.14251 9.84510 1.1734012365 2.5031384413    1.029  2.860  3.5564  0.768    8  0.523  0.450    33.68    21.40    14.37    11.23     9.13  2 -1.94e-08      0.00 6.773e-01 3.028e-01 2.953e-03 1.735e-03 8.745e-03 -1.000 1.991e-02 -2.380 3.000 1.147 -0.407 -1.532 -2.767 -4.116 -4.955 -5.203
0.02 0.14251 9.84510 1.1734014750 2.5031384759    1.028  2.886  3.5525  0.726    8  0.523  0.450    36.73    23.06    15.44    12.08     9.82  2 -2.17e-08      0.00 6.773e-01 3.028e-01 2.953e-03 1.735e-03 8.745e-03 -1.000 1.991e-02 -2.445 3.016 1.204 -0.336 -1.500 -2.802 -4.192 -5.039 -5.294
0.02 0.14251 9.84510 1.1734017134 2.5031385104    1.027  3.012  3.5344  0.528    8  0.524  0.450    55.53    33.02    21.75    17.10    13.92  2 -3.72e-08      0.00 6.773e-01 3.028e-01 2.953e-03 1.735e-03 8.745e-03 -1.000 1.991e-02 -2.759 3.072 1.568 0.124 -1.281 -2.898 -4.566 -5.442 -5.728
0.02 0.14251 9.84510 1.1734020710 2.5031385623    1.026  3.170  3.5115  0.277    8  0.524  0.450    93.57    51.93    33.52    26.53    21.62  2 -7.19e-08      0.00 6.773e-01 3.028e-01 2.953e-03 1.735e-03 8.745e-03 -1.000 1.991e-02 -3.155 3.137 2.335 1.095 -0.778 -2.737 -5.037 -5.942 -6.273
0.02 0.14251 9.84510 1.1734025478 2.5031386314    1.024  3.301  3.4925  0.069    8  0.524  0.450   144.13    75.55    47.95    38.16    31.13  1 -1.22e-07      0.00 6.773e-01 3.028e-01 2.953e-03 1.735e-03 8.745e-03 -1.000 1.991e-02 -3.483 3.165 2.942 1.840 -0.365 -2.487 -5.419 -6.348 -6.715
0.02 0.14251 9.84510 1.1734030247 2.5031387005    1.022  3.385  3.4802 -0.064    8  0.524  0.450   186.71    96.18    60.38    48.23    39.37  1 -1.71e-07      0.00 6.773e-01 3.028e-01 2.953e-03 1.735e-03 8.745e-03 -1.000 1.991e-02 -3.692 3.173 3.190 2.032 -0.250 -2.403 -5.659 -6.605 -6.993
0.02 0.14251 9.84510 1.1734035015 2.5031387696    1.020  3.427  3.4735 -0.134    8  0.524  0.450   207.65   109.11    68.11    54.51    44.50  1 -2.03e-07      0.00 6.773e-01 3.028e-01 2.953e-03 1.735e-03 8.745e-03 -1.000 1.991e-02 -3.798 3.171 3.276 2.072 -0.232 -2.399 -5.782 -6.733 -7.131
0.02 0.14251 9.84510 1.1734040976 2.5031388559    1.018  3.446  3.4703 -0.167    8  0.525  0.450   218.13   115.70    72.03    57.70    47.11  1  -2.2e-07      0.00 6.773e-01 3.028e-01 2.953e-03 1.735e-03 8.745e-03 -1.000 1.991e-02 -3.845 3.178 3.323 2.096 -0.217 -2.391 -5.836 -6.791 -7.194
0.02 0.14251 9.84510 1.1734048128 2.5031389596    1.015  3.455  3.4682 -0.186    8  0.525  0.450   224.30   119.63    74.36    59.61    48.67  1 -2.29e-07      0.00 6.773e-01 3.028e-01 2.953e-03 1.735e-03 8.745e-03 -1.000 1.991e-02 -3.869 3.184 3.351 2.111 -0.208 -2.387 -5.864 -6.822 -7.227
0.02 0.14251 9.84510 1.1734048128 2.5031389596    1.015  3.245  3.4981  0.144    8  0.525  0.450   123.26    65.90    42.07    33.43    27.26  1 -9.97e-08      0.00 6.773e-01 3.028e-01 2.953e-03 1.735e-03 8.745e-03 -1.000 1.991e-02 -3.342 3.187 2.804 1.681 -0.439 -2.526 -5.264 -6.185 -6.541
0.02 0.14251 9.84510 1.1734049320 2.5031389769    1.014  3.073  3.5225  0.413    8  0.525  0.450    70.25    40.46    26.41    20.83    16.97  2 -4.95e-08      0.00 6.773e-01 3.028e-01 2.953e-03 1.735e-03 8.745e-03 -1.000 1.991e-02 -2.912 3.144 1.965 0.611 -1.010 -2.814 -4.759 -5.650 -5.959
0.02 0.14251 9.84510 1.1734050512 2.5031389941    1.014  2.904  3.5464  0.677    8  0.525  0.450    40.55    25.12    16.75    13.12    10.67  2 -2.45e-08      0.00 6.773e-01 3.028e-01 2.953e-03 1.735e-03 8.745e-03 -1.000 1.991e-02 -2.491 3.083 1.365 -0.144 -1.379 -2.788 -4.258 -5.116 -5.381
0.02 0.14251 9.84510 1.1734052896 2.5031390287    1.013  2.930  3.5427  0.636    8  0.525  0.450    44.12    27.03    17.96    14.09    11.46  2 -2.74e-08      0.00 6.773e-01 3.028e-01 2.953e-03 1.735e-03 8.745e-03 -1.000 1.991e-02 -2.554 3.095 1.435 -0.054 -1.336 -2.811 -4.334 -5.198 -5.469
0.02 0.14251 9.84510 1.1734056473 2.5031390805    1.011  3.054  3.5249  0.441    8  0.525  0.450    66.32    38.48    25.17    19.84    16.16  2 -4.63e-08      0.00 6.773e-01 3.028e-01 2.953e-03 1.735e-03 8.745e-03 -1.000 1.991e-02 -2.865 3.142 1.891 0.518 -1.054 -2.822 -4.703 -5.592 -5.895
0.02 0.14251 9.84510 1.1734060049 2.5031391323    1.009  3.210  3.5025  0.194    8  0.526  0.450   110.91    60.10    38.53    30.58    24.93  1  -8.8e-08      0.00 6.773e-01 3.028e-01 2.953e-03 1.735e-03 8.745e-03 -1.000 1.991e-02 -3.256 3.189 2.672 1.519 -0.526 -2.576 -5.165 -6.080 -6.427
0.02 0.14251 9.84510 1.1734064817 2.5031392014    1.007  3.339  3.4839 -0.010    8  0.526  0.450   169.72    86.89    54.78    43.72    35.67  1 -1.48e-07      0.00 6.773e-01 3.028e-01 2.953e-03 1.735e-03 8.745e-03 -1.000 1.991e-02 -3.578 3.208 3.163 2.036 -0.228 -2.374 -5.535 -6.477 -6.858
0.02 0.14251 9.84510 1.1734069586 2.5031392705    1.005  3.421  3.4719 -0.141    8  0.526  0.450   208.72   110.05    68.65    54.98    44.88  1 -2.06e-07      0.00 6.773e-01 3.028e-01 2.953e-03 1.735e-03 8.745e-03 -1.000 1.991e-02 -3.783 3.203 3.328 2.117 -0.190 -2.360 -5.770 -6.724 -7.123
0.02 0.14251 9.84510 1.1734075546 2.5031393569    1.002  3.463  3.4657 -0.209    8  0.527  0.450   231.31   124.31    77.11    61.88    50.52  1 -2.44e-07      0.00 6.773e-01 3.028e-01 2.953e-03 1.735e-03 8.745e-03 -1.000 1.991e-02 -3.887 3.202 3.395 2.141 -0.186 -2.371 -5.888 -6.848 -7.257
0.02 0.14251 9.84510 1.1734081507 2.5031394433    0.999  3.481  3.4628 -0.240    8  0.527  0.450   242.18   131.30    81.24    65.25    53.29  1 -2.63e-07      0.00 6.773e-01 3.028e-01 2.953e-03 1.735e-03 8.745e-03 -1.000 1.991e-02 -3.931 3.200 3.423 2.152 -0.183 -2.377 -5.939 -6.902 -7.314
0.02 0.14251 9.84510 1.1734088659 2.5031395469    0.996  3.489  3.4611 -0.257    8  0.527  0.450   248.18   135.23    83.56    67.15    54.84  1 -2.75e-07      0.00 6.773e-01 3.028e-01 2.953e-03 1.735e-03 8.745e-03 -1.000 1.991e-02 -3.953 3.201 3.441 2.160 -0.179 -2.377 -5.964 -6.929 -7.343
0.02 0.14251 9.84510 1.1734088659 2.5031395469    0.996  3.286  3.4904  0.064    8  0.527  0.450   145.10    75.76    48.05    38.28    31.22  1 -1.24e-07      0.00 6.773e-01 3.028e-01 2.953e-03 1.735e-03 8.745e-03 -1.000 1.991e-02 -3.445 3.226 3.067 1.979 -0.253 -2.386 -5.386 -6.319 -6.689
0.02 0.14251 9.84510 1.1734089851 2.5031395642    0.995  3.115  3.5150  0.333    8  0.527  0.450    82.68    46.54    30.17    23.86    19.44  2 -6.22e-08      0.00 6.773e-01 3.028e-01 2.953e-03 1.735e-03 8.745e-03 -1.000 1.991e-02 -3.017 3.187 2.259 0.982 -0.803 -2.711 -4.888 -5.788 -6.112
0.02 0.14251 9.84510 1.1734091043 2.5031395815    0.994  2.946  3.5393  0.598    8  0.527  0.450    47.56    28.82    19.09    15.00    12.20  2  -3.1e-08      0.00 6.773e-01 3.028e-01 2.953e-03 1.735e-03 8.745e-03 -1.000 1.991e-02 -2.596 3.123 1.522 0.051 -1.277 -2.811 -4.387 -5.256 -5.533
0.02 0.14251 9.84510 1.1734093428 2.5031396160    0.993  2.972  3.5355  0.558    8  0.528  0.450    51.75    31.01    20.47    16.10    13.10  2 -3.46e-08      0.00 6.773e-01 3.028e-01 2.953e-03 1.735e-03 8.745e-03 -1.000 1.991e-02 -2.659 3.135 1.615 0.167 -1.219 -2.816 -4.462 -5.337 -5.620
0.02 0.14251 9.84510 1.1734097004 2.5031396678    0.991  3.094  3.5178  0.364    8  0.528  0.450    77.57    44.02    28.61    22.61    18.42  2 -5.78e-08      0.00 6.773e-01 3.028e-01 2.953e-03 1.735e-03 8.745e-03 -1.000 1.991e-02 -2.964 3.185 2.160 0.851 -0.870 -2.742 -4.827 -5.724 -6.042
0.02 0.14251 9.84510 1.1734100580 2.5031397197    0.989  3.247  3.4953  0.119    8  0.528  0.450   129.22    68.47    43.62    34.71    28.30  1 -1.08e-07      0.00 6.773e-01 3.028e-01 2.953e-03 1.735e-03 8.745e-03 -1.000 1.991e-02 -3.349 3.228 2.927 1.818 -0.342 -2.445 -5.278 -6.203 -6.563
0.02 0.14251 9.84510 1.1734105349 2.5031397888    0.987  3.374  3.4766 -0.084    8  0.528  0.450   189.77    98.67    61.83    49.47    40.37  1  -1.8e-07      0.00 6.773e-01 3.028e-01 2.953e-03 1.735e-03 8.745e-03 -1.000 1.991e-02 -3.665 3.237 3.304 2.127 -0.163 -2.322 -5.641 -6.590 -6.982
0.02 0.14251 9.84510 1.1734110117 2.5031398579    0.984  3.455  3.4645 -0.214    8  0.529  0.450   231.30   124.71    77.32    62.09    50.69  1 -2.48e-07      0.00 6.773e-01 3.028e-01 2.953e-03 1.735e-03 8.745e-03 -1.000 1.991e-02 -3.866 3.233 3.438 2.179 -0.149 -2.337 -5.870 -6.831 -7.240
0.02 0.14251 9.84510 1.1734116077 2.5031399442    0.980  3.495  3.4582 -0.281    8  0.529  0.450   256.10   140.73    86.77    69.81    57.01  1 -2.93e-07      0.00 6.773e-01 3.028e-01 2.953e-03 1.735e-03 8.745e-03 -1.000 1.991e-02 -3.968 3.211 3.480 2.194 -0.155 -2.362 -5.985 -6.951 -7.367
0.02 0.14251 9.84510 1.1734123230 2.5031400479    0.977  3.512  3.4552 -0.311    8  0.530  0.450   268.00   148.58    91.38    73.59    60.10  1 -3.16e-07      0.00 6.773e-01 3.028e-01 2.953e-03 1.735e-03 8.745e-03 -1.000 1.991e-02 -4.010 3.194 3.489 2.202 -0.160 -2.378 -6.033 -7.001 -7.419
0.02 0.14251 9.84510 1.1734130383 2.5031401515    0.973  3.520  3.4535 -0.328    8  0.530  0.450   274.56   153.00    93.96    75.71    61.84  1 -3.29e-07      0.00 6.773e-01 3.028e-01 2.953e-03 1.735e-03 8.745e-03 -1.000 1.991e-02 -4.031 3.196 3.507 2.215 -0.155 -2.380 -6.057 -7.025 -7.446
0.02 0.14251 9.84510 1.1734130383 2.5031401515    0.972  3.325  3.4822 -0.019    8  0.530  0.450   170.92    87.45    55.07    44.01    35.90  1 -1.55e-07      0.00 6.773e-01 3.028e-01 2.953e-03 1.735e-03 8.745e-03 -1.000 1.991e-02 -3.544 3.262 3.247 2.111 -0.158 -2.306 -5.505 -6.449 -6.833
0.02 0.14251 9.84510 1.1734131575 2.5031401688    0.971  3.156  3.5072  0.251    8  0.530  0.450    97.83    53.72    34.58    27.44    22.36  1 -7.88e-08      0.00 6.773e-01 3.028e-01 2.953e-03 1.735e-03 8.745e-03 -1.000 1.991e-02 -3.119 3.237 2.583 1.391 -0.567 -2.572 -5.014 -5.924 -6.263
0.02 0.14251 9.84510 1.1734133959 2.5031402034    0.970  2.987  3.5319  0.517    8  0.530  0.450    56.05    33.18    21.83    17.20    13.99  2 -3.97e-08      0.00 6.773e-01 3.028e-01 2.953e-03 1.735e-03 8.745e-03 -1.000 1.991e-02 -2.699 3.170 1.730 0.306 -1.139 -2.799 -4.514 -5.394 -5.684
0.02 0.14251 9.84510 1.1734136343 2.5031402379    0.968  3.012  3.5280  0.476    8  0.531  0.450    61.07    35.73    23.43    18.48    15.04  2 -4.43e-08      0.00 6.773e-01 3.028e-01 2.953e-03 1.735e-03 8.745e-03 -1.000 1.991e-02 -2.761 3.184 1.843 0.447 -1.066 -2.788 -4.589 -5.475 -5.772
0.02 0.14251 9.84510 1.1734139919 2.5031402897    0.966  3.132  3.5100  0.282    8  0.531  0.450    91.43    50.64    32.68    25.92    21.11  1  -7.3e-08      0.00 6.773e-01 3.028e-01 2.953e-03 1.735e-03 8.745e-03 -1.000 1.991e-02 -3.061 3.243 2.505 1.290 -0.617 -2.595 -4.948 -5.855 -6.189
0.02 0.14251 9.84510 1.1734143496 2.5031403416    0.963  3.283  3.4873  0.039    8  0.531  0.450   151.98    78.55    49.70    39.67    32.35  1 -1.35e-07      0.00 6.773e-01 3.028e-01 2.953e-03 1.735e-03 8.745e-03 -1.000 1.991e-02 -3.439 3.278 3.178 2.076 -0.171 -2.310 -5.387 -6.325 -6.700
0.02 0.14251 9.84510 1.1734148264 2.5031404106    0.959  3.408  3.4683 -0.163    8  0.532  0.450   211.94   113.00    70.33    56.44    46.06  1 -2.21e-07      0.00 6.773e-01 3.028e-01 2.953e-03 1.735e-03 8.745e-03 -1.000 1.991e-02 -3.749 3.279 3.447 2.216 -0.099 -2.276 -5.744 -6.702 -7.105
0.02 0.14251 9.84510 1.1734154224 2.5031404970    0.955  3.486  3.4560 -0.293    8  0.532  0.450   258.22   142.77    87.92    70.82    57.82  1 -3.03e-07      0.00 6.773e-01 3.028e-01 2.953e-03 1.735e-03 8.745e-03 -1.000 1.991e-02 -3.946 3.239 3.529 2.245 -0.110 -2.325 -5.968 -6.934 -7.352
0.02 0.14251 9.84510 1.1734161377 2.5031406007    0.950  3.526  3.4495 -0.361    8  0.533  0.450   286.06   161.23    98.73    79.69    65.08  1 -3.57e-07      0.01 6.773e-01 3.028e-01 2.953e-03 1.735e-03 8.745e-03 -1.000 1.991e-02 -4.045 3.240 3.586 2.286 -0.106 -2.350 -6.079 -7.050 -7.476
0.02 0.14251 9.84510 1.1734168530 2.5031407043    0.945  3.543  3.4463 -0.392    8  0.533  0.450   299.72   170.51   104.14    84.14    68.72  0 -3.86e-07      0.01 6.773e-01 3.028e-01 2.953e-03 1.735e-03 8.745e-03 -1.000 1.991e-02 -4.087 3.266 3.633 2.327 -0.092 -2.354 -6.127 -7.099 -7.530
0.02 0.14251 9.84510 1.1734176874 2.5031408252    0.939  3.551  3.4445 -0.410    8  0.534  0.450   307.47   175.91   107.27    86.73    70.84  0 -4.05e-07      0.01 6.773e-01 3.028e-01 2.953e-03 1.735e-03 8.745e-03 -1.000 1.991e-02 -4.107 3.278 3.658 2.352 -0.082 -2.355 -6.150 -7.123 -7.556
0.02 0.14251 9.84510 1.1734176874 2.5031408252    0.938  3.367  3.4725 -0.114    8  0.534  0.450   195.25   102.98    64.33    51.60    42.09  1    -2e-07      0.00 6.773e-01 3.028e-01 2.953e-03 1.735e-03 8.745e-03 -1.000 1.991e-02 -3.646 3.309 3.430 2.229 -0.072 -2.239 -5.632 -6.585 -6.982
0.02 0.14251 9.84510 1.1734178066 2.5031408425    0.937  3.198  3.4980  0.156    8  0.534  0.450   118.53    63.19    40.35    32.13    26.18  1 -1.04e-07      0.00 6.773e-01 3.028e-01 2.953e-03 1.735e-03 8.745e-03 -1.000 1.991e-02 -3.226 3.294 2.914 1.794 -0.324 -2.410 -5.147 -6.069 -6.424
0.02 0.14251 9.84510 1.1734180450 2.5031408771    0.935  3.030  3.5235  0.425    8  0.534  0.450    67.43    38.83    25.34    20.04    16.31  2 -5.29e-08      0.00 6.773e-01 3.028e-01 2.953e-03 1.735e-03 8.745e-03 -1.000 1.991e-02 -2.805 3.231 2.022 0.660 -0.941 -2.730 -4.649 -5.539 -5.846
0.02 0.14251 9.84510 1.1734182835 2.5031409116    0.933  3.055  3.5195  0.383    8  0.534  0.450    73.52    41.83    27.21    21.54    17.53  2  -5.9e-08      0.00 6.773e-01 3.028e-01 2.953e-03 1.735e-03 8.745e-03 -1.000 1.991e-02 -2.867 3.247 2.159 0.830 -0.851 -2.698 -4.724 -5.618 -5.933
0.02 0.14251 9.84510 1.1734186411 2.5031409634    0.929  3.172  3.5013  0.191    8  0.535  0.450   109.85    59.12    37.86    30.13    24.54  1 -9.58e-08      0.00 6.773e-01 3.028e-01 2.953e-03 1.735e-03 8.745e-03 -1.000 1.991e-02 -3.160 3.299 2.822 1.681 -0.384 -2.445 -5.073 -5.990 -6.338
0.02 0.14251 9.84510 1.1734191179 2.5031410325    0.925  3.319  3.4782 -0.050    8  0.535  0.450   175.94    91.33    57.34    45.94    37.46  1 -1.73e-07      0.00 6.773e-01 3.028e-01 2.953e-03 1.735e-03 8.745e-03 -1.000 1.991e-02 -3.527 3.334 3.380 2.219 -0.062 -2.216 -5.499 -6.447 -6.836
0.02 0.14251 9.84510 1.1734195948 2.5031411016    0.919  3.440  3.4590 -0.250    8  0.535  0.450   238.64   130.95    80.88    65.16    53.18  1  -2.8e-07      0.00 6.773e-01 3.028e-01 2.953e-03 1.735e-03 8.745e-03 -1.000 1.991e-02 -3.829 3.326 3.588 2.308 -0.034 -2.236 -5.844 -6.810 -7.225
0.02 0.14251 9.84510 1.1734201908 2.5031411880    0.913  3.516  3.4466 -0.379    8  0.536  0.450   290.21   165.09   100.90    81.58    66.61  0 -3.81e-07      0.01 6.773e-01 3.028e-01 2.953e-03 1.735e-03 8.745e-03 -1.000 1.991e-02 -4.020 3.309 3.675 2.376 -0.037 -2.296 -6.059 -7.031 -7.460
0.02 0.14251 9.84510 1.1734209061 2.5031412916    0.906  3.554  3.4400 -0.447    8  0.537  0.450   321.09   186.22   113.18    91.70    74.89  0 -4.52e-07      0.01 6.773e-01 3.028e-01 2.953e-03 1.735e-03 8.745e-03 -1.000 1.991e-02 -4.116 3.329 3.740 2.440 -0.027 -2.322 -6.166 -7.141 -7.578
0.02 0.14251 9.84510 1.1734216213 2.5031413953    0.899  3.570  3.4369 -0.479    8  0.537  0.450   319.95    -1.00    -1.00    -1.00    -1.00  0 -5.48e-07      0.01 6.773e-01 3.028e-01 2.953e-03 1.735e-03 8.745e-03 -1.000 1.991e-02 -4.155 3.347 3.773 2.478 -0.018 -2.332 -6.208 -7.185 -7.627
0.02 0.14251 9.84510 1.1734224558 2.5031415162    0.890  3.577  3.4352 -0.497    8  0.538  0.450   314.59    -1.00    -1.00    -1.00    -1.00  0  -6.1e-07      0.01 6.773e-01 3.028e-01 2.953e-03 1.735e-03 8.745e-03 -1.000 1.991e-02 -4.173 3.367 3.799 2.505 -0.008 -2.332 -6.228 -7.205 -7.650
0.02 0.14251 9.84510 1.1734224558 2.5031415162    0.890  3.404  3.4626 -0.215    8  0.538  0.450   223.27   121.75    75.39    60.74    49.55  1 -2.69e-07      0.00 6.773e-01 3.028e-01 2.953e-03 1.735e-03 8.745e-03 -1.000 1.991e-02 -3.740 3.372 3.598 2.332 0.002 -2.190 -5.747 -6.711 -7.122
0.02 0.14251 9.84510 1.1734225750 2.5031415335    0.888  3.238  3.4889  0.056    8  0.538  0.450   144.81    74.61    47.23    37.78    30.79  1 -1.42e-07      0.00 6.773e-01 3.028e-01 2.953e-03 1.735e-03 8.745e-03 -1.000 1.991e-02 -3.324 3.367 3.239 2.147 -0.093 -2.230 -5.269 -6.205 -6.577
0.02 0.14251 9.84510 1.1734228134 2.5031415680    0.884  3.070  3.5153  0.327    8  0.538  0.450    81.77    45.63    29.53    23.46    19.09  1 -7.39e-08      0.00 6.773e-01 3.028e-01 2.953e-03 1.735e-03 8.745e-03 -1.000 1.991e-02 -2.905 3.302 2.362 1.081 -0.701 -2.606 -4.776 -5.675 -5.999
0.02 0.14251 9.84510 1.1734230518 2.5031416026    0.879  3.095  3.5110  0.283    8  0.539  0.450    89.60    49.34    31.81    25.30    20.59  1 -8.29e-08      0.00 6.773e-01 3.028e-01 2.953e-03 1.735e-03 8.745e-03 -1.000 1.991e-02 -2.966 3.327 2.548 1.318 -0.566 -2.531 -4.850 -5.755 -6.088
0.02 0.14251 9.84510 1.1734234095 2.5031416544    0.873  3.209  3.4921  0.090    8  0.539  0.450   134.49    69.88    44.35    35.46    28.89  1 -1.34e-07      0.00 6.773e-01 3.028e-01 2.953e-03 1.735e-03 8.745e-03 -1.000 1.991e-02 -3.253 3.380 3.173 2.079 -0.127 -2.249 -5.190 -6.121 -6.487
0.02 0.14251 9.84510 1.1734238863 2.5031417235    0.865  3.353  3.4682 -0.153    8  0.539  0.450   201.03   108.12    67.27    54.16    44.16  1 -2.39e-07      0.00 6.773e-01 3.028e-01 2.953e-03 1.735e-03 8.745e-03 -1.000 1.991e-02 -3.612 3.410 3.580 2.350 0.037 -2.139 -5.606 -6.564 -6.967
0.02 0.14251 9.84510 1.1734244823 2.5031418099    0.856  3.471  3.4482 -0.355    8  0.540  0.450   273.38   155.53    95.17    77.06    62.89  0 -3.84e-07      0.01 6.773e-01 3.028e-01 2.953e-03 1.735e-03 8.745e-03 -1.000 1.991e-02 -3.907 3.380 3.734 2.441 0.043 -2.205 -5.942 -6.913 -7.339
0.02 0.14251 9.84510 1.1734250784 2.5031418962    0.846  3.545  3.4351 -0.488    8  0.540  0.450   286.46    -1.00    -1.00    -1.00    -1.00  0 -5.26e-07      0.01 6.773e-01 3.028e-01 2.953e-03 1.735e-03 8.745e-03 -1.000 1.991e-02 -4.094 3.418 3.857 2.571 0.063 -2.259 -6.151 -7.127 -7.570
0.02 0.14251 9.84510 1.1734257936 2.5031419999    0.834  3.583  3.4281 -0.559    8  0.541  0.450   279.28    -1.00    -1.00    -1.00    -1.00  0 -8.19e-07      0.03 6.773e-01 3.028e-01 2.953e-03 1.735e-03 8.745e-03 -1.000 1.991e-02 -4.187 3.488 3.948 2.675 0.090 -2.278 -6.248 -7.229 -7.684
0.02 0.14251 9.84510 1.1734266281 2.5031421208    0.821  3.599  3.4248 -0.595    8  0.542  0.450   271.43    -1.00    -1.00    -1.00    -1.00  0 -1.02e-06      0.04 6.773e-01 3.028e-01 2.953e-03 1.735e-03 8.745e-03 -1.000 1.991e-02 -4.227 3.558 4.017 2.750 0.118 -2.273 -6.283 -7.268 -7.732
0.02 0.14251 9.84510 1.1734274626 2.5031422417    0.806  3.606  3.4231 -0.617    8  0.543  0.450   262.99    -1.00    -1.00    -1.00    -1.00  0 -1.17e-06      0.05 6.773e-01 3.028e-01 2.953e-03 1.735e-03 8.745e-03 -1.000 1.991e-02 -4.246 3.606 4.061 2.794 0.136 -2.268 -6.299 -7.287 -7.755
0.02 0.14251 9.84510 1.1734274626 2.5031422417    0.805  3.446  3.4503 -0.349    8  0.543  0.450   262.24    -1.00    -1.00    -1.00    -1.00  0  -4.2e-07      0.01 6.773e-01 3.028e-01 2.953e-03 1.735e-03 8.745e-03 -1.000 1.991e-02 -3.844 3.435 3.770 2.470 0.082 -2.157 -5.874 -6.846 -7.271
0.02 0.14251 9.84510 1.1734275818 2.5031422590    0.801  3.281  3.4782 -0.075    8  0.543  0.450   173.39    92.07    57.60    46.39    37.79  1 -2.29e-07      0.00 6.773e-01 3.028e-01 2.953e-03 1.735e-03 8.745e-03 -1.000 1.991e-02 -3.433 3.460 3.503 2.333 0.045 -2.112 -5.404 -6.353 -6.744
0.02 0.14251 9.84510 1.1734278202 2.5031422935    0.795  3.114  3.5067  0.203    8  0.543  0.450   104.31    55.59    35.57    28.45    23.14  1 -1.23e-07      0.00 6.773e-01 3.028e-01 2.953e-03 1.735e-03 8.745e-03 -1.000 1.991e-02 -3.015 3.391 2.737 1.538 -0.438 -2.451 -4.911 -5.821 -6.163
0.02 0.14251 9.84510 1.1734280586 2.5031423281    0.786  3.138  3.5027  0.159    8  0.543  0.450   114.46    60.09    38.31    30.68    24.96  1  -1.4e-07      0.00 6.773e-01 3.028e-01 2.953e-03 1.735e-03 8.745e-03 -1.000 1.991e-02 -3.075 3.406 2.873 1.707 -0.342 -2.394 -4.983 -5.897 -6.246
0.02 0.14251 9.84510 1.1734284163 2.5031423799    0.775  3.249  3.4836 -0.036    8  0.544  0.450   161.24    85.03    53.35    42.97    34.99  1 -2.25e-07      0.00 6.773e-01 3.028e-01 2.953e-03 1.735e-03 8.745e-03 -1.000 1.991e-02 -3.353 3.469 3.424 2.287 0.014 -2.135 -5.311 -6.252 -6.636
0.02 0.14251 9.84510 1.1734288931 2.5031424490    0.761  3.388  3.4597 -0.278    8  0.544  0.450   232.90   131.24    80.71    65.48    53.36  0 -4.04e-07      0.01 6.773e-01 3.028e-01 2.953e-03 1.735e-03 8.745e-03 -1.000 1.991e-02 -3.701 3.500 3.748 2.453 0.104 -2.099 -5.712 -6.679 -7.097
0.02 0.14251 9.84510 1.1734293699 2.5031425181    0.745  3.502  3.4401 -0.480    8  0.545  0.450   227.78    -1.00    -1.00    -1.00    -1.00  0 -6.61e-07      0.02 6.773e-01 3.028e-01 2.953e-03 1.735e-03 8.745e-03 -1.000 1.991e-02 -3.986 3.544 3.936 2.612 0.130 -2.171 -6.030 -7.008 -7.452
0.02 0.14251 9.84510 1.1734299660 2.5031426045    0.726  3.574  3.4284 -0.609    8  0.545  0.450   217.74    -1.00    -1.00    -1.00    -1.00  0 -1.15e-06      0.05 6.773e-01 3.028e-01 2.953e-03 1.735e-03 8.745e-03 -1.000 1.991e-02 -4.166 3.674 4.090 2.773 0.160 -2.218 -6.211 -7.201 -7.669
0.02 0.14251 9.84510 1.1734306812 2.5031427081    0.706  3.610  3.4240 -0.675    8  0.546  0.450   206.84    -1.00    -1.00    -1.00    -1.00  0 -1.82e-06      0.10 6.773e-01 3.028e-01 2.953e-03 1.735e-03 8.745e-03 -1.000 1.991e-02 -4.255 3.931 4.280 2.925 0.215 -2.205 -6.271 -7.279 -7.771
0.02 0.14251 9.84510 1.1734315157 2.5031428290    0.684  3.625  3.4246 -0.701    8  0.547  0.450   195.24    -1.00    -1.00    -1.00    -1.00  0 -2.32e-06      0.15 6.773e-01 3.028e-01 2.953e-03 1.735e-03 8.745e-03 -1.000 1.991e-02 -4.292 4.204 4.447 3.018 0.262 -2.173 -6.271 -7.297 -7.810
0.02 0.14251 9.84510 1.1734323502 2.5031429499    0.660  3.632  3.4283 -0.709    8  0.548  0.450   183.12    -1.00    -1.00    -1.00    -1.00  0 -2.72e-06      0.33 6.773e-01 3.028e-01 2.953e-03 1.735e-03 8.745e-03 -1.000 1.991e-02 -4.310 5.142 5.021 3.362 0.485 -1.985 -6.155 -7.243 -7.817
0.02 0.14251 9.84510 1.1734355688 2.5031434163    0.550 -9.999  4.0000  1.729    9  0.550  0.000     0.00     0.00     0.00     0.00     0.00 -1    -1e-30      0.00 6.773e-01 3.028e-01 2.953e-03 1.735e-03 8.745e-03 -1.000 1.991e-02 29.767 29.708 29.973 30.024 30.012 30.010 30.061 30.060 30.078
#isochrone terminated
