# File generated by CMD 3.7 (http://stev.oapd.inaf.it/cmd) on Thu Mar  2 15:47:32 CET 2023
# isochrones based on PARSEC release v1.2S +  COLIBRI S_37 + S_35 + PR16
# Basic references: Bressan et al. (2012), MNRAS, 427, 127 + Chen et al. (2014, 2015), MNRAS, 444, 2525 + MNRAS, 452, 1068 + Tang et al. (2014), MNRAS, 445, 4287 + Marigo et al. (2017), ApJ, 835, 77 + Pastorelli al. (2019), MNRAS, 485, 5666 + Pastorelli al. (2020), MNRAS, in press
# Thermal pulse cycles included 
# On RGB, assumed Reimers mass loss with efficiency eta=0.2
# LPV periods and growth rates added cf. Trabucchi et al. (2019)
# but fundamental-mode LPV periods are from Trabucchi et al. (2021)
# Photometric system: <i>UBVRIJHK</i> (cf. Maiz-Apellaniz 2006 + Bessell 1990)
# Using YBC version of bolometric corrections as in Chen et al. (2019)
# O-rich circumstellar dpmod60alox40 dust from Groenewegen (2006)
# C-rich circumstellar AMCSIC15 dust from Groenewegen (2006)
# IMF: Kroupa (2001, 2002) + Kroupa et al. (2013) canonical two-part-power law IMF corrected for unresolved binaries 
# Kind of output: isochrone tables
# Zini     MH   logAge Mini        int_IMF         Mass   logL    logTe  logg  label   McoreTP C_O  period0  period1  period2  period3  period4  pmode  Mloss  tau1m   X   Y   Xc  Xn  Xo  Cexcess  Z 	 mbolmag  Umag    Bmag    Vmag    Rmag    Imag    Jmag    Hmag    Kmag
0.0152 0.01508 9.90309 0.0900000036 1.0816895926    0.090 -3.423  3.3624  5.217    1  0.000  0.545     0.00     0.00     0.00     0.00     0.00 -1  -3.9e-17      0.00 7.083e-01 2.765e-01 2.746e-03 7.408e-04 6.719e-03 -1.000 1.527e-02 13.328 22.604 19.981 18.144 15.990 13.740 11.238 10.623 10.334
0.0152 0.01508 9.90309 0.1000000015 1.1711064122    0.100 -3.241  3.3883  5.184    1  0.000  0.545     0.00     0.00     0.00     0.00     0.00 -1 -5.84e-17      0.00 7.079e-01 2.768e-01 2.746e-03 7.408e-04 6.719e-03 -1.000 1.527e-02 12.872 22.086 19.498 17.670 15.528 13.284 10.783 10.169 9.876
0.0152 0.01508 9.90309 0.1114152670 1.2599527032    0.111 -3.084  3.4089  5.156    1  0.000  0.545     0.00     0.00     0.00     0.00     0.00 -1  -8.2e-17      0.00 7.075e-01 2.772e-01 2.746e-03 7.408e-04 6.719e-03 -1.000 1.527e-02 12.480 21.641 19.083 17.263 15.131 12.892 10.391 9.778 9.482
0.0152 0.01508 9.90309 0.1200000122 1.3193155232    0.120 -2.976  3.4231  5.137    1  0.000  0.545     0.00     0.00     0.00     0.00     0.00 -1 -1.04e-16      0.00 7.072e-01 2.775e-01 2.746e-03 7.408e-04 6.719e-03 -1.000 1.527e-02 12.210 21.012 18.575 16.781 14.727 12.541 10.136 9.523 9.224
0.0152 0.01508 9.90309 0.1400000006 1.4384526719    0.140 -2.792  3.4434  5.102    1  0.000  0.545     0.00     0.00     0.00     0.00     0.00 -1 -1.53e-16      0.00 7.066e-01 2.781e-01 2.746e-03 7.408e-04 6.719e-03 -1.000 1.527e-02 11.751 19.465 17.357 15.651 13.836 11.820 9.724 9.109 8.809
0.0152 0.01508 9.90309 0.1521820575 1.5006750008    0.152 -2.704  3.4519  5.084    1  0.000  0.545     0.00     0.00     0.00     0.00     0.00 -1 -1.83e-16      0.00 7.063e-01 2.785e-01 2.746e-03 7.408e-04 6.719e-03 -1.000 1.527e-02 11.530 18.832 16.843 15.170 13.446 11.502 9.524 8.907 8.609
0.0152 0.01508 9.90309 0.1599999964 1.5372931554    0.160 -2.651  3.4569  5.073    1  0.000  0.545     0.00     0.00     0.00     0.00     0.00 -1 -2.04e-16      0.00 7.061e-01 2.787e-01 2.746e-03 7.408e-04 6.719e-03 -1.000 1.527e-02 11.398 18.458 16.538 14.880 13.211 11.316 9.404 8.787 8.490
0.0152 0.01508 9.90309 0.2000000030 1.6938790862    0.200 -2.433  3.4757  5.027    1  0.000  0.545     0.00     0.00     0.00     0.00     0.00 -1 -3.18e-16      0.00 7.051e-01 2.796e-01 2.746e-03 7.408e-04 6.719e-03 -1.000 1.527e-02 10.852 17.119 15.415 13.816 12.329 10.600 8.904 8.284 7.996
0.0152 0.01508 9.90309 0.2500000000 1.8403257998    0.250 -2.222  3.4920  4.978    1  0.000  0.545     0.00     0.00     0.00     0.00     0.00 -1 -4.89e-16      0.00 7.043e-01 2.804e-01 2.746e-03 7.408e-04 6.719e-03 -1.000 1.527e-02 10.325 16.003 14.447 12.883 11.529 9.954 8.417 7.796 7.518
0.0152 0.01508 9.90309 0.3000000119 1.9529139769    0.300 -2.057  3.5027  4.935    1  0.000  0.545     0.00     0.00     0.00     0.00     0.00 -1  -2.3e-16      0.00 7.040e-01 2.807e-01 2.746e-03 7.408e-04 6.719e-03 -1.000 1.527e-02 9.913 15.268 13.789 12.259 10.976 9.483 8.030 7.405 7.136
0.0152 0.01508 9.90309 0.3500000238 2.0434175133    0.350 -1.908  3.5113  4.887    1  0.000  0.545     0.00     0.00     0.00     0.00     0.00 -1 -4.32e-16      0.00 7.089e-01 2.758e-01 2.746e-03 7.408e-04 6.719e-03 -1.000 1.527e-02 9.539 14.653 13.231 11.727 10.498 9.068 7.676 7.048 6.786
0.0152 0.01508 9.90309 0.4000000358 2.1185024810    0.400 -1.764  3.5224  4.845    1  0.000  0.545     0.00     0.00     0.00     0.00     0.00 -1 -1.29e-15      0.00 7.091e-01 2.756e-01 2.746e-03 7.408e-04 6.719e-03 -1.000 1.527e-02 9.179 14.037 12.660 11.185 10.013 8.662 7.343 6.707 6.455
0.0152 0.01508 9.90309 0.4242035151 2.1505960787    0.424 -1.689  3.5286  4.821    1  0.000  0.545     0.00     0.00     0.00     0.00     0.00 -1 -1.54e-15      0.00 7.091e-01 2.756e-01 2.746e-03 7.408e-04 6.719e-03 -1.000 1.527e-02 8.992 13.727 12.368 10.906 9.763 8.453 7.172 6.531 6.284
0.0152 0.01508 9.90309 0.4500000477 2.1822809714    0.450 -1.614  3.5348  4.796    1  0.000  0.545     0.00     0.00     0.00     0.00     0.00 -1 -1.82e-15      0.00 7.092e-01 2.755e-01 2.746e-03 7.408e-04 6.719e-03 -1.000 1.527e-02 8.804 13.428 12.081 10.634 9.517 8.246 6.999 6.354 6.112
0.0152 0.01508 9.90309 0.4714857340 2.2069203874    0.471 -1.544  3.5415  4.773    1  0.000  0.545     0.00     0.00     0.00     0.00     0.00 -1 -2.15e-15      0.00 7.092e-01 2.755e-01 2.746e-03 7.408e-04 6.719e-03 -1.000 1.527e-02 8.630 13.143 11.804 10.371 9.281 8.052 6.842 6.191 5.955
0.0152 0.01508 9.90309 0.5000000000 2.2374541529    0.500 -1.456  3.5499  4.745    1  0.000  0.545     0.00     0.00     0.00     0.00     0.00 -1 -2.64e-15      0.00 7.092e-01 2.755e-01 2.746e-03 7.408e-04 6.719e-03 -1.000 1.527e-02 8.410 12.800 11.464 10.045 8.985 7.810 6.644 5.987 5.757
0.0152 0.01508 9.90309 0.5500000119 2.2836582633    0.550 -1.282  3.5698  4.691    1  0.000  0.545     0.00     0.00     0.00     0.00     0.00 -1 -3.99e-15      0.00 7.275e-01 2.581e-01 2.583e-03 6.971e-04 6.324e-03 -1.000 1.439e-02 7.975 12.122 10.769 9.368 8.370 7.332 6.263 5.591 5.379
0.0152 0.01508 9.90309 0.6000000238 2.3211213258    0.600 -1.111  3.5944  4.656    1  0.000  0.544     0.00     0.00     0.00     0.00     0.00 -1 -5.91e-15      0.00 7.303e-01 2.555e-01 2.560e-03 6.911e-04 6.270e-03 -1.000 1.426e-02 7.547 11.438 10.051 8.683 7.745 6.869 5.899 5.208 5.030
0.0152 0.01508 9.90309 0.6499999762 2.3520353107    0.650 -0.936  3.6243  4.636    1  0.000  0.544     0.00     0.00     0.00     0.00     0.00 -1 -8.69e-15      0.00 7.328e-01 2.530e-01 2.540e-03 6.856e-04 6.221e-03 -1.000 1.416e-02 7.109 10.689 9.264 7.981 7.115 6.405 5.531 4.841 4.709
0.0152 0.01508 9.90309 0.6580325365 2.3565006122    0.658 -0.908  3.6294  4.633    1  0.000  0.544     0.00     0.00     0.00     0.00     0.00 -1 -9.24e-15      0.00 7.332e-01 2.527e-01 2.537e-03 6.848e-04 6.214e-03 -1.000 1.413e-02 7.039 10.557 9.129 7.866 7.014 6.331 5.473 4.787 4.662
0.0152 0.01508 9.90309 0.7000000477 2.3779267258    0.700 -0.766  3.6548  4.620    1  0.000  0.544     0.00     0.00     0.00     0.00     0.00 -1 -1.26e-14      0.00 7.352e-01 2.507e-01 2.520e-03 6.805e-04 6.175e-03 -1.000 1.403e-02 6.685 9.726 8.433 7.288 6.521 5.962 5.188 4.548 4.453
0.0152 0.01508 9.90309 0.7245458364 2.3891438884    0.725 -0.684  3.6695  4.612    1  0.000  0.540     0.00     0.00     0.00     0.00     0.00 -1 -1.51e-14      0.00 7.365e-01 2.495e-01 2.493e-03 6.771e-04 6.150e-03 -1.000 1.395e-02 6.480 9.183 8.036 6.965 6.256 5.747 5.027 4.431 4.346
0.0152 0.01508 9.90309 0.7500000000 2.3998889087    0.750 -0.601  3.6841  4.602    1  0.000  0.537     0.00     0.00     0.00     0.00     0.00 -1 -1.82e-14      0.00 7.378e-01 2.483e-01 2.465e-03 6.738e-04 6.124e-03 -1.000 1.389e-02 6.272 8.642 7.655 6.654 6.003 5.532 4.864 4.318 4.240
0.0152 0.01508 9.90309 0.7580274940 2.4031059228    0.758 -0.575  3.6878  4.596    1  0.000  0.537     0.00     0.00     0.00     0.00     0.00 -1 -1.93e-14      0.00 7.384e-01 2.477e-01 2.460e-03 6.725e-04 6.112e-03 -1.000 1.387e-02 6.209 8.503 7.552 6.567 5.931 5.469 4.813 4.278 4.201
0.0152 0.01508 9.90309 0.7832999229 2.4127405550    0.783 -0.497  3.6994  4.578    1  0.000  0.537     0.00     0.00     0.00     0.00     0.00 -1 -2.32e-14      0.00 7.403e-01 2.459e-01 2.445e-03 6.683e-04 6.075e-03 -1.000 1.380e-02 6.011 8.062 7.234 6.302 5.709 5.271 4.655 4.154 4.084
0.0152 0.01508 9.90309 0.8000000119 2.4187244405    0.800 -0.445  3.7069  4.565    1  0.000  0.537     0.00     0.00     0.00     0.00     0.00 -1 -2.62e-14      0.00 7.415e-01 2.447e-01 2.435e-03 6.656e-04 6.051e-03 -1.000 1.374e-02 5.882 7.787 7.036 6.134 5.567 5.143 4.552 4.074 4.006
0.0152 0.01508 9.90309 0.8214421272 2.4259987047    0.821 -0.378  3.7161  4.547    1  0.000  0.536     0.00     0.00     0.00     0.00     0.00 -1 -3.09e-14      0.00 7.434e-01 2.429e-01 2.419e-03 6.616e-04 6.015e-03 -1.000 1.368e-02 5.715 7.447 6.790 5.924 5.387 4.980 4.418 3.966 3.902
0.0152 0.01508 9.90309 0.8422230482 2.4326437447    0.842 -0.314  3.7246  4.527    1  0.000  0.536     0.00     0.00     0.00     0.00     0.00 -1 -3.61e-14      0.00 7.452e-01 2.412e-01 2.405e-03 6.576e-04 5.979e-03 -1.000 1.360e-02 5.554 7.132 6.560 5.728 5.217 4.824 4.289 3.860 3.799
0.0152 0.01508 9.90309 0.8500000238 2.4350346840    0.849 -0.290  3.7277  4.520    1  0.000  0.536     0.00     0.00     0.00     0.00     0.00 -1 -3.84e-14      0.00 7.458e-01 2.406e-01 2.400e-03 6.561e-04 5.966e-03 -1.000 1.357e-02 5.494 7.018 6.476 5.656 5.153 4.766 4.240 3.819 3.760
0.0152 0.01508 9.90309 0.8625087142 2.4387765173    0.862 -0.250  3.7325  4.506    1  0.000  0.536     0.00     0.00     0.00     0.00     0.00 -1 -4.23e-14      0.00 7.472e-01 2.393e-01 2.389e-03 6.532e-04 5.940e-03 -1.000 1.351e-02 5.396 6.840 6.343 5.541 5.052 4.672 4.161 3.753 3.695
0.0152 0.01508 9.90309 0.8825566173 2.4445199732    0.882 -0.188  3.7398  4.482    1  0.000  0.536     0.00     0.00     0.00     0.00     0.00 -1 -4.97e-14      0.00 7.493e-01 2.373e-01 2.371e-03 6.485e-04 5.898e-03 -1.000 1.342e-02 5.239 6.560 6.129 5.358 4.889 4.522 4.034 3.644 3.590
0.0152 0.01508 9.90309 0.9000000358 2.4492786175    0.899 -0.132  3.7458  4.460    1  0.000  0.536     0.00     0.00     0.00     0.00     0.00 -1 -5.73e-14      0.00 7.512e-01 2.354e-01 2.356e-03 6.443e-04 5.860e-03 -1.000 1.333e-02 5.101 6.315 5.948 5.202 4.752 4.394 3.924 3.547 3.496
0.0152 0.01508 9.90309 0.9017939568 2.4497560157    0.901 -0.127  3.7464  4.457    1  0.000  0.536     0.00     0.00     0.00     0.00     0.00 -1 -5.82e-14      0.00 7.515e-01 2.352e-01 2.354e-03 6.438e-04 5.856e-03 -1.000 1.331e-02 5.087 6.290 5.930 5.186 4.737 4.381 3.912 3.537 3.486
0.0152 0.01508 9.90309 0.9134919643 2.4528162863    0.913 -0.089  3.7501  4.440    1  0.000  0.536     0.00     0.00     0.00     0.00     0.00 -1 -6.43e-14      0.00 7.530e-01 2.337e-01 2.341e-03 6.403e-04 5.825e-03 -1.000 1.322e-02 4.993 6.132 5.810 5.082 4.644 4.293 3.835 3.468 3.419
0.0152 0.01508 9.90309 0.9349968433 2.4582130249    0.934 -0.019  3.7564  4.405    1  0.000  0.536     0.00     0.00     0.00     0.00     0.00 -1 -7.76e-14      0.00 7.560e-01 2.309e-01 2.317e-03 6.339e-04 5.767e-03 -1.000 1.312e-02 4.818 5.859 5.594 4.892 4.471 4.130 3.689 3.337 3.290
0.0152 0.01508 9.90309 0.9455402493 2.4607560377    0.945  0.015  3.7593  4.387    1  0.000  0.536     0.00     0.00     0.00     0.00     0.00 -1 -8.56e-14      0.00 7.574e-01 2.295e-01 2.305e-03 6.306e-04 5.738e-03 -1.000 1.303e-02 4.731 5.728 5.488 4.798 4.385 4.049 3.615 3.269 3.225
0.0152 0.01508 9.90309 0.9500000477 2.4618122009    0.949  0.030  3.7604  4.379    1  0.000  0.536     0.00     0.00     0.00     0.00     0.00 -1 -8.92e-14      0.00 7.580e-01 2.290e-01 2.300e-03 6.293e-04 5.726e-03 -1.000 1.301e-02 4.694 5.673 5.443 4.758 4.348 4.014 3.583 3.240 3.196
0.0152 0.01508 9.90309 0.9641124606 2.4650803713    0.963  0.078  3.7638  4.351    1  0.000  0.535     0.00     0.00     0.00     0.00     0.00 -1 -1.02e-13      0.00 7.605e-01 2.266e-01 2.279e-03 6.238e-04 5.677e-03 -1.000 1.291e-02 4.576 5.508 5.304 4.633 4.231 3.902 3.480 3.145 3.102
0.0152 0.01508 9.90309 0.9816183448 2.4689846148    0.981  0.136  3.7671  4.314    1  0.000  0.535     0.00     0.00     0.00     0.00     0.00 -1  -1.2e-13      0.00 7.636e-01 2.236e-01 2.255e-03 6.172e-04 5.617e-03 -1.000 1.279e-02 4.430 5.316 5.137 4.481 4.088 3.765 3.351 3.023 2.982
0.0152 0.01508 9.90309 0.9973907471 2.4723676113    0.997  0.189  3.7694  4.277    1  0.000  0.535     0.00     0.00     0.00     0.00     0.00 -1 -1.41e-13      0.00 7.658e-01 2.215e-01 2.237e-03 6.123e-04 5.574e-03 -1.000 1.268e-02 4.298 5.152 4.989 4.344 3.957 3.637 3.230 2.907 2.867
0.0152 0.01508 9.90309 1.0000000000 2.4729154477    0.999  0.198  3.7697  4.271    1  0.000  0.535     0.00     0.00     0.00     0.00     0.00 -1 -1.44e-13      0.00 7.660e-01 2.213e-01 2.235e-03 6.118e-04 5.569e-03 -1.000 1.268e-02 4.275 5.125 4.964 4.320 3.935 3.616 3.209 2.887 2.847
0.0152 0.01508 9.90309 1.0112696886 2.4752443226    1.011  0.240  3.7711  4.239    1  0.000  0.535     0.00     0.00     0.00     0.00     0.00 -1 -1.62e-13      0.00 7.665e-01 2.209e-01 2.232e-03 6.111e-04 5.564e-03 -1.000 1.269e-02 4.171 5.002 4.851 4.213 3.832 3.515 3.112 2.793 2.754
0.0152 0.01508 9.90309 1.0203294754 2.4770736868    1.019  0.274  3.7717  4.211    1  0.000  0.535     0.00     0.00     0.00     0.00     0.00 -1 -1.77e-13      0.00 7.664e-01 2.209e-01 2.234e-03 6.116e-04 5.568e-03 -1.000 1.270e-02 4.084 4.906 4.759 4.125 3.746 3.430 3.029 2.711 2.672
0.0152 0.01508 9.90309 1.0291281939 2.4788149269    1.028  0.309  3.7719  4.180    1  0.000  0.535     0.00     0.00     0.00     0.00     0.00 -1 -1.96e-13      0.00 7.659e-01 2.214e-01 2.240e-03 6.133e-04 5.583e-03 -1.000 1.273e-02 3.997 4.816 4.670 4.037 3.659 3.343 2.942 2.625 2.586
0.0152 0.01508 9.90309 1.0401659012 2.4809514231    1.039  0.355  3.7711  4.136    1  0.000  0.535     0.00     0.00     0.00     0.00     0.00 -1 -2.23e-13      0.00 7.642e-01 2.230e-01 2.258e-03 6.182e-04 5.629e-03 -1.000 1.282e-02 3.883 4.711 4.560 3.925 3.545 3.228 2.825 2.506 2.467
0.0152 0.01508 9.90309 1.0474126339 2.4823260002    1.046  0.385  3.7701  4.105    1  0.000  0.535     0.00     0.00     0.00     0.00     0.00 -1 -2.45e-13      0.00 7.626e-01 2.245e-01 2.274e-03 6.229e-04 5.671e-03 -1.000 1.294e-02 3.807 4.646 4.489 3.850 3.469 3.150 2.744 2.423 2.384
0.0152 0.01508 9.90309 1.0496830940 2.4827521784    1.048  0.395  3.7693  4.093    1  0.000  0.535     0.00     0.00     0.00     0.00     0.00 -1 -2.53e-13      0.00 7.612e-01 2.258e-01 2.287e-03 6.264e-04 5.703e-03 -1.000 1.301e-02 3.783 4.631 4.469 3.827 3.444 3.124 2.716 2.394 2.353
0.0152 0.01508 9.90309 1.0499999523 2.4828114860    1.049  0.396  3.7692  4.091    1  0.000  0.535     0.00     0.00     0.00     0.00     0.00 -1 -2.54e-13      0.00 7.610e-01 2.259e-01 2.289e-03 6.269e-04 5.707e-03 -1.000 1.302e-02 3.780 4.629 4.467 3.824 3.440 3.121 2.712 2.389 2.349
0.0152 0.01508 9.90309 1.0554563999 2.4838263691    1.054  0.420  3.7672  4.062    2  0.000  0.535     0.00     0.00     0.00     0.00     0.00 -1 -2.75e-13      0.00 7.578e-01 2.290e-01 2.319e-03 6.352e-04 5.784e-03 -1.000 1.317e-02 3.720 4.593 4.418 3.768 3.380 3.057 2.644 2.316 2.275
0.0152 0.01508 9.90309 1.0626705885 2.4851498053    1.061  0.450  3.7623  4.015    2  0.000  0.535     0.00     0.00     0.00     0.00     0.00 -1 -3.06e-13      0.00 7.507e-01 2.358e-01 2.382e-03 6.522e-04 5.937e-03 -1.000 1.350e-02 3.645 4.577 4.372 3.702 3.303 2.973 2.546 2.207 2.164
0.0152 0.01508 9.90309 1.0692358017 2.4863363553    1.068  0.471  3.7537  3.962    2  0.000  0.535     0.00     0.00     0.00     0.00     0.00 -1 -3.37e-13      0.00 7.416e-01 2.445e-01 2.458e-03 6.726e-04 6.120e-03 -1.000 1.390e-02 3.592 4.642 4.375 3.669 3.250 2.905 2.454 2.095 2.048
0.0152 0.01508 9.90309 1.0733319521 2.4870682138    1.072  0.475  3.7442  3.922    2  0.000  0.536     0.00     0.00     0.00     0.00     0.00 -1 -3.55e-13      0.00 7.344e-01 2.513e-01 2.514e-03 6.878e-04 6.256e-03 -1.000 1.424e-02 3.582 4.767 4.426 3.683 3.241 2.881 2.402 2.021 1.970
0.0152 0.01508 9.90309 1.0758371353 2.4875126574    1.074  0.470  3.7352  3.891    2  0.000  0.536     0.00     0.00     0.00     0.00     0.00 -1 -3.62e-13      0.00 7.295e-01 2.560e-01 2.552e-03 6.979e-04 6.346e-03 -1.000 1.444e-02 3.594 4.911 4.498 3.721 3.257 2.884 2.378 1.974 1.920
0.0152 0.01508 9.90309 1.0775984526 2.4878237096    1.076  0.464  3.7269  3.865    2  0.000  0.536     0.00     0.00     0.00     0.00     0.00 -1 -3.67e-13      0.00 7.261e-01 2.593e-01 2.578e-03 7.048e-04 6.407e-03 -1.000 1.458e-02 3.609 5.052 4.573 3.764 3.280 2.892 2.361 1.935 1.877
0.0152 0.01508 9.90309 1.0792720318 2.4881181856    1.077  0.462  3.7182  3.833    2  0.000  0.537     0.00     0.00     0.00     0.00     0.00 -1 -3.77e-13      0.00 7.231e-01 2.622e-01 2.600e-03 7.106e-04 6.459e-03 -1.000 1.469e-02 3.614 5.196 4.644 3.802 3.295 2.893 2.333 1.883 1.822
0.0152 0.01508 9.90309 1.0812834501 2.4884707197    1.079  0.476  3.7086  3.782    2  0.000  0.537     0.00     0.00     0.00     0.00     0.00 -1 -4.09e-13      0.00 7.198e-01 2.653e-01 2.622e-03 7.165e-04 6.511e-03 -1.000 1.482e-02 3.580 5.322 4.686 3.807 3.275 2.856 2.264 1.786 1.722
0.0152 0.01508 9.90309 1.0830713511 2.4887828149    1.081  0.506  3.7020  3.726    2  0.000  0.537     0.00     0.00     0.00     0.00     0.00 -1 -4.66e-13      0.00 7.169e-01 2.682e-01 2.638e-03 7.208e-04 6.549e-03 -1.000 1.490e-02 3.505 5.361 4.667 3.762 3.211 2.780 2.165 1.669 1.601
0.0152 0.01508 9.90309 1.0835736990 2.4888702915    1.082  0.517  3.7004  3.708    2  0.000  0.537     0.00     0.00     0.00     0.00     0.00 -1 -4.87e-13      0.00 7.161e-01 2.690e-01 2.642e-03 7.219e-04 6.559e-03 -1.000 1.491e-02 3.477 5.359 4.652 3.741 3.187 2.752 2.132 1.631 1.563
0.0152 0.01508 9.90309 1.0840719938 2.4889569701    1.082  0.531  3.6992  3.690    2  0.000  0.537     0.00     0.00     0.00     0.00     0.00 -1 -5.14e-13      0.00 7.152e-01 2.699e-01 2.645e-03 7.228e-04 6.567e-03 -1.000 1.490e-02 3.442 5.344 4.628 3.712 3.154 2.717 2.093 1.589 1.520
0.0152 0.01508 9.90309 1.0855082273 2.4892062917    1.084  0.576  3.6963  3.634    3  0.000  0.536     0.00     0.00     0.00     0.00     0.00 -1 -6.04e-13      0.00 7.125e-01 2.725e-01 2.650e-03 7.260e-04 6.588e-03 -1.000 1.496e-02 3.330 5.281 4.541 3.614 3.049 2.606 1.971 1.458 1.388
0.0152 0.01508 9.90309 1.0866528749 2.4894044531    1.085  0.617  3.6945  3.586    3  0.000  0.533     0.00     0.00     0.00     0.00     0.00 -1 -6.99e-13      0.00 7.099e-01 2.751e-01 2.638e-03 7.344e-04 6.603e-03 -1.000 1.503e-02 3.227 5.207 4.454 3.520 2.951 2.504 1.863 1.344 1.273
0.0152 0.01508 9.90309 1.0879839659 2.4896342886    1.086  0.670  3.6926  3.527    3  0.000  0.520     0.00     0.00     0.00     0.00     0.00 -1 -8.41e-13      0.00 7.064e-01 2.785e-01 2.580e-03 7.837e-04 6.618e-03 -1.000 1.510e-02 3.096 5.103 4.338 3.397 2.824 2.374 1.726 1.201 1.129
0.0152 0.01508 9.90309 1.0889674425 2.4898036875    1.087  0.712  3.6914  3.479    3  0.000  0.503     0.00     0.00     0.00     0.00     0.00 -1 -9.79e-13      0.00 7.036e-01 2.813e-01 2.502e-03 8.719e-04 6.626e-03 -1.000 1.512e-02 2.989 5.015 4.242 3.295 2.720 2.268 1.614 1.086 1.014
0.0152 0.01508 9.90309 1.0900689363 2.4899929971    1.088  0.764  3.6900  3.422    3  0.000  0.484     0.00     0.00     0.00     0.00     0.00 -1 -1.18e-12      0.00 7.005e-01 2.843e-01 2.407e-03 9.902e-04 6.635e-03 -1.000 1.512e-02 2.859 4.912 4.126 3.172 2.593 2.138 1.480 0.947 0.875
0.0152 0.01508 9.90309 1.0909091234 2.4901371014    1.089  0.807  3.6888  3.375    3  0.000  0.471     0.00     0.00     0.00     0.00     0.00 -1 -1.37e-12      0.00 6.983e-01 2.866e-01 2.344e-03 1.070e-03 6.640e-03 -1.000 1.512e-02 2.751 4.826 4.030 3.070 2.488 2.031 1.368 0.832 0.759
0.0152 0.01508 9.90309 1.0916935205 2.4902714067    1.090  0.851  3.6876  3.327    3  0.000  0.461     0.00     0.00     0.00     0.00     0.00 -1  -1.6e-12      0.00 6.963e-01 2.886e-01 2.298e-03 1.128e-03 6.644e-03 -1.000 1.512e-02 2.642 4.740 3.934 2.968 2.383 1.922 1.255 0.716 0.643
0.0152 0.01508 9.90309 1.0923751593 2.4903879374    1.090  0.892  3.6864  3.281    3  0.000  0.455     0.00     0.00     0.00     0.00     0.00 -1 -1.85e-12      0.00 6.948e-01 2.900e-01 2.266e-03 1.169e-03 6.647e-03 -1.000 1.519e-02 2.540 4.660 3.843 2.871 2.283 1.820 1.149 0.606 0.532
0.0152 0.01508 9.90309 1.0931937695 2.4905276635    1.091  0.946  3.6847  3.221    3  0.000  0.449     0.00     0.00     0.00     0.00     0.00 -1 -2.23e-12      0.00 6.933e-01 2.916e-01 2.238e-03 1.205e-03 6.650e-03 -1.000 1.518e-02 2.406 4.559 3.726 2.745 2.153 1.686 1.009 0.462 0.387
0.0152 0.01508 9.90309 1.0937635899 2.4906247825    1.092  0.986  3.6834  3.175    3  0.000  0.445     0.00     0.00     0.00     0.00     0.00 -1 -2.59e-12      0.00 6.923e-01 2.925e-01 2.220e-03 1.229e-03 6.652e-03 -1.000 1.519e-02 2.304 4.484 3.639 2.651 2.055 1.585 0.903 0.352 0.276
0.0152 0.01508 9.90309 1.0944229364 2.4907370150    1.092  1.038  3.6815  3.117    3  0.000  0.442     0.00     0.00     0.00     0.00     0.00 -1 -3.11e-12      0.00 6.914e-01 2.934e-01 2.206e-03 1.247e-03 6.654e-03 -1.000 1.520e-02 2.176 4.392 3.530 2.532 1.931 1.458 0.769 0.212 0.136
0.0152 0.01508 9.90309 1.0949138403 2.4908204746    1.093  1.079  3.6800  3.069    3  0.000  0.440     0.00     0.00     0.00     0.00     0.00 -1 -3.61e-12      0.00 6.910e-01 2.938e-01 2.198e-03 1.257e-03 6.654e-03 -1.000 1.518e-02 2.071 4.319 3.441 2.436 1.831 1.354 0.659 0.098 0.021
0.0152 0.01508 9.90309 1.0954645872 2.4909140058    1.093  1.130  3.6779  3.010    3  0.000  0.439     0.00     0.00     0.00     0.00     0.00 -1 -4.34e-12      0.00 6.905e-01 2.943e-01 2.190e-03 1.267e-03 6.655e-03 -1.000 1.522e-02 1.944 4.236 3.336 2.320 1.710 1.228 0.525 -0.042 -0.120
0.0152 0.01508 9.90309 1.0959717035 2.4910000319    1.093  1.182  3.6758  2.949    3  0.000  0.438     0.00     0.00     0.00     0.00     0.00 -1 -5.24e-12      0.00 6.903e-01 2.945e-01 2.187e-03 1.272e-03 6.656e-03 -1.000 1.526e-02 1.814 4.151 3.229 2.203 1.586 1.100 0.388 -0.186 -0.265
0.0152 0.01508 9.90309 1.0964112282 2.4910745178    1.094  1.232  3.6736  2.891    3  0.000  0.438     0.00     0.00     0.00     0.00     0.00 -1 -6.28e-12      0.00 6.902e-01 2.945e-01 2.186e-03 1.273e-03 6.656e-03 -1.000 1.526e-02 1.689 4.071 3.128 2.091 1.468 0.977 0.257 -0.324 -0.404
0.0152 0.01508 9.90309 1.0968133211 2.4911426001    1.094  1.282  3.6713  2.832    3  0.000  0.438     0.00     0.00     0.00     0.00     0.00 -1 -7.55e-12      0.00 6.902e-01 2.945e-01 2.185e-03 1.274e-03 6.656e-03 -1.000 1.526e-02 1.564 3.994 3.026 1.979 1.349 0.853 0.124 -0.463 -0.545
0.0152 0.01508 9.90309 1.0971856117 2.4912055851    1.094  1.333  3.6689  2.771    3  0.000  0.438     0.00     0.00     0.00     0.00     0.00 -1 -9.09e-12      0.00 6.902e-01 2.945e-01 2.185e-03 1.274e-03 6.656e-03 -1.000 1.527e-02 1.436 3.917 2.925 1.866 1.229 0.728 -0.010 -0.605 -0.688
0.0152 0.01508 9.90309 1.0975096226 2.4912603620    1.095  1.382  3.6664  2.713    3  0.000  0.438     0.00     0.00     0.00     0.00     0.00 -1 -1.09e-11      0.00 6.902e-01 2.946e-01 2.184e-03 1.275e-03 6.656e-03 -1.000 1.527e-02 1.316 3.848 2.831 1.760 1.117 0.610 -0.138 -0.740 -0.825
0.0152 0.01508 9.90309 1.0978205204 2.4913128871    1.095  1.432  3.6639  2.653    3  0.000  0.437     0.00     0.00     0.00     0.00     0.00 -1 -1.31e-11      0.00 6.902e-01 2.946e-01 2.184e-03 1.275e-03 6.657e-03 -1.000 1.527e-02 1.190 3.778 2.734 1.651 1.000 0.488 -0.270 -0.880 -0.967
0.0152 0.01508 9.90309 1.0981025696 2.4913605087    1.095  1.480  3.6613  2.595    3  0.000  0.437     0.00     0.00     0.00     0.00     0.00 -1 -1.56e-11      0.00 6.902e-01 2.946e-01 2.184e-03 1.276e-03 6.657e-03 -1.000 1.527e-02 1.070 3.712 2.641 1.547 0.888 0.370 -0.398 -1.015 -1.104
0.0152 0.01508 9.90309 1.0983794928 2.4914072375    1.095  1.527  3.6588  2.538    3  0.000  0.437     0.00     0.00     0.00     0.00     0.00 -1 -1.86e-11      0.00 6.902e-01 2.946e-01 2.184e-03 1.276e-03 6.657e-03 -1.000 1.527e-02 0.952 3.650 2.552 1.445 0.780 0.255 -0.522 -1.148 -1.239
0.0152 0.01508 9.90309 1.0987399817 2.4914680268    1.095  1.569  3.6566  2.486    3  0.000  0.437     0.00     0.00     0.00     0.00     0.00 -1 -2.18e-11      0.00 6.901e-01 2.946e-01 2.183e-03 1.277e-03 6.657e-03 -1.000 1.527e-02 0.846 3.599 2.474 1.355 0.683 0.153 -0.634 -1.267 -1.359
0.0152 0.01508 9.90309 1.0989636183 2.4915057156    1.096  1.533  3.6591  2.533    3  0.000  0.437     0.00     0.00     0.00     0.00     0.00 -1 -1.93e-11      0.00 6.901e-01 2.946e-01 2.183e-03 1.277e-03 6.657e-03 -1.000 1.527e-02 0.938 3.629 2.535 1.429 0.765 0.241 -0.536 -1.161 -1.251
0.0152 0.01508 9.90309 1.0991129875 2.4915308785    1.096  1.497  3.6614  2.578    3  0.000  0.437     0.00     0.00     0.00     0.00     0.00 -1 -1.69e-11      0.00 6.901e-01 2.946e-01 2.183e-03 1.277e-03 6.657e-03 -1.000 1.527e-02 1.028 3.667 2.598 1.503 0.846 0.328 -0.440 -1.057 -1.146
0.0152 0.01508 9.90309 1.0991256237 2.4915330069    1.096  1.493  3.6617  2.583    3  0.000  0.437     0.00     0.00     0.00     0.00     0.00 -1 -1.66e-11      0.00 6.901e-01 2.946e-01 2.183e-03 1.277e-03 6.657e-03 -1.000 1.527e-02 1.037 3.671 2.605 1.511 0.855 0.337 -0.430 -1.046 -1.135
0.0152 0.01508 9.90309 1.0993375778 2.4915686985    1.096  1.539  3.6591  2.527    3  0.000  0.437     0.00     0.00     0.00     0.00     0.00 -1 -1.94e-11      0.00 6.901e-01 2.946e-01 2.183e-03 1.277e-03 6.657e-03 -1.000 1.527e-02 0.922 3.612 2.519 1.413 0.749 0.225 -0.552 -1.177 -1.267
0.0152 0.01508 9.90309 1.0995553732 2.4916053573    1.096  1.588  3.6563  2.467    3  0.000  0.437     0.00     0.00     0.00     0.00     0.00 -1 -2.31e-11      0.00 6.901e-01 2.946e-01 2.182e-03 1.278e-03 6.657e-03 -1.000 1.527e-02 0.801 3.565 2.434 1.312 0.638 0.107 -0.680 -1.313 -1.406
0.0152 0.01508 9.90309 1.0997633934 2.4916403552    1.096  1.636  3.6535  2.408    3  0.000  0.437     0.00     0.00     0.00     0.00     0.00 -1 -2.76e-11      0.00 6.901e-01 2.946e-01 2.182e-03 1.278e-03 6.657e-03 -1.000 1.527e-02 0.681 3.527 2.352 1.211 0.527 -0.010 -0.809 -1.450 -1.544
0.0152 0.01508 9.90309 1.0999504328 2.4916718101    1.096  1.682  3.6508  2.351    3  0.000  0.437     0.00     0.00     0.00     0.00     0.00 -1 -3.29e-11      0.00 6.901e-01 2.946e-01 2.182e-03 1.278e-03 6.657e-03 -1.000 1.527e-02 0.565 3.492 2.275 1.115 0.421 -0.124 -0.933 -1.582 -1.678
0.0152 0.01508 9.90309 1.1000000238 2.4916801480    1.096  1.695  3.6500  2.335    3  0.000  0.437     0.00     0.00     0.00     0.00     0.00 -1 -3.45e-11      0.00 6.901e-01 2.946e-01 2.182e-03 1.278e-03 6.657e-03 -1.000 1.527e-02 0.533 3.483 2.253 1.089 0.392 -0.155 -0.967 -1.618 -1.715
0.0152 0.01508 9.90309 1.1000176668 2.4916831141    1.096  1.699  3.6498  2.330    3  0.000  0.437     0.00     0.00     0.00     0.00     0.00 -1  -3.5e-11      0.00 6.901e-01 2.946e-01 2.182e-03 1.278e-03 6.657e-03 -1.000 1.527e-02 0.522 3.480 2.246 1.080 0.382 -0.166 -0.979 -1.631 -1.728
0.0152 0.01508 9.90309 1.1001819372 2.4917107259    1.096  1.745  3.6469  2.272    3  0.000  0.437     0.00     0.00     0.00     0.00     0.00 -1 -4.16e-11      0.00 6.901e-01 2.946e-01 2.182e-03 1.279e-03 6.657e-03 -1.000 1.527e-02 0.407 3.452 2.173 0.988 0.279 -0.277 -1.102 -1.762 -1.861
0.0152 0.01508 9.90309 1.1003359556 2.4917366059    1.096  1.792  3.6441  2.214    3  0.000  0.437     0.00     0.00     0.00     0.00     0.00 -1 -4.95e-11      0.00 6.901e-01 2.946e-01 2.181e-03 1.279e-03 6.657e-03 -1.000 1.527e-02 0.290 3.425 2.099 0.894 0.174 -0.390 -1.226 -1.896 -1.997
0.0152 0.01508 9.90309 1.1004726887 2.4917595744    1.096  1.837  3.6412  2.158    3  0.000  0.437     0.00     0.00     0.00     0.00     0.00 -1 -5.87e-11      0.00 6.901e-01 2.946e-01 2.181e-03 1.279e-03 6.657e-03 -1.000 1.527e-02 0.178 3.401 2.029 0.804 0.073 -0.498 -1.347 -2.025 -2.128
0.0152 0.01508 9.90309 1.1006004810 2.4917810352    1.096  1.882  3.6383  2.101    3  0.000  0.437     0.00     0.00     0.00     0.00     0.00 -1 -6.95e-11      0.00 6.901e-01 2.946e-01 2.181e-03 1.279e-03 6.657e-03 -1.000 1.527e-02 0.064 3.378 1.960 0.715 -0.027 -0.608 -1.468 -2.155 -2.260
0.0152 0.01508 9.90309 1.1007164717 2.4918005090    1.096  1.927  3.6354  2.045    3  0.000  0.437     0.00     0.00     0.00     0.00     0.00 -1 -8.23e-11      0.00 6.901e-01 2.946e-01 2.181e-03 1.279e-03 6.657e-03 -1.000 1.527e-02 -0.047 3.360 1.894 0.630 -0.123 -0.714 -1.587 -2.282 -2.390
0.0152 0.01508 9.90309 1.1008229256 2.4918183776    1.096  1.971  3.6325  1.988    3  0.000  0.437     0.00     0.00     0.00     0.00     0.00 -1 -9.73e-11      0.00 6.901e-01 2.946e-01 2.181e-03 1.279e-03 6.657e-03 -1.000 1.527e-02 -0.159 3.337 1.829 0.544 -0.220 -0.820 -1.705 -2.409 -2.520
0.0152 0.01508 9.90309 1.1009205580 2.4918347619    1.095  2.016  3.6295  1.931    3  0.000  0.437     0.00     0.00     0.00     0.00     0.00 -1 -1.15e-10      0.00 6.901e-01 2.946e-01 2.181e-03 1.280e-03 6.657e-03 -1.000 1.527e-02 -0.270 3.291 1.764 0.456 -0.315 -0.924 -1.822 -2.530 -2.646
0.0152 0.01508 9.90309 1.1010091305 2.4918496230    1.095  2.060  3.6265  1.876    3  0.000  0.437     0.00     0.00     0.00     0.00     0.00 -1 -1.36e-10      0.00 6.901e-01 2.946e-01 2.181e-03 1.280e-03 6.657e-03 -1.000 1.527e-02 -0.379 3.243 1.702 0.372 -0.406 -1.026 -1.937 -2.649 -2.770
0.0152 0.01508 9.90309 1.1010909081 2.4918633415    1.095  2.103  3.6234  1.820    3  0.000  0.437     0.00     0.00     0.00     0.00     0.00 -1  -1.6e-10      0.00 6.901e-01 2.946e-01 2.181e-03 1.280e-03 6.657e-03 -1.000 1.527e-02 -0.489 3.193 1.638 0.286 -0.498 -1.127 -2.051 -2.768 -2.894
0.0152 0.01508 9.90309 1.1011651754 2.4918757981    1.095  2.147  3.6204  1.764    3  0.000  0.437     0.00     0.00     0.00     0.00     0.00 -1 -1.89e-10      0.00 6.901e-01 2.946e-01 2.181e-03 1.280e-03 6.657e-03 -1.000 1.527e-02 -0.596 3.143 1.575 0.203 -0.589 -1.226 -2.164 -2.885 -3.017
0.0152 0.01508 9.90309 1.1012336016 2.4918872733    1.094  2.189  3.6173  1.709    3  0.000  0.437     0.00     0.00     0.00     0.00     0.00 -1 -2.22e-10      0.00 6.901e-01 2.946e-01 2.181e-03 1.280e-03 6.657e-03 -1.000 1.527e-02 -0.704 3.090 1.513 0.122 -0.675 -1.324 -2.276 -3.001 -3.140
0.0152 0.01508 9.90309 1.1012974977 2.4918979874    1.094  2.233  3.6142  1.653    3  0.000  0.437     0.00     0.00     0.00     0.00     0.00 -1 -2.62e-10      0.00 6.901e-01 2.946e-01 2.180e-03 1.280e-03 6.657e-03 -1.000 1.527e-02 -0.812 3.036 1.450 0.041 -0.763 -1.422 -2.389 -3.119 -3.264
0.0152 0.01508 9.90309 1.1013544798 2.4919075408    1.094  2.274  3.6111  1.599    3  0.000  0.437     0.00     0.00     0.00     0.00     0.00 -1 -3.07e-10      0.00 6.901e-01 2.946e-01 2.180e-03 1.280e-03 6.657e-03 -1.000 1.527e-02 -0.916 2.986 1.391 -0.036 -0.847 -1.516 -2.498 -3.233 -3.384
0.0152 0.01508 9.90309 1.1014090776 2.4919166935    1.093  2.317  3.6080  1.543    3  0.000  0.437     0.00     0.00     0.00     0.00     0.00 -1 -3.62e-10      0.00 6.901e-01 2.946e-01 2.180e-03 1.280e-03 6.657e-03 -1.000 1.527e-02 -1.024 2.930 1.329 -0.114 -0.932 -1.613 -2.610 -3.349 -3.508
0.0152 0.01508 9.90309 1.1014572382 2.4919247662    1.093  2.358  3.6049  1.490    3  0.000  0.437     0.00     0.00     0.00     0.00     0.00 -1 -4.23e-10      0.00 6.901e-01 2.946e-01 2.180e-03 1.280e-03 6.657e-03 -1.000 1.527e-02 -1.126 2.887 1.274 -0.184 -1.011 -1.704 -2.718 -3.463 -3.628
0.0152 0.01508 9.90309 1.1015019417 2.4919322587    1.092  2.399  3.6017  1.436    3  0.000  0.437     0.00     0.00     0.00     0.00     0.00 -1 -4.96e-10      0.00 6.901e-01 2.946e-01 2.180e-03 1.280e-03 6.657e-03 -1.000 1.527e-02 -1.228 2.888 1.229 -0.247 -1.088 -1.798 -2.827 -3.581 -3.751
0.0152 0.01508 9.90309 1.1015443802 2.4919393709    1.092  2.441  3.5985  1.381    3  0.000  0.437     0.00     0.00     0.00     0.00     0.00 -1 -5.82e-10      0.00 6.901e-01 2.946e-01 2.180e-03 1.280e-03 6.657e-03 -1.000 1.527e-02 -1.333 2.885 1.183 -0.310 -1.165 -1.894 -2.939 -3.701 -3.876
0.0152 0.01508 9.90309 1.1015820503 2.4919456834    1.091  2.481  3.5952  1.328    3  0.000  0.437     0.00     0.00     0.00     0.00     0.00 -1 -6.79e-10      0.00 6.901e-01 2.946e-01 2.180e-03 1.281e-03 6.657e-03 -1.000 1.527e-02 -1.432 2.883 1.144 -0.364 -1.233 -1.984 -3.047 -3.818 -3.997
0.0152 0.01508 9.90309 1.1016173363 2.4919515960    1.090  2.521  3.5920  1.275    3  0.000  0.437    11.96     8.69     6.09     4.68     3.80  4 -7.93e-10      0.00 6.901e-01 2.946e-01 2.180e-03 1.281e-03 6.658e-03 -1.000 1.527e-02 -1.533 2.881 1.104 -0.418 -1.302 -2.075 -3.155 -3.934 -4.119
0.0152 0.01508 9.90309 1.1016502380 2.4919571087    1.090  2.561  3.5887  1.221    3  0.000  0.437    13.37     9.57     6.68     5.14     4.18  4 -9.27e-10      0.00 6.901e-01 2.946e-01 2.180e-03 1.281e-03 6.658e-03 -1.000 1.527e-02 -1.633 2.878 1.067 -0.469 -1.368 -2.166 -3.263 -4.051 -4.241
0.0152 0.01508 9.90309 1.1016792059 2.4919619619    1.089  2.599  3.5854  1.170    3  0.000  0.437    14.87    10.50     7.30     5.63     4.57  3 -1.07e-09      0.00 6.901e-01 2.946e-01 2.180e-03 1.281e-03 6.658e-03 -1.000 1.527e-02 -1.728 2.876 1.039 -0.509 -1.424 -2.250 -3.366 -4.163 -4.358
0.0152 0.01508 9.90309 1.1017068624 2.4919665952    1.088  2.638  3.5821  1.117    3  0.000  0.437    16.57    11.54     7.98     6.17     5.01  3 -1.25e-09      0.00 6.901e-01 2.946e-01 2.180e-03 1.281e-03 6.658e-03 -1.000 1.527e-02 -1.825 2.875 1.010 -0.551 -1.482 -2.336 -3.471 -4.276 -4.476
0.0152 0.01508 9.90309 1.1017330885 2.4919709886    1.087  2.677  3.5788  1.065    3  0.000  0.437    18.48    12.69     8.74     6.76     5.49  3 -1.46e-09      0.00 6.901e-01 2.946e-01 2.180e-03 1.281e-03 6.658e-03 -1.000 1.527e-02 -1.922 2.871 0.983 -0.587 -1.536 -2.422 -3.577 -4.390 -4.596
0.0152 0.01508 9.90309 1.1017563343 2.4919748825    1.086  2.714  3.5754  1.014    3  0.000  0.437    20.53    13.91     9.54     7.39     6.01  3 -1.68e-09      0.00 6.901e-01 2.947e-01 2.180e-03 1.281e-03 6.658e-03 -1.000 1.527e-02 -2.014 2.868 0.967 -0.608 -1.575 -2.501 -3.678 -4.500 -4.710
0.0152 0.01508 9.90309 1.1017835140 2.4919794352    1.085  2.760  3.5711  0.950    3  0.000  0.437    23.43    15.61    10.65     8.26     6.72  3 -2.02e-09      0.00 6.901e-01 2.947e-01 2.180e-03 1.281e-03 6.658e-03 -1.000 1.527e-02 -2.129 2.870 0.953 -0.631 -1.624 -2.599 -3.805 -4.636 -4.854
0.0152 0.01508 9.90309 1.1018084288 2.4919836082    1.084  2.805  3.5667  0.887    3  0.000  0.437    26.69    17.49    11.87     9.23     7.50  3 -2.41e-09      0.00 6.901e-01 2.947e-01 2.180e-03 1.281e-03 6.658e-03 -1.000 1.527e-02 -2.243 2.869 0.951 -0.634 -1.657 -2.691 -3.931 -4.771 -4.995
0.0152 0.01508 9.90309 1.1018311977 2.4919874217    1.082  2.849  3.5624  0.825    3  0.000  0.437    30.37    19.57    13.21    10.29     8.37  3 -2.88e-09      0.00 6.901e-01 2.947e-01 2.180e-03 1.281e-03 6.658e-03 -1.000 1.527e-02 -2.354 2.868 0.955 -0.629 -1.683 -2.781 -4.055 -4.904 -5.135
0.0152 0.01508 9.90309 1.1018522978 2.4919909555    1.080  2.894  3.5581  0.762    3  0.000  0.437    34.55    21.89    14.71    11.47     9.33  2 -3.44e-09      0.00 6.901e-01 2.947e-01 2.180e-03 1.281e-03 6.658e-03 -1.000 1.527e-02 -2.464 2.867 0.970 -0.610 -1.700 -2.866 -4.179 -5.036 -5.275
0.0152 0.01508 9.90309 1.1018716097 2.4919941896    1.078  2.937  3.5537  0.700    3  0.000  0.437    39.25    24.46    16.35    12.78    10.40  2  -4.1e-09      0.00 6.901e-01 2.947e-01 2.180e-03 1.281e-03 6.658e-03 -1.000 1.527e-02 -2.573 2.864 0.998 -0.573 -1.705 -2.944 -4.300 -5.166 -5.412
0.0152 0.01508 9.90309 1.1018891335 2.4919971242    1.076  2.979  3.5493  0.640    3  0.000  0.437    44.44    27.26    18.13    14.19    11.55  2 -4.86e-09      0.00 6.901e-01 2.947e-01 2.180e-03 1.281e-03 6.658e-03 -1.000 1.527e-02 -2.677 2.864 1.032 -0.528 -1.703 -3.017 -4.418 -5.292 -5.545
0.0152 0.01508 9.90309 1.1019058228 2.4919999190    1.074  3.021  3.5448  0.579    3  0.000  0.437    50.41    30.42    20.13    15.78    12.85  2 -5.77e-09      0.00 6.901e-01 2.947e-01 2.180e-03 1.281e-03 6.658e-03 -1.000 1.527e-02 -2.782 2.863 1.089 -0.452 -1.683 -3.077 -4.538 -5.419 -5.680
0.0152 0.01508 9.90309 1.1019209623 2.4920024541    1.071  3.061  3.5403  0.520    3  0.000  0.437    57.03    33.87    22.31    17.52    14.27  2 -6.82e-09      0.00 6.901e-01 2.947e-01 2.180e-03 1.281e-03 6.658e-03 -1.000 1.527e-02 -2.884 2.864 1.149 -0.373 -1.659 -3.134 -4.654 -5.543 -5.811
0.0152 0.01508 9.90309 1.1019350290 2.4920048096    1.069  3.101  3.5358  0.461    3  0.000  0.437    64.44    37.66    24.69    19.42    15.82  2 -8.05e-09      0.00 6.901e-01 2.947e-01 2.180e-03 1.281e-03 6.658e-03 -1.000 1.527e-02 -2.984 2.865 1.236 -0.260 -1.616 -3.173 -4.769 -5.664 -5.941
0.0152 0.01508 9.90309 1.1019480228 2.4920069853    1.066  3.141  3.5312  0.402    3  0.000  0.437    72.78    41.86    27.31    21.51    17.53  2  -9.5e-09      0.00 6.901e-01 2.947e-01 2.180e-03 1.281e-03 6.658e-03 -1.000 1.527e-02 -3.082 2.869 1.331 -0.139 -1.567 -3.208 -4.884 -5.784 -6.070
0.0152 0.01508 9.90309 1.1019603014 2.4920090412    1.062  3.180  3.5267  0.343    3  0.000  0.437    82.10    46.48    30.18    23.81    19.41  2 -1.12e-08      0.00 6.901e-01 2.947e-01 2.180e-03 1.281e-03 6.658e-03 -1.000 1.527e-02 -3.179 2.871 1.448 0.008 -1.504 -3.221 -4.997 -5.902 -6.197
0.0152 0.01508 9.90309 1.1019715071 2.4920109174    1.059  3.217  3.5221  0.286    3  0.000  0.437    92.43    51.51    33.29    26.31    21.45  1 -1.31e-08      0.00 6.901e-01 2.947e-01 2.180e-03 1.281e-03 6.658e-03 -1.000 1.527e-02 -3.273 2.877 1.580 0.174 -1.429 -3.221 -5.106 -6.016 -6.321
0.0152 0.01508 9.90309 1.1019819975 2.4920126738    1.055  3.254  3.5175  0.229    3  0.000  0.436   104.01    57.07    36.70    29.06    23.69  1 -1.54e-08      0.00 6.901e-01 2.947e-01 2.180e-03 1.281e-03 6.658e-03 -1.000 1.527e-02 -3.366 2.885 1.737 0.375 -1.333 -3.196 -5.214 -6.129 -6.443
0.0152 0.01508 9.90309 1.1019918919 2.4920143304    1.050  3.291  3.5129  0.172    3  0.000  0.436   116.89    63.14    40.42    32.06    26.14  1  -1.8e-08      0.00 6.901e-01 2.947e-01 2.180e-03 1.281e-03 6.658e-03 -1.000 1.527e-02 -3.456 2.895 1.913 0.604 -1.218 -3.149 -5.320 -6.239 -6.563
0.0152 0.01508 9.90309 1.1020011902 2.4920158871    1.046  3.326  3.5083  0.117    3  0.000  0.436   131.15    69.75    44.45    35.31    28.80  1  -2.1e-08      0.00 6.901e-01 2.947e-01 2.180e-03 1.281e-03 6.658e-03 -1.000 1.527e-02 -3.545 2.902 2.074 0.813 -1.113 -3.105 -5.423 -6.347 -6.681
0.0152 0.01508 9.90309 1.1020100117 2.4920173640    1.040  3.361  3.5037  0.061    3  0.000  0.436   147.13    77.04    48.87    38.89    31.72  1 -2.46e-08      0.00 6.901e-01 2.947e-01 2.180e-03 1.281e-03 6.658e-03 -1.000 1.527e-02 -3.632 2.904 2.219 1.002 -1.018 -3.059 -5.526 -6.454 -6.796
0.0152 0.01508 9.90309 1.1020207405 2.4920191602    1.033  3.402  3.4984 -0.004    3  0.000  0.436   168.23    86.48    54.56    43.50    35.50  1 -2.96e-08      0.00 6.901e-01 2.947e-01 2.180e-03 1.281e-03 6.658e-03 -1.000 1.527e-02 -3.734 2.910 2.395 1.223 -0.904 -2.996 -5.644 -6.578 -6.931
0.0152 0.01508 9.90309 1.1020207405 2.4920191602    1.032  1.695  3.6679  2.381    4  0.000  0.455     0.00     0.00     0.00     0.00     0.00 -1    -1e-30      0.00 6.922e-01 2.927e-01 2.266e-03 1.168e-03 6.639e-03 -1.000 1.516e-02 0.533 3.048 2.039 0.959 0.328 -0.174 -0.918 -1.511 -1.596
0.0152 0.01508 9.90309 1.1021342278 2.4920381574    1.033  1.703  3.6673  2.370    4  0.000  0.455     0.00     0.00     0.00     0.00     0.00 -1    -1e-30      0.00 6.921e-01 2.927e-01 2.265e-03 1.168e-03 6.639e-03 -1.000 1.516e-02 0.512 3.044 2.026 0.942 0.309 -0.195 -0.942 -1.536 -1.621
0.0152 0.01508 9.90309 1.1022506952 2.4920576487    1.033  1.707  3.6671  2.365    4  0.000  0.455     0.00     0.00     0.00     0.00     0.00 -1    -1e-30      0.00 6.921e-01 2.927e-01 2.265e-03 1.169e-03 6.639e-03 -1.000 1.516e-02 0.502 3.040 2.019 0.933 0.300 -0.205 -0.952 -1.547 -1.632
0.0152 0.01508 9.90309 1.1023684740 2.4920773547    1.033  1.707  3.6674  2.366    4  0.000  0.455     0.00     0.00     0.00     0.00     0.00 -1    -1e-30      0.00 6.921e-01 2.927e-01 2.265e-03 1.169e-03 6.639e-03 -1.000 1.516e-02 0.502 3.035 2.017 0.932 0.300 -0.204 -0.951 -1.545 -1.630
0.0152 0.01508 9.90309 1.1024874449 2.4920972553    1.033  1.705  3.6678  2.370    4  0.000  0.455     0.00     0.00     0.00     0.00     0.00 -1    -1e-30      0.00 6.921e-01 2.927e-01 2.265e-03 1.169e-03 6.639e-03 -1.000 1.516e-02 0.508 3.030 2.017 0.935 0.303 -0.200 -0.945 -1.537 -1.622
0.0152 0.01508 9.90309 1.1026084423 2.4921174897    1.033  1.702  3.6683  2.375    4  0.000  0.455     0.00     0.00     0.00     0.00     0.00 -1    -1e-30      0.00 6.921e-01 2.927e-01 2.265e-03 1.169e-03 6.639e-03 -1.000 1.516e-02 0.514 3.024 2.018 0.938 0.309 -0.193 -0.937 -1.528 -1.612
0.0152 0.01508 9.90309 1.1027280092 2.4921374799    1.033  1.700  3.6688  2.380    4  0.000  0.455     0.00     0.00     0.00     0.00     0.00 -1    -1e-30      0.00 6.921e-01 2.927e-01 2.265e-03 1.170e-03 6.639e-03 -1.000 1.516e-02 0.521 3.018 2.018 0.941 0.314 -0.187 -0.928 -1.518 -1.602
0.0152 0.01508 9.90309 1.1028472185 2.4921574054    1.033  1.697  3.6693  2.384    4  0.000  0.455     0.00     0.00     0.00     0.00     0.00 -1    -1e-30      0.00 6.921e-01 2.927e-01 2.264e-03 1.170e-03 6.639e-03 -1.000 1.516e-02 0.528 3.012 2.019 0.945 0.319 -0.181 -0.920 -1.508 -1.592
0.0152 0.01508 9.90309 1.1029673815 2.4921774853    1.034  1.694  3.6697  2.389    4  0.000  0.455     0.00     0.00     0.00     0.00     0.00 -1    -1e-30      0.00 6.921e-01 2.927e-01 2.264e-03 1.170e-03 6.639e-03 -1.000 1.516e-02 0.534 3.006 2.020 0.948 0.324 -0.175 -0.912 -1.499 -1.583
0.0152 0.01508 9.90309 1.1030836105 2.4921969030    1.034  1.692  3.6702  2.393    4  0.000  0.455     0.00     0.00     0.00     0.00     0.00 -1    -1e-30      0.00 6.921e-01 2.927e-01 2.264e-03 1.170e-03 6.639e-03 -1.000 1.516e-02 0.540 3.002 2.020 0.951 0.328 -0.170 -0.905 -1.491 -1.574
0.0152 0.01508 9.90309 1.1032063961 2.4922174109    1.034  1.690  3.6706  2.397    4  0.000  0.455     0.00     0.00     0.00     0.00     0.00 -1    -1e-30      0.00 6.921e-01 2.927e-01 2.264e-03 1.170e-03 6.639e-03 -1.000 1.516e-02 0.545 2.997 2.021 0.953 0.332 -0.165 -0.899 -1.483 -1.567
0.0152 0.01508 9.90309 1.1033229828 2.4922368786    1.034  1.689  3.6709  2.400    4  0.000  0.455     0.00     0.00     0.00     0.00     0.00 -1    -1e-30      0.00 6.921e-01 2.927e-01 2.264e-03 1.171e-03 6.639e-03 -1.000 1.516e-02 0.549 2.993 2.021 0.955 0.335 -0.161 -0.894 -1.477 -1.560
0.0152 0.01508 9.90309 1.1034381390 2.4922561029    1.034  1.687  3.6712  2.402    4  0.000  0.455     0.00     0.00     0.00     0.00     0.00 -1    -1e-30      0.00 6.921e-01 2.927e-01 2.264e-03 1.171e-03 6.639e-03 -1.000 1.516e-02 0.552 2.989 2.021 0.957 0.338 -0.158 -0.890 -1.472 -1.555
0.0152 0.01508 9.90309 1.1035655737 2.4922773715    1.034  1.686  3.6715  2.405    4  0.000  0.455     0.00     0.00     0.00     0.00     0.00 -1    -1e-30      0.00 6.921e-01 2.927e-01 2.263e-03 1.171e-03 6.639e-03 -1.000 1.516e-02 0.555 2.985 2.021 0.958 0.340 -0.155 -0.885 -1.466 -1.549
0.0152 0.01508 9.90309 1.1036622524 2.4922935032    1.034  1.685  3.6717  2.407    4  0.000  0.454     0.00     0.00     0.00     0.00     0.00 -1    -1e-30      0.00 6.921e-01 2.928e-01 2.263e-03 1.171e-03 6.639e-03 -1.000 1.516e-02 0.558 2.982 2.020 0.959 0.342 -0.152 -0.882 -1.463 -1.546
0.0152 0.01508 9.90309 1.1036901474 2.4922981572    1.034  1.685  3.6718  2.407    4  0.000  0.454     0.00     0.00     0.00     0.00     0.00 -1    -1e-30      0.00 6.921e-01 2.928e-01 2.263e-03 1.171e-03 6.639e-03 -1.000 1.516e-02 0.558 2.981 2.020 0.959 0.342 -0.152 -0.882 -1.462 -1.545
0.0152 0.01508 9.90309 1.1038150787 2.4923189971    1.035  1.684  3.6720  2.409    4  0.000  0.454     0.00     0.00     0.00     0.00     0.00 -1    -1e-30      0.00 6.921e-01 2.928e-01 2.263e-03 1.172e-03 6.639e-03 -1.000 1.516e-02 0.560 2.977 2.019 0.960 0.343 -0.150 -0.879 -1.459 -1.541
0.0152 0.01508 9.90309 1.1039357185 2.4923391160    1.035  1.683  3.6722  2.410    4  0.000  0.454     0.00     0.00     0.00     0.00     0.00 -1    -1e-30      0.00 6.921e-01 2.928e-01 2.263e-03 1.172e-03 6.639e-03 -1.000 1.516e-02 0.562 2.974 2.019 0.960 0.344 -0.149 -0.877 -1.456 -1.538
0.0152 0.01508 9.90309 1.1040472984 2.4923577195    1.035  1.683  3.6724  2.411    4  0.000  0.454     0.00     0.00     0.00     0.00     0.00 -1    -1e-30      0.00 6.921e-01 2.928e-01 2.263e-03 1.172e-03 6.640e-03 -1.000 1.516e-02 0.562 2.971 2.018 0.960 0.345 -0.148 -0.876 -1.454 -1.537
0.0152 0.01508 9.90309 1.1041703224 2.4923782260    1.035  1.683  3.6725  2.412    4  0.000  0.454     0.00     0.00     0.00     0.00     0.00 -1    -1e-30      0.00 6.921e-01 2.928e-01 2.263e-03 1.172e-03 6.640e-03 -1.000 1.516e-02 0.562 2.968 2.016 0.959 0.344 -0.148 -0.875 -1.453 -1.536
0.0152 0.01508 9.90309 1.1042879820 2.4923978334    1.035  1.683  3.6726  2.412    4  0.000  0.454     0.00     0.00     0.00     0.00     0.00 -1    -1e-30      0.00 6.921e-01 2.928e-01 2.263e-03 1.172e-03 6.640e-03 -1.000 1.516e-02 0.561 2.965 2.014 0.958 0.343 -0.149 -0.876 -1.454 -1.536
0.0152 0.01508 9.90309 1.1044086218 2.4924179325    1.035  1.684  3.6726  2.411    4  0.000  0.454     0.00     0.00     0.00     0.00     0.00 -1    -1e-30      0.00 6.921e-01 2.928e-01 2.262e-03 1.173e-03 6.640e-03 -1.000 1.516e-02 0.559 2.963 2.012 0.956 0.341 -0.151 -0.878 -1.456 -1.538
0.0152 0.01508 9.90309 1.1045295000 2.4924380663    1.035  1.685  3.6726  2.410    4  0.000  0.454     0.00     0.00     0.00     0.00     0.00 -1    -1e-30      0.00 6.921e-01 2.928e-01 2.262e-03 1.173e-03 6.640e-03 -1.000 1.516e-02 0.556 2.961 2.010 0.953 0.338 -0.154 -0.881 -1.459 -1.541
0.0152 0.01508 9.90309 1.1045758724 2.4924457888    1.036  1.686  3.6726  2.409    4  0.000  0.454     0.00     0.00     0.00     0.00     0.00 -1    -1e-30      0.00 6.921e-01 2.928e-01 2.262e-03 1.173e-03 6.640e-03 -1.000 1.516e-02 0.555 2.960 2.008 0.951 0.337 -0.156 -0.883 -1.460 -1.543
0.0152 0.01508 9.90309 1.1046901941 2.4924648240    1.036  1.688  3.6725  2.407    4  0.000  0.454     0.00     0.00     0.00     0.00     0.00 -1    -1e-30      0.00 6.920e-01 2.928e-01 2.262e-03 1.173e-03 6.640e-03 -1.000 1.516e-02 0.550 2.958 2.005 0.947 0.332 -0.160 -0.887 -1.466 -1.548
0.0152 0.01508 9.90309 1.1048029661 2.4924835967    1.036  1.690  3.6723  2.405    4  0.000  0.454     0.00     0.00     0.00     0.00     0.00 -1    -1e-30      0.00 6.920e-01 2.928e-01 2.262e-03 1.173e-03 6.640e-03 -1.000 1.516e-02 0.545 2.957 2.001 0.943 0.327 -0.166 -0.894 -1.472 -1.555
0.0152 0.01508 9.90309 1.1049153805 2.4925023055    1.036  1.693  3.6721  2.401    4  0.000  0.454     0.00     0.00     0.00     0.00     0.00 -1    -1e-30      0.00 6.920e-01 2.928e-01 2.262e-03 1.174e-03 6.640e-03 -1.000 1.516e-02 0.538 2.955 1.997 0.937 0.321 -0.173 -0.901 -1.481 -1.563
0.0152 0.01508 9.90309 1.1050305367 2.4925214661    1.036  1.697  3.6718  2.396    4  0.000  0.454     0.00     0.00     0.00     0.00     0.00 -1    -1e-30      0.00 6.920e-01 2.928e-01 2.262e-03 1.174e-03 6.640e-03 -1.000 1.516e-02 0.529 2.954 1.992 0.930 0.312 -0.182 -0.911 -1.491 -1.574
0.0152 0.01508 9.90309 1.1051440239 2.4925403444    1.036  1.701  3.6715  2.391    4  0.000  0.454     0.00     0.00     0.00     0.00     0.00 -1    -1e-30      0.00 6.920e-01 2.928e-01 2.261e-03 1.174e-03 6.640e-03 -1.000 1.516e-02 0.518 2.953 1.986 0.921 0.303 -0.192 -0.923 -1.504 -1.587
0.0152 0.01508 9.90309 1.1052575111 2.4925592183    1.036  1.706  3.6710  2.384    4  0.000  0.454     0.00     0.00     0.00     0.00     0.00 -1    -1e-30      0.00 6.920e-01 2.928e-01 2.261e-03 1.174e-03 6.640e-03 -1.000 1.516e-02 0.506 2.952 1.978 0.912 0.292 -0.204 -0.937 -1.519 -1.602
0.0152 0.01508 9.90309 1.1053704023 2.4925779887    1.037  1.712  3.6704  2.376    4  0.000  0.454     0.00     0.00     0.00     0.00     0.00 -1    -1e-30      0.00 6.920e-01 2.928e-01 2.261e-03 1.174e-03 6.640e-03 -1.000 1.516e-02 0.490 2.951 1.970 0.899 0.278 -0.219 -0.954 -1.538 -1.622
0.0152 0.01508 9.90309 1.1054824591 2.4925966160    1.037  1.719  3.6697  2.365    4  0.000  0.454     0.00     0.00     0.00     0.00     0.00 -1    -1e-30      0.00 6.920e-01 2.928e-01 2.261e-03 1.175e-03 6.640e-03 -1.000 1.516e-02 0.471 2.950 1.959 0.885 0.261 -0.238 -0.976 -1.562 -1.646
0.0152 0.01508 9.90309 1.1055973768 2.4926157143    1.037  1.729  3.6688  2.352    4  0.000  0.454     0.00     0.00     0.00     0.00     0.00 -1    -1e-30      0.00 6.920e-01 2.928e-01 2.261e-03 1.175e-03 6.640e-03 -1.000 1.516e-02 0.448 2.951 1.948 0.868 0.241 -0.260 -1.001 -1.590 -1.674
0.0152 0.01508 9.90309 1.1057138443 2.4926350656    1.037  1.737  3.6681  2.341    4  0.000  0.454     0.00     0.00     0.00     0.00     0.00 -1    -1e-30      0.00 6.920e-01 2.928e-01 2.261e-03 1.175e-03 6.640e-03 -1.000 1.516e-02 0.427 2.950 1.936 0.851 0.221 -0.281 -1.025 -1.616 -1.701
0.0152 0.01508 9.90309 1.1058293581 2.4926542537    1.037  1.765  3.6655  2.303    4  0.000  0.454     0.00     0.00     0.00     0.00     0.00 -1    -1e-30      0.00 6.920e-01 2.928e-01 2.260e-03 1.175e-03 6.640e-03 -1.000 1.516e-02 0.357 2.948 1.898 0.799 0.160 -0.348 -1.102 -1.701 -1.787
0.0152 0.01508 9.90309 1.1059191227 2.4926691614    1.037  1.802  3.6621  2.252    4  0.000  0.454     0.00     0.00     0.00     0.00     0.00 -1    -1e-30      0.00 6.920e-01 2.928e-01 2.260e-03 1.175e-03 6.640e-03 -1.000 1.516e-02 0.264 2.946 1.848 0.728 0.077 -0.439 -1.206 -1.814 -1.903
0.0152 0.01508 9.90309 1.1059638262 2.4926765846    1.037  1.840  3.6587  2.201    4  0.000  0.454     0.00     0.00     0.00     0.00     0.00 -1    -1e-30      0.00 6.920e-01 2.928e-01 2.260e-03 1.176e-03 6.640e-03 -1.000 1.516e-02 0.171 2.947 1.799 0.658 -0.005 -0.529 -1.309 -1.928 -2.019
0.0152 0.01508 9.90309 1.1059888601 2.4926807412    1.037  1.879  3.6551  2.147    4  0.000  0.454     0.00     0.00     0.00     0.00     0.00 -1    -1e-30      0.00 6.920e-01 2.928e-01 2.260e-03 1.176e-03 6.640e-03 -1.000 1.516e-02 0.072 2.949 1.748 0.586 -0.091 -0.623 -1.418 -2.047 -2.140
0.0152 0.01508 9.90309 1.1060012579 2.4926827997    1.037  1.916  3.6518  2.098    4  0.000  0.454     0.00     0.00     0.00     0.00     0.00 -1    -1e-30      0.00 6.920e-01 2.928e-01 2.260e-03 1.176e-03 6.640e-03 -1.000 1.516e-02 -0.019 2.950 1.701 0.518 -0.171 -0.712 -1.519 -2.158 -2.254
0.0152 0.01508 9.90309 1.1060079336 2.4926839080    1.037  1.954  3.6484  2.045    4  0.000  0.454     0.00     0.00     0.00     0.00     0.00 -1    -1e-30      0.00 6.920e-01 2.928e-01 2.260e-03 1.176e-03 6.640e-03 -1.000 1.516e-02 -0.115 2.954 1.653 0.448 -0.254 -0.803 -1.625 -2.274 -2.372
0.0152 0.01508 9.90309 1.1060117483 2.4926845414    1.037  1.991  3.6452  1.995    4  0.000  0.454     0.00     0.00     0.00     0.00     0.00 -1    -1e-30      0.00 6.920e-01 2.928e-01 2.260e-03 1.176e-03 6.640e-03 -1.000 1.516e-02 -0.208 2.957 1.607 0.382 -0.332 -0.891 -1.726 -2.385 -2.486
0.0152 0.01508 9.90309 1.1060143709 2.4926849768    1.037  2.028  3.6419  1.945    4  0.000  0.454     0.00     0.00     0.00     0.00     0.00 -1    -1e-30      0.00 6.920e-01 2.928e-01 2.260e-03 1.176e-03 6.640e-03 -1.000 1.516e-02 -0.301 2.940 1.562 0.312 -0.412 -0.978 -1.826 -2.491 -2.596
0.0152 0.01508 9.90309 1.1060156822 2.4926851945    1.037  2.054  3.6397  1.911    7  0.000  0.454     0.00     0.00     0.00     0.00     0.00 -1    -1e-30      0.00 6.920e-01 2.928e-01 2.260e-03 1.176e-03 6.640e-03 -1.000 1.516e-02 -0.364 2.926 1.531 0.265 -0.465 -1.037 -1.894 -2.562 -2.671
0.0152 0.01508 9.90309 1.1060162783 2.4926852935    1.037  2.065  3.6387  1.896    7  0.000  0.454     0.00     0.00     0.00     0.00     0.00 -1    -1e-30      0.00 6.920e-01 2.928e-01 2.260e-03 1.176e-03 6.640e-03 -1.000 1.516e-02 -0.393 2.919 1.517 0.244 -0.489 -1.064 -1.925 -2.595 -2.705
0.0152 0.01508 9.90309 1.1060181856 2.4926856102    1.037  2.108  3.6351  1.839    7  0.000  0.454     0.00     0.00     0.00     0.00     0.00 -1    -1e-30      0.00 6.920e-01 2.928e-01 2.260e-03 1.176e-03 6.640e-03 -1.000 1.516e-02 -0.499 2.894 1.465 0.166 -0.577 -1.161 -2.038 -2.715 -2.830
0.0152 0.01508 9.90309 1.1060198545 2.4926858873    1.037  2.145  3.6320  1.789    7  0.000  0.454     0.00     0.00     0.00     0.00     0.00 -1    -1e-30      0.00 6.920e-01 2.928e-01 2.260e-03 1.176e-03 6.640e-03 -1.000 1.516e-02 -0.592 2.870 1.418 0.097 -0.654 -1.247 -2.137 -2.819 -2.940
0.0152 0.01508 9.90309 1.1060215235 2.4926861643    1.037  2.172  3.6296  1.752    7  0.000  0.454     0.00     0.00     0.00     0.00     0.00 -1    -1e-30      0.00 6.920e-01 2.928e-01 2.260e-03 1.176e-03 6.640e-03 -1.000 1.516e-02 -0.661 2.849 1.383 0.046 -0.711 -1.310 -2.210 -2.896 -3.021
0.0152 0.01508 9.90309 1.1060233116 2.4926864612    1.037  2.191  3.6280  1.727    7  0.000  0.454     0.00     0.00     0.00     0.00     0.00 -1    -1e-30      0.00 6.920e-01 2.928e-01 2.260e-03 1.176e-03 6.640e-03 -1.000 1.516e-02 -0.708 2.834 1.359 0.012 -0.748 -1.353 -2.260 -2.949 -3.077
0.0152 0.01508 9.90309 1.1060281992 2.4926872727    1.037  2.171  3.6298  1.754    7  0.000  0.454     0.00     0.00     0.00     0.00     0.00 -1    -1e-30      0.00 6.920e-01 2.928e-01 2.260e-03 1.176e-03 6.640e-03 -1.000 1.516e-02 -0.657 2.849 1.383 0.048 -0.708 -1.307 -2.206 -2.892 -3.016
0.0152 0.01508 9.90309 1.1060316563 2.4926878466    1.037  2.145  3.6320  1.789    7  0.000  0.454     0.00     0.00     0.00     0.00     0.00 -1    -1e-30      0.00 6.920e-01 2.928e-01 2.260e-03 1.176e-03 6.640e-03 -1.000 1.516e-02 -0.593 2.866 1.416 0.095 -0.655 -1.248 -2.137 -2.819 -2.940
0.0152 0.01508 9.90309 1.1060392857 2.4926891132    1.037  2.113  3.6348  1.832    7  0.000  0.454     0.00     0.00     0.00     0.00     0.00 -1 -1.66e-30      0.00 6.920e-01 2.928e-01 2.260e-03 1.176e-03 6.640e-03 -1.000 1.517e-02 -0.513 2.888 1.456 0.155 -0.588 -1.174 -2.052 -2.729 -2.845
0.0152 0.01508 9.90309 1.1060550213 2.4926917256    1.037  2.102  3.6357  1.847    7  0.000  0.454     0.00     0.00     0.00     0.00     0.00 -1 -6.92e-28      0.00 6.920e-01 2.927e-01 2.260e-03 1.176e-03 6.640e-03 -1.000 1.532e-02 -0.484 2.895 1.471 0.176 -0.565 -1.148 -2.022 -2.698 -2.812
0.0152 0.01508 9.90309 1.1061390638 2.4927056766    1.037  2.125  3.6336  1.816    7  0.000  0.454     0.00     0.00     0.00     0.00     0.00 -1 -5.82e-10      0.00 6.920e-01 2.917e-01 2.260e-03 1.176e-03 6.640e-03 -1.000 1.631e-02 -0.542 2.883 1.444 0.135 -0.612 -1.200 -2.083 -2.763 -2.881
0.0152 0.01508 9.90309 1.1061940193 2.4927147978    1.036  2.169  3.6298  1.755    7  0.000  0.454     0.00     0.00     0.00     0.00     0.00 -1 -7.32e-10      0.00 6.920e-01 2.917e-01 2.260e-03 1.176e-03 6.640e-03 -1.000 1.631e-02 -0.653 2.854 1.388 0.052 -0.704 -1.303 -2.202 -2.888 -3.013
0.0152 0.01508 9.90309 1.1062405109 2.4927225135    1.035  2.212  3.6261  1.697    7  0.000  0.454     0.00     0.00     0.00     0.00     0.00 -1  -9.1e-10      0.00 6.920e-01 2.917e-01 2.260e-03 1.176e-03 6.640e-03 -1.000 1.631e-02 -0.760 2.820 1.334 -0.025 -0.789 -1.400 -2.316 -3.008 -3.139
0.0152 0.01508 9.90309 1.1062802076 2.4927291008    1.034  2.255  3.6224  1.639    7  0.000  0.454     0.00     0.00     0.00     0.00     0.00 -1 -1.14e-09      0.00 6.920e-01 2.917e-01 2.260e-03 1.176e-03 6.641e-03 -1.000 1.631e-02 -0.868 2.784 1.279 -0.102 -0.876 -1.497 -2.430 -3.129 -3.266
0.0152 0.01508 9.90309 1.1063133478 2.4927345998    1.033  2.298  3.6188  1.582    7  0.000  0.454     0.00     0.00     0.00     0.00     0.00 -1 -1.41e-09      0.00 6.920e-01 2.917e-01 2.260e-03 1.176e-03 6.641e-03 -1.000 1.631e-02 -0.974 2.746 1.223 -0.178 -0.960 -1.593 -2.542 -3.247 -3.392
0.0152 0.01508 9.90309 1.1063413620 2.4927392479    1.032  2.339  3.6152  1.526    7  0.000  0.454     0.00     0.00     0.00     0.00     0.00 -1 -1.75e-09      0.00 6.920e-01 2.917e-01 2.260e-03 1.176e-03 6.641e-03 -1.000 1.631e-02 -1.077 2.708 1.171 -0.250 -1.039 -1.684 -2.650 -3.362 -3.514
0.0152 0.01508 9.90309 1.1063659191 2.4927433222    1.031  2.380  3.6117  1.470    7  0.000  0.454     0.00     0.00     0.00     0.00     0.00 -1 -2.14e-09      0.00 6.920e-01 2.917e-01 2.260e-03 1.176e-03 6.641e-03 -1.000 1.631e-02 -1.180 2.697 1.123 -0.317 -1.119 -1.777 -2.760 -3.480 -3.639
0.0152 0.01508 9.90309 1.1063874960 2.4927469018    1.029  2.421  3.6081  1.414    7  0.000  0.454     0.00     0.00     0.00     0.00     0.00 -1 -2.64e-09      0.00 6.920e-01 2.917e-01 2.260e-03 1.176e-03 6.641e-03 -1.000 1.631e-02 -1.283 2.708 1.082 -0.378 -1.195 -1.871 -2.871 -3.601 -3.765
0.0152 0.01508 9.90309 1.1064068079 2.4927501056    1.028  2.462  3.6045  1.358    7  0.000  0.454     0.00     0.00     0.00     0.00     0.00 -1 -3.24e-09      0.00 6.920e-01 2.917e-01 2.260e-03 1.176e-03 6.641e-03 -1.000 1.631e-02 -1.384 2.718 1.043 -0.437 -1.269 -1.963 -2.980 -3.721 -3.889
0.0152 0.01508 9.90309 1.1064245701 2.4927530521    1.026  2.503  3.6009  1.302    7  0.000  0.454    11.06     8.14     5.71     4.40     3.57  4 -3.96e-09      0.00 6.920e-01 2.917e-01 2.260e-03 1.176e-03 6.641e-03 -1.000 1.631e-02 -1.486 2.731 1.005 -0.496 -1.343 -2.055 -3.090 -3.841 -4.015
0.0152 0.01508 9.90309 1.1064411402 2.4927558008    1.024  2.543  3.5972  1.246    7  0.000  0.454    12.43     9.01     6.29     4.85     3.94  3 -4.82e-09      0.00 6.920e-01 2.917e-01 2.259e-03 1.177e-03 6.641e-03 -1.000 1.630e-02 -1.588 2.740 0.971 -0.548 -1.411 -2.147 -3.201 -3.962 -4.141
0.0152 0.01508 9.90309 1.1064566374 2.4927583715    1.022  2.584  3.5917  1.183    7  0.000  0.453    14.17    10.09     7.01     5.42     4.40  3 -5.92e-09      0.00 6.920e-01 2.917e-01 2.258e-03 1.177e-03 6.641e-03 -1.000 1.629e-02 -1.689 2.789 0.968 -0.571 -1.459 -2.232 -3.314 -4.091 -4.278
0.0152 0.01508 9.90309 1.1064678431 2.4927602302    1.021  2.614  3.5863  1.130    7  0.000  0.453    15.82    11.10     7.68     5.94     4.83  3 -6.83e-09      0.00 6.920e-01 2.917e-01 2.256e-03 1.179e-03 6.641e-03 -1.000 1.629e-02 -1.766 2.850 0.993 -0.562 -1.474 -2.291 -3.403 -4.195 -4.390
0.0152 0.01508 9.90309 1.1064817905 2.4927625436    1.018  2.655  3.5820  1.071    7  0.000  0.452    17.86    12.34     8.49     6.58     5.35  3 -8.34e-09      0.00 6.920e-01 2.917e-01 2.252e-03 1.182e-03 6.641e-03 -1.000 1.629e-02 -1.867 2.867 0.978 -0.591 -1.524 -2.378 -3.514 -4.318 -4.519
0.0152 0.01508 9.90309 1.1064949036 2.4927647186    1.015  2.695  3.5780  1.013    7  0.000  0.451    20.12    13.68     9.37     7.28     5.91  3 -1.01e-08      0.00 6.920e-01 2.917e-01 2.245e-03 1.189e-03 6.641e-03 -1.000 1.629e-02 -1.967 2.874 0.963 -0.616 -1.570 -2.464 -3.624 -4.438 -4.646
0.0152 0.01508 9.90309 1.1065071821 2.4927667551    1.011  2.735  3.5739  0.956    7  0.000  0.449    22.66    15.16    10.34     8.04     6.53  3 -1.23e-08      0.00 6.920e-01 2.917e-01 2.238e-03 1.197e-03 6.641e-03 -1.000 1.629e-02 -2.066 2.883 0.958 -0.628 -1.606 -2.547 -3.735 -4.558 -4.772
0.0152 0.01508 9.90309 1.1065186262 2.4927686532    1.008  2.775  3.5696  0.896    7  0.000  0.448    25.62    16.87    11.45     8.92     7.25  3  -1.5e-08      0.00 6.920e-01 2.917e-01 2.233e-03 1.205e-03 6.641e-03 -1.000 1.629e-02 -2.168 2.895 0.957 -0.637 -1.640 -2.632 -3.848 -4.682 -4.902
0.0152 0.01508 9.90309 1.1065273285 2.4927700965    1.004  2.816  3.5653  0.837    7  0.000  0.447    28.98    18.77    12.68     9.89     8.04  2 -1.82e-08      0.00 6.920e-01 2.917e-01 2.227e-03 1.212e-03 6.641e-03 -1.000 1.628e-02 -2.270 2.901 0.969 -0.623 -1.657 -2.712 -3.964 -4.805 -5.033
0.0152 0.01508 9.90309 1.1065332890 2.4927710850    1.001  2.855  3.5610  0.779    7  0.000  0.446    32.66    20.82    14.00    10.94     8.89  2 -2.18e-08      0.00 6.920e-01 2.917e-01 2.222e-03 1.217e-03 6.641e-03 -1.000 1.628e-02 -2.368 2.910 0.985 -0.605 -1.671 -2.788 -4.074 -4.925 -5.159
0.0152 0.01508 9.90309 1.1065378189 2.4927718363    0.998  2.893  3.5567  0.723    7  0.000  0.445    36.72    23.04    15.42    12.07     9.81  2 -2.63e-08      0.00 6.920e-01 2.917e-01 2.218e-03 1.223e-03 6.641e-03 -1.000 1.628e-02 -2.463 2.917 1.018 -0.563 -1.668 -2.856 -4.182 -5.042 -5.283
0.0152 0.01508 9.90309 1.1065419912 2.4927725283    0.995  2.932  3.5522  0.665    7  0.000  0.444    41.40    25.56    17.02    13.35    10.86  2 -3.13e-08      0.00 6.920e-01 2.917e-01 2.214e-03 1.227e-03 6.641e-03 -1.000 1.628e-02 -2.560 2.924 1.059 -0.512 -1.659 -2.922 -4.292 -5.161 -5.409
0.0152 0.01508 9.90309 1.1065458059 2.4927731609    0.992  2.971  3.5476  0.606    7  0.000  0.444    46.80    28.42    18.84    14.80    12.04  2 -3.73e-08      0.00 6.920e-01 2.917e-01 2.211e-03 1.231e-03 6.641e-03 -1.000 1.628e-02 -2.658 2.932 1.117 -0.439 -1.636 -2.980 -4.405 -5.281 -5.538
0.0152 0.01508 9.90309 1.1065493822 2.4927737540    0.988  3.009  3.5430  0.548    7  0.000  0.443    52.71    31.50    20.78    16.35    13.30  2 -4.45e-08      0.00 6.920e-01 2.917e-01 2.209e-03 1.233e-03 6.641e-03 -1.000 1.628e-02 -2.752 2.940 1.185 -0.350 -1.603 -3.029 -4.513 -5.397 -5.661
0.0152 0.01508 9.90309 1.1065529585 2.4927743471    0.984  3.048  3.5380  0.487    7  0.000  0.443    59.85    35.15    23.07    18.18    14.80  2 -5.33e-08      0.00 6.920e-01 2.917e-01 2.207e-03 1.235e-03 6.641e-03 -1.000 1.628e-02 -2.850 2.952 1.277 -0.232 -1.553 -3.069 -4.628 -5.520 -5.793
0.0152 0.01508 9.90309 1.1065566540 2.4927749600    0.978  3.088  3.5327  0.423    7  0.000  0.443    68.29    39.38    25.71    20.31    16.53  2 -6.37e-08      0.00 6.920e-01 2.917e-01 2.207e-03 1.236e-03 6.641e-03 -1.000 1.628e-02 -2.950 2.966 1.400 -0.078 -1.482 -3.096 -4.746 -5.645 -5.928
0.0152 0.01508 9.90309 1.1065603495 2.4927755728    0.971  3.124  3.5277  0.364    7  0.000  0.443    77.16    43.75    28.43    22.49    18.31  1 -7.65e-08      0.00 6.920e-01 2.917e-01 2.207e-03 1.236e-03 6.641e-03 -1.000 1.628e-02 -3.041 2.982 1.533 0.088 -1.403 -3.103 -4.854 -5.759 -6.051
0.0152 0.01508 9.90309 1.1065645218 2.4927762648    0.963  3.161  3.5225  0.303    7  0.000  0.443    87.59    48.78    31.53    24.99    20.36  1 -9.19e-08      0.00 6.920e-01 2.917e-01 2.207e-03 1.236e-03 6.641e-03 -1.000 1.628e-02 -3.132 3.001 1.700 0.294 -1.302 -3.086 -4.964 -5.873 -6.177
0.0152 0.01508 9.90309 1.1065688133 2.4927769765    0.951  3.196  3.5171  0.240    7  0.000  0.443    99.59    54.45    35.01    27.81    22.65  1 -1.09e-07      0.00 6.920e-01 2.917e-01 2.207e-03 1.236e-03 6.641e-03 -1.000 1.628e-02 -3.221 3.026 1.898 0.545 -1.171 -3.038 -5.071 -5.986 -6.301
0.0152 0.01508 9.90309 1.1065714359 2.4927774114    0.943  3.222  3.5133  0.196    7  0.000  0.443   108.98    58.81    37.68    29.97    24.41  1 -1.25e-07      0.00 6.920e-01 2.917e-01 2.207e-03 1.236e-03 6.641e-03 -1.000 1.628e-02 -3.284 3.045 2.053 0.744 -1.065 -2.989 -5.145 -6.065 -6.388
0.0152 0.01508 9.90309 1.1065719128 2.4927774905    0.942  3.236  3.5112  0.172    7  0.000  0.443   114.61    61.41    39.27    31.26    25.47  1 -1.34e-07      0.00 6.920e-01 2.917e-01 2.207e-03 1.236e-03 6.641e-03 -1.000 1.628e-02 -3.321 3.053 2.138 0.853 -1.008 -2.963 -5.189 -6.112 -6.439
0.0152 0.01508 9.90309 1.1065728664 2.4927776486    0.938  3.173  3.5194  0.267    7  0.000  0.443    93.97    51.72    33.32    26.46    21.55  1 -1.04e-07      0.00 6.920e-01 2.917e-01 2.207e-03 1.236e-03 6.641e-03 -1.000 1.628e-02 -3.163 3.036 1.827 0.448 -1.213 -3.047 -5.005 -5.918 -6.228
0.0152 0.01508 9.90309 1.1065729856 2.4927776684    0.938  3.156  3.5217  0.293    7  0.000  0.443    88.92    49.31    31.84    25.27    20.57  1 -9.71e-08      0.00 6.920e-01 2.917e-01 2.207e-03 1.236e-03 6.641e-03 -1.000 1.628e-02 -3.120 3.030 1.750 0.350 -1.262 -3.058 -4.955 -5.865 -6.170
0.0152 0.01508 9.90309 1.1065731049 2.4927776881    0.938  3.152  3.5225  0.300    7  0.000  0.443    87.53    48.65    31.43    24.94    20.30  1 -9.49e-08      0.00 6.920e-01 2.917e-01 2.207e-03 1.236e-03 6.641e-03 -1.000 1.628e-02 -3.109 3.026 1.724 0.318 -1.278 -3.063 -4.940 -5.850 -6.154
0.0152 0.01508 9.90309 1.1065733433 2.4927777277    0.937  3.167  3.5204  0.277    7  0.000  0.443    91.96    50.76    32.73    25.99    21.16  1 -1.01e-07      0.00 6.920e-01 2.917e-01 2.207e-03 1.236e-03 6.641e-03 -1.000 1.628e-02 -3.146 3.032 1.789 0.399 -1.239 -3.057 -4.985 -5.897 -6.205
0.0152 0.01508 9.90309 1.1065735817 2.4927777672    0.936  3.209  3.5147  0.212    7  0.000  0.443   105.40    57.10    36.62    29.13    23.72  1  -1.2e-07      0.00 6.920e-01 2.917e-01 2.207e-03 1.236e-03 6.641e-03 -1.000 1.628e-02 -3.252 3.047 2.003 0.676 -1.097 -3.000 -5.109 -6.027 -6.347
0.0152 0.01508 9.90309 1.1065738201 2.4927778068    0.936  3.249  3.5090  0.148    7  0.000  0.443   120.50    64.08    40.89    32.58    26.54  1 -1.42e-07      0.00 6.920e-01 2.917e-01 2.207e-03 1.236e-03 6.641e-03 -1.000 1.628e-02 -3.353 3.064 2.221 0.959 -0.951 -2.933 -5.228 -6.153 -6.485
0.0152 0.01508 9.90309 1.1065740585 2.4927778463    0.935  3.277  3.5050  0.104    7  0.000  0.443   132.06    69.34    44.09    35.17    28.66  1  -1.6e-07      0.00 6.920e-01 2.917e-01 2.207e-03 1.236e-03 6.641e-03 -1.000 1.628e-02 -3.422 3.068 2.346 1.121 -0.867 -2.891 -5.310 -6.238 -6.577
0.0152 0.01508 9.90309 1.1065742970 2.4927778858    0.933  3.309  3.5002  0.052    7  0.000  0.443   147.18    76.13    48.20    38.50    31.38  1 -1.84e-07      0.00 6.920e-01 2.917e-01 2.207e-03 1.236e-03 6.641e-03 -1.000 1.628e-02 -3.502 3.080 2.513 1.335 -0.752 -2.827 -5.405 -6.338 -6.686
0.0152 0.01508 9.90309 1.1065746546 2.4927779451    0.932  3.338  3.4957  0.004    7  0.000  0.443   162.46    83.01    52.35    41.87    34.14  1 -2.07e-07      0.00 6.920e-01 2.917e-01 2.207e-03 1.236e-03 6.641e-03 -1.000 1.628e-02 -3.576 3.090 2.655 1.506 -0.656 -2.764 -5.492 -6.430 -6.787
0.0152 0.01508 9.90309 1.1065751314 2.4927780242    0.929  3.373  3.4903 -0.053    7  0.523  0.443   177.20    92.01    57.76    46.27    37.73  1 -2.38e-07      0.00 6.920e-01 2.917e-01 2.207e-03 1.236e-03 6.641e-03 -1.000 1.628e-02 -3.662 3.103 2.828 1.712 -0.540 -2.686 -5.594 -6.538 -6.905
0.0152 0.01508 9.90309 1.1065757275 2.4927781231    0.925  3.404  3.4850 -0.109    7  0.523  0.443   192.48   101.53    63.44    50.91    41.52  1 -2.74e-07      0.00 6.920e-01 2.917e-01 2.207e-03 1.236e-03 6.641e-03 -1.000 1.628e-02 -3.741 3.113 2.934 1.796 -0.489 -2.648 -5.689 -6.637 -7.013
0.0152 0.01508 9.90309 1.1065762043 2.4927782021    0.921  3.418  3.4827 -0.133    8  0.523  0.464   199.47   105.97    66.09    53.07    43.29  1 -2.93e-07      0.00 6.920e-01 2.929e-01 2.317e-03 1.238e-03 6.656e-03 -1.000 1.514e-02 -3.774 3.120 2.981 1.831 -0.467 -2.630 -5.729 -6.679 -7.058
0.0152 0.01508 9.90309 1.1065762043 2.4927782021    0.920  3.147  3.5212  0.292    8  0.523  0.464    88.79    49.16    31.74    25.20    20.52  1 -9.85e-08      0.00 6.920e-01 2.929e-01 2.317e-03 1.238e-03 6.656e-03 -1.000 1.514e-02 -3.097 3.059 1.795 0.400 -1.221 -3.025 -4.933 -5.844 -6.150
0.0152 0.01508 9.90309 1.1065763235 2.4927782219    0.920  3.024  3.5385  0.484    8  0.523  0.464    59.30    34.72    22.77    17.99    14.63  2  -5.9e-08      0.00 6.920e-01 2.929e-01 2.317e-03 1.238e-03 6.656e-03 -1.000 1.514e-02 -2.789 3.009 1.320 -0.196 -1.509 -3.016 -4.565 -5.456 -5.728
0.0152 0.01508 9.90309 1.1065764427 2.4927782417    0.919  2.857  3.5619  0.744    8  0.523  0.464    34.39    21.71    14.54    11.41     9.27  2 -2.89e-08      0.00 6.920e-01 2.929e-01 2.317e-03 1.238e-03 6.656e-03 -1.000 1.514e-02 -2.372 2.922 0.970 -0.631 -1.693 -2.797 -4.076 -4.923 -5.158
0.0152 0.01508 9.90309 1.1065765619 2.4927782614    0.918  2.882  3.5582  0.704    8  0.523  0.464    37.39    23.33    15.57    12.23     9.94  2 -3.23e-08      0.00 6.920e-01 2.929e-01 2.317e-03 1.238e-03 6.656e-03 -1.000 1.514e-02 -2.434 2.942 1.013 -0.582 -1.675 -2.837 -4.149 -5.004 -5.244
0.0152 0.01508 9.90309 1.1065768003 2.4927783010    0.916  3.008  3.5401  0.504    8  0.523  0.464    56.79    33.44    21.96    17.34    14.11  2 -5.58e-08      0.00 6.920e-01 2.929e-01 2.317e-03 1.238e-03 6.656e-03 -1.000 1.514e-02 -2.750 3.013 1.294 -0.230 -1.519 -2.998 -4.520 -5.409 -5.679
0.0152 0.01508 9.90309 1.1065770388 2.4927783405    0.914  3.167  3.5173  0.254    8  0.523  0.464    96.12    52.61    33.85    26.91    21.92  1 -1.09e-07      0.00 6.920e-01 2.929e-01 2.317e-03 1.238e-03 6.656e-03 -1.000 1.514e-02 -3.147 3.085 1.952 0.599 -1.110 -2.972 -4.996 -5.912 -6.225
0.0152 0.01508 9.90309 1.1065773964 2.4927783998    0.912  3.297  3.4985  0.047    8  0.523  0.464   148.22    76.38    48.33    38.64    31.49  1 -1.86e-07      0.00 6.920e-01 2.929e-01 2.317e-03 1.238e-03 6.656e-03 -1.000 1.514e-02 -3.473 3.127 2.611 1.448 -0.665 -2.751 -5.381 -6.316 -6.667
0.0152 0.01508 9.90309 1.1065777540 2.4927784591    0.910  3.380  3.4864 -0.085    8  0.524  0.464   184.60    96.93    60.67    48.68    39.70  1  -2.6e-07      0.00 6.920e-01 2.929e-01 2.317e-03 1.238e-03 6.656e-03 -1.000 1.514e-02 -3.680 3.142 2.937 1.809 -0.466 -2.621 -5.624 -6.571 -6.944
0.0152 0.01508 9.90309 1.1065781116 2.4927785184    0.907  3.421  3.4801 -0.154    8  0.524  0.464   204.76   109.58    68.21    54.83    44.73  1 -3.09e-07      0.00 6.920e-01 2.929e-01 2.317e-03 1.238e-03 6.656e-03 -1.000 1.514e-02 -3.784 3.148 3.054 1.892 -0.417 -2.584 -5.746 -6.698 -7.082
0.0152 0.01508 9.90309 1.1065785885 2.4927785975    0.904  3.439  3.4770 -0.184    8  0.524  0.464   214.43   115.77    71.88    57.84    47.18  1 -3.34e-07      0.00 6.920e-01 2.929e-01 2.317e-03 1.238e-03 6.656e-03 -1.000 1.514e-02 -3.827 3.152 3.099 1.921 -0.400 -2.575 -5.797 -6.751 -7.139
0.0152 0.01508 9.90309 1.1065790653 2.4927786766    0.900  3.447  3.4753 -0.201    8  0.524  0.464   219.70   119.21    73.91    59.50    48.54  1 -3.48e-07      0.00 6.920e-01 2.929e-01 2.317e-03 1.238e-03 6.656e-03 -1.000 1.514e-02 -3.847 3.159 3.130 1.943 -0.385 -2.565 -5.822 -6.777 -7.167
0.0152 0.01508 9.90309 1.1065790653 2.4927786766    0.900  3.235  3.5050  0.129    8  0.524  0.464   124.43    65.60    41.78    33.34    27.16  1  -1.5e-07      0.00 6.920e-01 2.929e-01 2.317e-03 1.238e-03 6.656e-03 -1.000 1.514e-02 -3.318 3.149 2.433 1.214 -0.768 -2.790 -5.205 -6.134 -6.472
0.0152 0.01508 9.90309 1.1065791845 2.4927786964    0.899  3.058  3.5299  0.405    8  0.524  0.464    69.64    39.81    25.93    20.54    16.71  1 -7.25e-08      0.00 6.920e-01 2.929e-01 2.317e-03 1.238e-03 6.656e-03 -1.000 1.514e-02 -2.875 3.090 1.590 0.133 -1.315 -2.980 -4.681 -5.584 -5.871
0.0152 0.01508 9.90309 1.1065793037 2.4927787161    0.898  2.891  3.5532  0.665    8  0.524  0.464    40.34    24.88    16.55    13.02    10.58  2 -3.58e-08      0.00 6.920e-01 2.929e-01 2.317e-03 1.238e-03 6.656e-03 -1.000 1.514e-02 -2.458 3.013 1.133 -0.444 -1.582 -2.827 -4.188 -5.053 -5.301
0.0152 0.01508 9.90309 1.1065794230 2.4927787359    0.897  2.916  3.5496  0.625    8  0.525  0.464    43.84    26.73    17.72    13.96    11.35  2    -4e-08      0.00 6.920e-01 2.929e-01 2.317e-03 1.238e-03 6.656e-03 -1.000 1.514e-02 -2.520 3.030 1.183 -0.383 -1.555 -2.863 -4.260 -5.133 -5.386
0.0152 0.01508 9.90309 1.1065796614 2.4927787754    0.895  3.041  3.5318  0.428    8  0.525  0.464    66.37    38.18    24.91    19.73    16.05  1 -6.84e-08      0.00 6.920e-01 2.929e-01 2.317e-03 1.238e-03 6.656e-03 -1.000 1.514e-02 -2.833 3.091 1.552 0.084 -1.334 -2.965 -4.632 -5.532 -5.817
0.0152 0.01508 9.90309 1.1065800190 2.4927788347    0.893  3.198  3.5092  0.179    8  0.525  0.464   111.87    59.81    38.24    30.49    24.83  1 -1.32e-07      0.00 6.920e-01 2.929e-01 2.317e-03 1.238e-03 6.656e-03 -1.000 1.514e-02 -3.226 3.160 2.321 1.064 -0.836 -2.813 -5.100 -6.026 -6.355
0.0152 0.01508 9.90309 1.1065803766 2.4927788940    0.890  3.328  3.4906 -0.026    8  0.525  0.464   167.09    86.53    54.42    43.62    35.56  1 -2.24e-07      0.00 6.920e-01 2.929e-01 2.317e-03 1.238e-03 6.656e-03 -1.000 1.514e-02 -3.549 3.186 2.903 1.791 -0.448 -2.589 -5.480 -6.424 -6.789
0.0152 0.01508 9.90309 1.1065807343 2.4927789534    0.887  3.409  3.4787 -0.157    8  0.525  0.464   204.06   109.57    68.17    54.84    44.73  1 -3.12e-07      0.00 6.920e-01 2.929e-01 2.317e-03 1.238e-03 6.656e-03 -1.000 1.514e-02 -3.753 3.189 3.116 1.949 -0.362 -2.533 -5.719 -6.672 -7.057
0.0152 0.01508 9.90309 1.1065812111 2.4927790324    0.883  3.450  3.4724 -0.224    8  0.526  0.464   226.11   123.73    76.55    61.71    50.34  1  -3.7e-07      0.00 6.920e-01 2.929e-01 2.317e-03 1.238e-03 6.656e-03 -1.000 1.514e-02 -3.855 3.189 3.200 1.998 -0.338 -2.525 -5.838 -6.795 -7.189
0.0152 0.01508 9.90309 1.1065816879 2.4927791115    0.879  3.467  3.4694 -0.255    8  0.526  0.464   236.62   130.63    80.61    65.05    53.07  1 -4.01e-07      0.01 6.920e-01 2.929e-01 2.317e-03 1.238e-03 6.656e-03 -1.000 1.514e-02 -3.897 3.193 3.242 2.025 -0.322 -2.517 -5.889 -6.847 -7.246
0.0152 0.01508 9.90309 1.1065822840 2.4927792103    0.875  3.475  3.4677 -0.272    8  0.526  0.464   242.30   134.44    82.85    66.89    54.57  1 -4.18e-07      0.01 6.920e-01 2.929e-01 2.317e-03 1.238e-03 6.656e-03 -1.000 1.514e-02 -3.917 3.197 3.266 2.041 -0.312 -2.512 -5.912 -6.872 -7.272
0.0152 0.01508 9.90309 1.1065822840 2.4927792103    0.875  3.269  3.4970  0.051    8  0.526  0.464   146.04    75.02    47.46    37.99    30.95  1 -1.86e-07      0.00 6.920e-01 2.929e-01 2.317e-03 1.238e-03 6.656e-03 -1.000 1.514e-02 -3.403 3.206 2.736 1.587 -0.545 -2.640 -5.315 -6.252 -6.604
0.0152 0.01508 9.90309 1.1065824032 2.4927792301    0.874  3.093  3.5221  0.327    8  0.526  0.464    81.65    45.53    29.46    23.41    19.05  1  -9.1e-08      0.00 6.920e-01 2.929e-01 2.317e-03 1.238e-03 6.656e-03 -1.000 1.514e-02 -2.962 3.154 1.875 0.480 -1.120 -2.908 -4.794 -5.706 -6.009
0.0152 0.01508 9.90309 1.1065825224 2.4927792499    0.873  2.926  3.5458  0.588    8  0.526  0.464    47.11    28.39    18.76    14.80    12.03  2 -4.54e-08      0.00 6.920e-01 2.929e-01 2.317e-03 1.238e-03 6.656e-03 -1.000 1.514e-02 -2.545 3.080 1.290 -0.257 -1.475 -2.850 -4.297 -5.177 -5.436
0.0152 0.01508 9.90309 1.1065827608 2.4927792894    0.871  2.950  3.5422  0.549    8  0.526  0.464    51.18    30.47    20.08    15.86    12.89  2 -5.06e-08      0.00 6.920e-01 2.929e-01 2.317e-03 1.238e-03 6.656e-03 -1.000 1.514e-02 -2.606 3.095 1.356 -0.173 -1.435 -2.875 -4.369 -5.255 -5.520
0.0152 0.01508 9.90309 1.1065829992 2.4927793290    0.868  3.074  3.5244  0.353    8  0.527  0.464    77.27    43.39    28.13    22.34    18.18  1 -8.56e-08      0.00 6.920e-01 2.929e-01 2.317e-03 1.238e-03 6.656e-03 -1.000 1.514e-02 -2.914 3.155 1.811 0.399 -1.155 -2.907 -4.738 -5.647 -5.946
0.0152 0.01508 9.90309 1.1065832376 2.4927793685    0.865  3.229  3.5019  0.106    8  0.527  0.464   129.77    67.70    43.02    34.39    28.01  1 -1.63e-07      0.00 6.920e-01 2.929e-01 2.317e-03 1.238e-03 6.656e-03 -1.000 1.514e-02 -3.301 3.213 2.596 1.410 -0.633 -2.686 -5.199 -6.131 -6.474
0.0152 0.01508 9.90309 1.1065835953 2.4927794278    0.862  3.355  3.4833 -0.097    8  0.527  0.464   184.17    97.60    61.00    49.04    39.98  1 -2.73e-07      0.00 6.920e-01 2.929e-01 2.317e-03 1.238e-03 6.656e-03 -1.000 1.514e-02 -3.619 3.235 3.086 1.947 -0.338 -2.497 -5.571 -6.521 -6.898
0.0152 0.01508 9.90309 1.1065840721 2.4927795069    0.858  3.435  3.4714 -0.226    8  0.527  0.464   224.39   123.24    76.21    61.50    50.15  1 -3.79e-07      0.00 6.920e-01 2.929e-01 2.317e-03 1.238e-03 6.656e-03 -1.000 1.514e-02 -3.818 3.234 3.258 2.053 -0.285 -2.474 -5.804 -6.762 -7.157
0.0152 0.01508 9.90309 1.1065845490 2.4927795860    0.853  3.475  3.4652 -0.293    8  0.528  0.464   248.14   138.85    85.39    69.04    56.32  0 -4.49e-07      0.01 6.920e-01 2.929e-01 2.317e-03 1.238e-03 6.656e-03 -1.000 1.514e-02 -3.918 3.228 3.325 2.092 -0.270 -2.476 -5.919 -6.879 -7.283
0.0152 0.01508 9.90309 1.1065850258 2.4927796650    0.848  3.491  3.4624 -0.323    8  0.528  0.464   259.19   146.29    89.75    72.63    59.26  0 -4.86e-07      0.01 6.920e-01 2.929e-01 2.317e-03 1.238e-03 6.656e-03 -1.000 1.514e-02 -3.957 3.233 3.361 2.113 -0.259 -2.474 -5.966 -6.928 -7.335
0.0152 0.01508 9.90309 1.1065856218 2.4927797639    0.842  3.498  3.4609 -0.339    8  0.529  0.464   264.89   150.24    92.05    74.54    60.81  0 -5.08e-07      0.01 6.920e-01 2.929e-01 2.317e-03 1.238e-03 6.656e-03 -1.000 1.514e-02 -3.974 3.242 3.386 2.129 -0.248 -2.468 -5.987 -6.949 -7.359
0.0152 0.01508 9.90309 1.1065856218 2.4927797639    0.842  3.299  3.4898 -0.025    8  0.529  0.464   163.48    85.18    53.54    43.00    35.03  1 -2.34e-07      0.00 6.920e-01 2.929e-01 2.317e-03 1.238e-03 6.656e-03 -1.000 1.514e-02 -3.478 3.264 3.002 1.896 -0.353 -2.497 -5.411 -6.357 -6.723
0.0152 0.01508 9.90309 1.1065857410 2.4927797836    0.841  3.124  3.5153  0.252    8  0.529  0.464    95.04    51.66    33.21    26.47    21.54  1 -1.16e-07      0.00 6.920e-01 2.929e-01 2.317e-03 1.238e-03 6.656e-03 -1.000 1.514e-02 -3.040 3.217 2.164 0.840 -0.915 -2.806 -4.895 -5.814 -6.131
0.0152 0.01508 9.90309 1.1065858603 2.4927798034    0.839  2.957  3.5395  0.514    8  0.529  0.464    54.56    32.11    21.09    16.69    13.57  2 -5.85e-08      0.00 6.920e-01 2.929e-01 2.317e-03 1.238e-03 6.656e-03 -1.000 1.514e-02 -2.624 3.138 1.438 -0.079 -1.375 -2.864 -4.396 -5.286 -5.556
0.0152 0.01508 9.90309 1.1065860987 2.4927798429    0.836  2.981  3.5358  0.474    8  0.529  0.464    59.35    34.50    22.58    17.90    14.55  1 -6.53e-08      0.00 6.920e-01 2.929e-01 2.317e-03 1.238e-03 6.656e-03 -1.000 1.514e-02 -2.684 3.154 1.530 0.036 -1.317 -2.873 -4.469 -5.364 -5.641
0.0152 0.01508 9.90309 1.1065863371 2.4927798825    0.833  3.103  3.5178  0.279    8  0.529  0.464    89.60    49.07    31.61    25.19    20.49  1 -1.09e-07      0.00 6.920e-01 2.929e-01 2.317e-03 1.238e-03 6.656e-03 -1.000 1.514e-02 -2.987 3.218 2.076 0.722 -0.972 -2.826 -4.834 -5.750 -6.062
0.0152 0.01508 9.90309 1.1065866947 2.4927799418    0.829  3.255  3.4951  0.033    8  0.529  0.464   148.67    76.40    48.23    38.70    31.52  1 -2.06e-07      0.00 6.920e-01 2.929e-01 2.317e-03 1.238e-03 6.656e-03 -1.000 1.514e-02 -3.369 3.274 2.862 1.725 -0.438 -2.546 -5.286 -6.226 -6.582
0.0152 0.01508 9.90309 1.1065870523 2.4927800011    0.824  3.380  3.4763 -0.169    8  0.530  0.464   202.56   110.01    68.32    55.12    44.92  1 -3.43e-07      0.00 6.920e-01 2.929e-01 2.317e-03 1.238e-03 6.656e-03 -1.000 1.514e-02 -3.680 3.289 3.248 2.072 -0.247 -2.422 -5.652 -6.607 -6.995
0.0152 0.01508 9.90309 1.1065875292 2.4927800802    0.818  3.459  3.4642 -0.299    8  0.530  0.464   246.72   138.86    85.32    69.09    56.34  0 -4.74e-07      0.01 6.920e-01 2.929e-01 2.317e-03 1.238e-03 6.656e-03 -1.000 1.514e-02 -3.877 3.282 3.390 2.153 -0.211 -2.421 -5.880 -6.841 -7.246
0.0152 0.01508 9.90309 1.1065881252 2.4927801790    0.811  3.497  3.4579 -0.366    8  0.531  0.464   265.94    -1.00    -1.00    -1.00    -1.00  0 -5.63e-07      0.01 6.920e-01 2.929e-01 2.317e-03 1.238e-03 6.656e-03 -1.000 1.514e-02 -3.973 3.289 3.461 2.197 -0.196 -2.428 -5.992 -6.956 -7.370
0.0152 0.01508 9.90309 1.1065887213 2.4927802778    0.804  3.513  3.4551 -0.397    8  0.531  0.464   261.71    -1.00    -1.00    -1.00    -1.00  0 -6.14e-07      0.01 6.920e-01 2.929e-01 2.317e-03 1.238e-03 6.656e-03 -1.000 1.514e-02 -4.012 3.309 3.505 2.232 -0.181 -2.427 -6.037 -7.002 -7.420
0.0152 0.01508 9.90309 1.1065893173 2.4927803767    0.796  3.519  3.4537 -0.413    8  0.531  0.464   257.11    -1.00    -1.00    -1.00    -1.00  0 -6.48e-07      0.01 6.920e-01 2.929e-01 2.317e-03 1.238e-03 6.656e-03 -1.000 1.514e-02 -4.029 3.322 3.530 2.254 -0.169 -2.424 -6.056 -7.021 -7.442
0.0152 0.01508 9.90309 1.1065893173 2.4927803767    0.796  3.330  3.4823 -0.110    8  0.532  0.464   182.51    97.90    61.07    49.24    40.12  1 -3.11e-07      0.00 6.920e-01 2.929e-01 2.317e-03 1.238e-03 6.656e-03 -1.000 1.514e-02 -3.554 3.323 3.191 2.045 -0.247 -2.408 -5.509 -6.460 -6.839
0.0152 0.01508 9.90309 1.1065894365 2.4927803965    0.794  3.156  3.5084  0.167    8  0.532  0.464   112.48    59.28    37.82    30.28    24.63  1 -1.57e-07      0.00 6.920e-01 2.929e-01 2.317e-03 1.238e-03 6.656e-03 -1.000 1.514e-02 -3.120 3.286 2.470 1.220 -0.697 -2.684 -4.996 -5.923 -6.254
0.0152 0.01508 9.90309 1.1065895557 2.4927804162    0.792  2.989  3.5334  0.433    8  0.532  0.464    64.11    36.68    23.91    19.01    15.45  1 -8.01e-08      0.00 6.920e-01 2.929e-01 2.317e-03 1.238e-03 6.656e-03 -1.000 1.514e-02 -2.704 3.198 1.618 0.136 -1.258 -2.859 -4.497 -5.395 -5.677
0.0152 0.01508 9.90309 1.1065897942 2.4927804558    0.788  3.013  3.5296  0.391    8  0.532  0.464    69.91    39.48    25.65    20.41    16.59  1 -8.98e-08      0.00 6.920e-01 2.929e-01 2.317e-03 1.238e-03 6.656e-03 -1.000 1.514e-02 -2.764 3.216 1.719 0.261 -1.194 -2.863 -4.570 -5.473 -5.762
0.0152 0.01508 9.90309 1.1065901518 2.4927805151    0.783  3.133  3.5112  0.195    8  0.532  0.464   105.79    56.16    35.91    28.74    23.37  1 -1.49e-07      0.00 6.920e-01 2.929e-01 2.317e-03 1.238e-03 6.656e-03 -1.000 1.514e-02 -3.063 3.292 2.385 1.105 -0.752 -2.705 -4.930 -5.853 -6.180
0.0152 0.01508 9.90309 1.1065905094 2.4927805744    0.777  3.283  3.4880 -0.051    8  0.532  0.464   165.16    87.43    54.79    44.14    35.95  1 -2.78e-07      0.00 6.920e-01 2.929e-01 2.317e-03 1.238e-03 6.656e-03 -1.000 1.514e-02 -3.437 3.346 3.114 1.996 -0.266 -2.415 -5.375 -6.322 -6.692
0.0152 0.01508 9.90309 1.1065908670 2.4927806337    0.770  3.406  3.4688 -0.254    8  0.533  0.464   225.26   125.99    77.65    62.93    51.28  0 -4.61e-07      0.01 6.920e-01 2.929e-01 2.317e-03 1.238e-03 6.656e-03 -1.000 1.514e-02 -3.744 3.361 3.413 2.193 -0.157 -2.353 -5.735 -6.695 -7.094
0.0152 0.01508 9.90309 1.1065913439 2.4927807128    0.761  3.483  3.4565 -0.385    8  0.533  0.464   237.00    -1.00    -1.00    -1.00    -1.00  0 -6.41e-07      0.01 6.920e-01 2.929e-01 2.317e-03 1.238e-03 6.656e-03 -1.000 1.514e-02 -3.937 3.372 3.552 2.279 -0.127 -2.368 -5.957 -6.922 -7.340
0.0152 0.01508 9.90309 1.1065919399 2.4927808116    0.752  3.521  3.4502 -0.454    8  0.534  0.464   231.85    -1.00    -1.00    -1.00    -1.00  0 -7.69e-07      0.02 6.920e-01 2.929e-01 2.317e-03 1.238e-03 6.656e-03 -1.000 1.514e-02 -4.033 3.394 3.629 2.344 -0.105 -2.378 -6.067 -7.033 -7.460
0.0152 0.01508 9.90309 1.1065925360 2.4927809104    0.742  3.537  3.4477 -0.486    8  0.534  0.464   226.22    -1.00    -1.00    -1.00    -1.00  0 -8.51e-07      0.02 6.920e-01 2.929e-01 2.317e-03 1.238e-03 6.656e-03 -1.000 1.514e-02 -4.072 3.407 3.660 2.376 -0.096 -2.384 -6.110 -7.077 -7.508
0.0152 0.01508 9.90309 1.1065932512 2.4927810290    0.731  3.544  3.4467 -0.503    8  0.535  0.464   220.14    -1.00    -1.00    -1.00    -1.00  0 -9.17e-07      0.02 6.920e-01 2.929e-01 2.317e-03 1.238e-03 6.656e-03 -1.000 1.514e-02 -4.089 3.432 3.685 2.396 -0.089 -2.384 -6.127 -7.095 -7.530
0.0152 0.01508 9.90309 1.1065932512 2.4927810290    0.730  3.364  3.4754 -0.209    8  0.535  0.464   206.19   114.51    70.79    57.40    46.75  0 -4.63e-07      0.01 6.920e-01 2.929e-01 2.317e-03 1.238e-03 6.656e-03 -1.000 1.514e-02 -3.639 3.393 3.356 2.162 -0.171 -2.352 -5.611 -6.568 -6.960
0.0152 0.01508 9.90309 1.1065933704 2.4927810488    0.728  3.191  3.5029  0.072    8  0.535  0.464   133.41    68.85    43.54    35.05    28.51  1 -2.38e-07      0.00 6.920e-01 2.929e-01 2.317e-03 1.238e-03 6.656e-03 -1.000 1.514e-02 -3.209 3.337 2.676 1.467 -0.566 -2.613 -5.102 -6.032 -6.376
0.0152 0.01508 9.90309 1.1065934896 2.4927810686    0.724  3.025  3.5298  0.344    8  0.535  0.464    76.16    42.09    27.21    21.75    17.67  1 -1.24e-07      0.00 6.920e-01 2.929e-01 2.317e-03 1.238e-03 6.656e-03 -1.000 1.514e-02 -2.793 3.226 1.699 0.226 -1.230 -2.899 -4.599 -5.500 -5.790
0.0152 0.01508 9.90309 1.1065937281 2.4927811081    0.718  3.049  3.5265  0.303    8  0.535  0.464    82.90    45.19    29.12    23.30    18.93  1  -1.4e-07      0.00 6.920e-01 2.929e-01 2.317e-03 1.238e-03 6.656e-03 -1.000 1.514e-02 -2.852 3.238 1.802 0.353 -1.168 -2.890 -4.670 -5.575 -5.871
0.0152 0.01508 9.90309 1.1065939665 2.4927811477    0.711  3.166  3.5082  0.109    8  0.536  0.464   125.05    64.09    40.65    32.71    26.60  1 -2.33e-07      0.00 6.920e-01 2.929e-01 2.317e-03 1.238e-03 6.656e-03 -1.000 1.514e-02 -3.145 3.322 2.488 1.222 -0.707 -2.701 -5.022 -5.946 -6.282
0.0152 0.01508 9.90309 1.1065943241 2.4927812070    0.702  3.313  3.4852 -0.136    8  0.536  0.464   181.71    99.37    61.77    50.05    40.74  0 -4.32e-07      0.01 6.920e-01 2.929e-01 2.317e-03 1.238e-03 6.656e-03 -1.000 1.514e-02 -3.512 3.392 3.199 2.050 -0.247 -2.409 -5.456 -6.405 -6.784
0.0152 0.01508 9.90309 1.1065948009 2.4927812860    0.692  3.433  3.4665 -0.337    8  0.536  0.464   199.29    -1.00    -1.00    -1.00    -1.00  0 -7.21e-07      0.02 6.920e-01 2.929e-01 2.317e-03 1.238e-03 6.656e-03 -1.000 1.514e-02 -3.812 3.433 3.493 2.234 -0.147 -2.358 -5.804 -6.767 -7.177
0.0152 0.01508 9.90309 1.1065952778 2.4927813651    0.680  3.508  3.4554 -0.464    8  0.537  0.464   193.21    -1.00    -1.00    -1.00    -1.00  0 -1.02e-06      0.03 6.920e-01 2.929e-01 2.317e-03 1.238e-03 6.656e-03 -1.000 1.514e-02 -4.001 3.498 3.652 2.333 -0.112 -2.372 -6.013 -6.983 -7.415
0.0152 0.01508 9.90309 1.1065957546 2.4927814442    0.667  3.546  3.4512 -0.527    8  0.537  0.464   186.52    -1.00    -1.00    -1.00    -1.00  0 -1.26e-06      0.04 6.920e-01 2.929e-01 2.317e-03 1.238e-03 6.656e-03 -1.000 1.514e-02 -4.094 3.540 3.713 2.371 -0.112 -2.397 -6.110 -7.085 -7.527
0.0152 0.01508 9.90309 1.1065963507 2.4927815430    0.652  3.561  3.4516 -0.550    8  0.538  0.464   179.30    -1.00    -1.00    -1.00    -1.00  0 -1.45e-06      0.05 6.920e-01 2.929e-01 2.317e-03 1.238e-03 6.656e-03 -1.000 1.514e-02 -4.133 3.566 3.716 2.356 -0.138 -2.425 -6.143 -7.120 -7.567
0.0152 0.01508 9.90309 1.1065970659 2.4927816616    0.637  3.568  3.4545 -0.556    8  0.539  0.464   171.62    -1.00    -1.00    -1.00    -1.00  0 -1.63e-06      0.07 6.920e-01 2.929e-01 2.317e-03 1.238e-03 6.656e-03 -1.000 1.514e-02 -4.150 3.621 3.711 2.325 -0.172 -2.454 -6.144 -7.125 -7.576
0.0152 0.01508 9.90309 1.1066001654 2.4927821756    0.540 -9.999  4.0000  1.790    9  0.541  0.000     0.00     0.00     0.00     0.00     0.00 -1    -1e-30      0.00 6.920e-01 2.929e-01 2.317e-03 1.238e-03 6.656e-03 -1.000 1.514e-02 29.767 29.720 29.983 30.032 30.020 30.018 30.066 30.065 30.082
#isochrone terminated
