# File generated by CMD 3.7 (http://stev.oapd.inaf.it/cmd) on Thu Mar  2 16:13:36 CET 2023
# isochrones based on PARSEC release v1.2S +  COLIBRI S_37 + S_35 + PR16
# Basic references: Bressan et al. (2012), MNRAS, 427, 127 + Chen et al. (2014, 2015), MNRAS, 444, 2525 + MNRAS, 452, 1068 + Tang et al. (2014), MNRAS, 445, 4287 + Marigo et al. (2017), ApJ, 835, 77 + Pastorelli al. (2019), MNRAS, 485, 5666 + Pastorelli al. (2020), MNRAS, in press
# Thermal pulse cycles included 
# On RGB, assumed Reimers mass loss with efficiency eta=0.2
# LPV periods and growth rates added cf. Trabucchi et al. (2019)
# but fundamental-mode LPV periods are from Trabucchi et al. (2021)
# Photometric system: <i>UBVRIJHK</i> (cf. Maiz-Apellaniz 2006 + Bessell 1990)
# Using YBC version of bolometric corrections as in Chen et al. (2019)
# O-rich circumstellar dpmod60alox40 dust from Groenewegen (2006)
# C-rich circumstellar AMCSIC15 dust from Groenewegen (2006)
# IMF: Kroupa (2001, 2002) + Kroupa et al. (2013) canonical two-part-power law IMF corrected for unresolved binaries 
# Kind of output: isochrone tables
# Zini     MH   logAge Mini        int_IMF         Mass   logL    logTe  logg  label   McoreTP C_O  period0  period1  period2  period3  period4  pmode  Mloss  tau1m   X   Y   Xc  Xn  Xo  Cexcess  Z 	 mbolmag  Umag    Bmag    Vmag    Rmag    Imag    Jmag    Hmag    Kmag
0.01 -0.17553 9.90309 0.0900000036 1.0816895926    0.090 -3.388  3.3784  5.246    1  0.000  0.545     0.00     0.00     0.00     0.00     0.00 -1 -4.09e-17      0.00 7.220e-01 2.680e-01 1.798e-03 4.851e-04 4.400e-03 -1.000 1.000e-02 13.239 22.599 19.890 18.001 15.787 13.518 11.135 10.559 10.292
0.01 -0.17553 9.90309 0.0941376016 1.1201816462    0.094 -3.305  3.3905  5.230    1  0.000  0.545     0.00     0.00     0.00     0.00     0.00 -1 -4.93e-17      0.00 7.218e-01 2.682e-01 1.798e-03 4.851e-04 4.400e-03 -1.000 1.000e-02 13.032 22.364 19.671 17.785 15.577 13.311 10.929 10.353 10.083
0.01 -0.17553 9.90309 0.1000000015 1.1711064122    0.100 -3.193  3.4067  5.210    1  0.000  0.545     0.00     0.00     0.00     0.00     0.00 -1 -6.33e-17      0.00 7.216e-01 2.684e-01 1.798e-03 4.851e-04 4.400e-03 -1.000 1.000e-02 12.753 22.047 19.375 17.495 15.295 13.033 10.651 10.075 9.802
0.01 -0.17553 9.90309 0.1200000048 1.3193154741    0.120 -2.926  3.4409  5.159    1  0.000  0.545     0.00     0.00     0.00     0.00     0.00 -1 -1.13e-16      0.00 7.208e-01 2.692e-01 1.798e-03 4.851e-04 4.400e-03 -1.000 1.000e-02 12.085 20.063 17.808 16.030 14.139 12.087 10.045 9.457 9.172
0.01 -0.17553 9.90309 0.1400000006 1.4384526719    0.140 -2.745  3.4597  5.120    1  0.000  0.545     0.00     0.00     0.00     0.00     0.00 -1 -1.67e-16      0.00 7.202e-01 2.698e-01 1.798e-03 4.851e-04 4.400e-03 -1.000 1.000e-02 11.633 18.699 16.708 14.998 13.325 11.448 9.641 9.045 8.760
0.01 -0.17553 9.90309 0.1548161507 1.5132807655    0.155 -2.638  3.4700  5.097    1  0.000  0.545     0.00     0.00     0.00     0.00     0.00 -1 -2.08e-16      0.00 7.197e-01 2.703e-01 1.798e-03 4.851e-04 4.400e-03 -1.000 1.000e-02 11.364 17.985 16.118 14.442 12.877 11.095 9.399 8.800 8.517
0.01 -0.17553 9.90309 0.1599999964 1.5372931554    0.160 -2.602  3.4734  5.090    1  0.000  0.545     0.00     0.00     0.00     0.00     0.00 -1 -2.24e-16      0.00 7.195e-01 2.705e-01 1.798e-03 4.851e-04 4.400e-03 -1.000 1.000e-02 11.276 17.760 15.930 14.264 12.732 10.981 9.319 8.719 8.438
0.01 -0.17553 9.90309 0.1739159077 1.5970459644    0.174 -2.520  3.4804  5.072    1  0.000  0.545     0.00     0.00     0.00     0.00     0.00 -1 -2.65e-16      0.00 7.191e-01 2.709e-01 1.798e-03 4.851e-04 4.400e-03 -1.000 1.000e-02 11.070 17.267 15.515 13.871 12.407 10.724 9.132 8.530 8.251
0.01 -0.17553 9.90309 0.2000000030 1.6938790862    0.200 -2.382  3.4921  5.042    1  0.000  0.545     0.00     0.00     0.00     0.00     0.00 -1 -3.51e-16      0.00 7.185e-01 2.715e-01 1.798e-03 4.851e-04 4.400e-03 -1.000 1.000e-02 10.726 16.482 14.846 13.228 11.866 10.305 8.820 8.215 7.942
0.01 -0.17553 9.90309 0.2500000000 1.8403257998    0.250 -2.176  3.5066  4.991    1  0.000  0.545     0.00     0.00     0.00     0.00     0.00 -1 -5.35e-16      0.00 7.177e-01 2.723e-01 1.798e-03 4.851e-04 4.400e-03 -1.000 1.000e-02 10.210 15.503 13.984 12.412 11.153 9.717 8.340 7.732 7.468
0.01 -0.17553 9.90309 0.3000000119 1.9529139769    0.300 -2.010  3.5171  4.945    1  0.000  0.545     0.00     0.00     0.00     0.00     0.00 -1 -7.54e-16      0.00 7.173e-01 2.727e-01 1.798e-03 4.851e-04 4.400e-03 -1.000 1.000e-02 9.795 14.800 13.349 11.809 10.611 9.260 7.951 7.338 7.082
0.01 -0.17553 9.90309 0.3228136897 1.9964670684    0.323 -1.940  3.5213  4.924    1  0.000  0.545     0.00     0.00     0.00     0.00     0.00 -1 -8.76e-16      0.00 7.201e-01 2.699e-01 1.798e-03 4.851e-04 4.400e-03 -1.000 1.000e-02 9.619 14.520 13.092 11.564 10.389 9.069 7.786 7.171 6.918
0.01 -0.17553 9.90309 0.3500000238 2.0434175133    0.350 -1.861  3.5259  4.899    1  0.000  0.545     0.00     0.00     0.00     0.00     0.00 -1 -1.04e-15      0.00 7.228e-01 2.672e-01 1.798e-03 4.851e-04 4.400e-03 -1.000 1.000e-02 9.424 14.221 12.814 11.300 10.146 8.859 7.602 6.984 6.734
0.01 -0.17553 9.90309 0.4000000358 2.1185024810    0.400 -1.713  3.5369  4.853    1  0.000  0.545     0.00     0.00     0.00     0.00     0.00 -1 -1.44e-15      0.00 7.229e-01 2.671e-01 1.798e-03 4.851e-04 4.400e-03 -1.000 1.000e-02 9.053 13.627 12.257 10.775 9.669 8.458 7.259 6.634 6.393
0.01 -0.17553 9.90309 0.4205769897 2.1459410069    0.420 -1.646  3.5425  4.830    1  0.000  0.545     0.00     0.00     0.00     0.00     0.00 -1 -1.68e-15      0.00 7.229e-01 2.671e-01 1.798e-03 4.851e-04 4.400e-03 -1.000 1.000e-02 8.886 13.358 12.003 10.535 9.451 8.277 7.106 6.478 6.240
0.01 -0.17553 9.90309 0.4500000179 2.1822809362    0.450 -1.556  3.5502  4.800    1  0.000  0.545     0.00     0.00     0.00     0.00     0.00 -1 -2.07e-15      0.00 7.229e-01 2.671e-01 1.798e-03 4.851e-04 4.400e-03 -1.000 1.000e-02 8.660 13.007 11.666 10.215 9.158 8.035 6.901 6.266 6.034
0.01 -0.17553 9.90309 0.5000000000 2.2374541529    0.500 -1.389  3.5674  4.747    1  0.000  0.545     0.00     0.00     0.00     0.00     0.00 -1 -3.07e-15      0.00 7.230e-01 2.670e-01 1.798e-03 4.851e-04 4.400e-03 -1.000 1.000e-02 8.241 12.346 11.017 9.596 8.591 7.586 6.530 5.883 5.664
0.01 -0.17553 9.90309 0.5500000119 2.2836582633    0.550 -1.205  3.5895  4.693    1  0.000  0.545     0.00     0.00     0.00     0.00     0.00 -1 -4.75e-15      0.00 7.424e-01 2.482e-01 1.680e-03 4.535e-04 4.113e-03 -1.000 9.400e-03 7.783 11.614 10.292 8.914 7.966 7.102 6.133 5.467 5.274
0.01 -0.17553 9.90309 0.6000000238 2.3211213258    0.600 -1.026  3.6167  4.661    1  0.000  0.544     0.00     0.00     0.00     0.00     0.00 -1 -7.14e-15      0.00 7.453e-01 2.454e-01 1.664e-03 4.491e-04 4.075e-03 -1.000 9.234e-03 7.335 10.862 9.537 8.243 7.363 6.637 5.749 5.065 4.917
0.01 -0.17553 9.90309 0.6499999762 2.3520353107    0.650 -0.845  3.6486  4.643    1  0.000  0.544     0.00     0.00     0.00     0.00     0.00 -1 -1.06e-14      0.00 7.480e-01 2.428e-01 1.649e-03 4.451e-04 4.039e-03 -1.000 9.197e-03 6.883 9.912 8.671 7.526 6.748 6.169 5.376 4.721 4.619
0.01 -0.17553 9.90309 0.6733867526 2.3646961089    0.673 -0.763  3.6631  4.634    1  0.000  0.544     0.00     0.00     0.00     0.00     0.00 -1 -1.27e-14      0.00 7.493e-01 2.415e-01 1.641e-03 4.432e-04 4.022e-03 -1.000 9.140e-03 6.678 9.379 8.270 7.203 6.483 5.956 5.214 4.597 4.506
0.01 -0.17553 9.90309 0.7000000477 2.3779267258    0.700 -0.672  3.6790  4.623    1  0.000  0.544     0.00     0.00     0.00     0.00     0.00 -1 -1.56e-14      0.00 7.508e-01 2.401e-01 1.633e-03 4.410e-04 4.003e-03 -1.000 9.105e-03 6.450 8.787 7.849 6.860 6.205 5.722 5.036 4.469 4.389
0.01 -0.17553 9.90309 0.7043880820 2.3799980765    0.704 -0.657  3.6814  4.621    1  0.000  0.543     0.00     0.00     0.00     0.00     0.00 -1 -1.61e-14      0.00 7.511e-01 2.398e-01 1.629e-03 4.405e-04 3.998e-03 -1.000 9.114e-03 6.413 8.698 7.785 6.807 6.162 5.684 5.007 4.448 4.368
0.01 -0.17553 9.90309 0.7217572927 2.3879136714    0.722 -0.599  3.6910  4.611    1  0.000  0.541     0.00     0.00     0.00     0.00     0.00 -1 -1.84e-14      0.00 7.523e-01 2.386e-01 1.615e-03 4.384e-04 3.982e-03 -1.000 9.090e-03 6.268 8.359 7.540 6.604 5.994 5.537 4.891 4.362 4.287
0.01 -0.17553 9.90309 0.7374472618 2.3946965979    0.737 -0.547  3.6995  4.603    1  0.000  0.538     0.00     0.00     0.00     0.00     0.00 -1 -2.07e-14      0.00 7.534e-01 2.376e-01 1.602e-03 4.367e-04 3.968e-03 -1.000 8.993e-03 6.137 8.054 7.326 6.426 5.847 5.407 4.791 4.286 4.215
0.01 -0.17553 9.90309 0.7500000000 2.3998889087    0.750 -0.505  3.7061  4.595    1  0.000  0.537     0.00     0.00     0.00     0.00     0.00 -1 -2.28e-14      0.00 7.542e-01 2.368e-01 1.592e-03 4.353e-04 3.957e-03 -1.000 8.958e-03 6.034 7.825 7.163 6.290 5.733 5.306 4.711 4.226 4.158
0.01 -0.17553 9.90309 0.7628582716 2.4050043727    0.763 -0.464  3.7122  4.585    1  0.000  0.537     0.00     0.00     0.00     0.00     0.00 -1 -2.52e-14      0.00 7.554e-01 2.357e-01 1.586e-03 4.336e-04 3.942e-03 -1.000 8.931e-03 5.929 7.607 7.006 6.157 5.620 5.203 4.628 4.160 4.095
0.01 -0.17553 9.90309 0.7832419276 2.4127192625    0.783 -0.397  3.7216  4.567    1  0.000  0.536     0.00     0.00     0.00     0.00     0.00 -1 -2.95e-14      0.00 7.572e-01 2.339e-01 1.576e-03 4.308e-04 3.917e-03 -1.000 8.887e-03 5.763 7.274 6.765 5.951 5.443 5.044 4.498 4.056 3.994
0.01 -0.17553 9.90309 0.7978261113 2.4179617971    0.797 -0.350  3.7281  4.554    1  0.000  0.536     0.00     0.00     0.00     0.00     0.00 -1 -3.31e-14      0.00 7.584e-01 2.327e-01 1.568e-03 4.289e-04 3.900e-03 -1.000 8.856e-03 5.645 7.046 6.599 5.810 5.320 4.930 4.404 3.980 3.921
0.01 -0.17553 9.90309 0.8021945953 2.4194895202    0.802 -0.336  3.7299  4.550    1  0.000  0.536     0.00     0.00     0.00     0.00     0.00 -1 -3.43e-14      0.00 7.589e-01 2.322e-01 1.566e-03 4.282e-04 3.894e-03 -1.000 8.847e-03 5.610 6.980 6.550 5.767 5.283 4.896 4.376 3.957 3.898
0.01 -0.17553 9.90309 0.8185816407 2.4250535891    0.818 -0.283  3.7367  4.532    1  0.000  0.536     0.00     0.00     0.00     0.00     0.00 -1 -3.92e-14      0.00 7.607e-01 2.305e-01 1.556e-03 4.256e-04 3.870e-03 -1.000 8.812e-03 5.476 6.738 6.368 5.612 5.145 4.770 4.271 3.868 3.813
0.01 -0.17553 9.90309 0.8342818618 2.4301493492    0.834 -0.231  3.7430  4.514    1  0.000  0.536     0.00     0.00     0.00     0.00     0.00 -1 -4.45e-14      0.00 7.624e-01 2.288e-01 1.547e-03 4.230e-04 3.847e-03 -1.000 8.782e-03 5.349 6.508 6.196 5.465 5.016 4.651 4.170 3.783 3.730
0.01 -0.17553 9.90309 0.8456522226 2.4337042376    0.845 -0.194  3.7474  4.501    1  0.000  0.536     0.00     0.00     0.00     0.00     0.00 -1 -4.89e-14      0.00 7.636e-01 2.276e-01 1.540e-03 4.211e-04 3.830e-03 -1.000 8.762e-03 5.256 6.343 6.074 5.361 4.924 4.566 4.097 3.720 3.670
0.01 -0.17553 9.90309 0.8471942544 2.4341779034    0.846 -0.189  3.7479  4.499    1  0.000  0.536     0.00     0.00     0.00     0.00     0.00 -1 -4.95e-14      0.00 7.639e-01 2.274e-01 1.539e-03 4.208e-04 3.827e-03 -1.000 8.753e-03 5.243 6.321 6.058 5.346 4.911 4.554 4.087 3.711 3.661
0.01 -0.17553 9.90309 0.8639078736 2.4391873182    0.863 -0.134  3.7538  4.475    1  0.000  0.536     0.00     0.00     0.00     0.00     0.00 -1 -5.73e-14      0.00 7.662e-01 2.252e-01 1.525e-03 4.173e-04 3.796e-03 -1.000 8.662e-03 5.105 6.095 5.883 5.194 4.774 4.426 3.975 3.612 3.565
0.01 -0.17553 9.90309 0.8793225884 2.4436138248    0.878 -0.083  3.7589  4.452    1  0.000  0.536     0.00     0.00     0.00     0.00     0.00 -1 -6.56e-14      0.00 7.684e-01 2.230e-01 1.513e-03 4.140e-04 3.766e-03 -1.000 8.566e-03 4.976 5.893 5.723 5.054 4.647 4.307 3.869 3.519 3.473
0.01 -0.17553 9.90309 0.8933325410 2.4474849206    0.892 -0.035  3.7633  4.429    1  0.000  0.536     0.00     0.00     0.00     0.00     0.00 -1 -7.46e-14      0.00 7.704e-01 2.211e-01 1.502e-03 4.109e-04 3.739e-03 -1.000 8.470e-03 4.857 5.715 5.577 4.926 4.530 4.197 3.771 3.430 3.387
0.01 -0.17553 9.90309 0.8934782743 2.4475244551    0.892 -0.034  3.7634  4.428    1  0.000  0.536     0.00     0.00     0.00     0.00     0.00 -1 -7.47e-14      0.00 7.705e-01 2.211e-01 1.501e-03 4.109e-04 3.738e-03 -1.000 8.469e-03 4.856 5.713 5.575 4.925 4.529 4.196 3.770 3.429 3.386
0.01 -0.17553 9.90309 0.9009237885 2.4495247196    0.900 -0.009  3.7656  4.415    1  0.000  0.535     0.00     0.00     0.00     0.00     0.00 -1 -8.02e-14      0.00 7.719e-01 2.197e-01 1.493e-03 4.087e-04 3.719e-03 -1.000 8.426e-03 4.792 5.622 5.499 4.857 4.467 4.137 3.717 3.380 3.338
0.01 -0.17553 9.90309 0.9109220505 2.4521517258    0.910  0.027  3.7683  4.396    1  0.000  0.535     0.00     0.00     0.00     0.00     0.00 -1 -8.84e-14      0.00 7.738e-01 2.179e-01 1.483e-03 4.058e-04 3.693e-03 -1.000 8.381e-03 4.704 5.499 5.394 4.764 4.380 4.055 3.642 3.311 3.271
0.01 -0.17553 9.90309 0.9287743568 2.4566810000    0.927  0.091  3.7728  4.358    1  0.000  0.535     0.00     0.00     0.00     0.00     0.00 -1 -1.06e-13      0.00 7.773e-01 2.144e-01 1.463e-03 4.005e-04 3.645e-03 -1.000 8.321e-03 4.544 5.284 5.207 4.597 4.224 3.906 3.505 3.184 3.146
0.01 -0.17553 9.90309 0.9413043261 2.4597422279    0.940  0.136  3.7756  4.330    1  0.000  0.535     0.00     0.00     0.00     0.00     0.00 -1  -1.2e-13      0.00 7.798e-01 2.120e-01 1.448e-03 3.967e-04 3.611e-03 -1.000 8.261e-03 4.431 5.138 5.077 4.479 4.113 3.800 3.406 3.091 3.054
0.01 -0.17553 9.90309 0.9512495399 2.4621060622    0.950  0.172  3.7773  4.305    1  0.000  0.535     0.00     0.00     0.00     0.00     0.00 -1 -1.34e-13      0.00 7.824e-01 2.094e-01 1.433e-03 3.926e-04 3.575e-03 -1.000 8.178e-03 4.341 5.028 4.976 4.387 4.025 3.715 3.325 3.014 2.978
0.01 -0.17553 9.90309 0.9647936225 2.4652353363    0.964  0.221  3.7790  4.269    1  0.000  0.534     0.00     0.00     0.00     0.00     0.00 -1 -1.55e-13      0.00 7.859e-01 2.060e-01 1.414e-03 3.873e-04 3.527e-03 -1.000 8.026e-03 4.218 4.885 4.842 4.261 3.903 3.596 3.211 2.904 2.868
0.01 -0.17553 9.90309 0.9755977988 2.4676600581    0.974  0.264  3.7803  4.236    1  0.000  0.534     0.00     0.00     0.00     0.00     0.00 -1 -1.77e-13      0.00 7.867e-01 2.053e-01 1.410e-03 3.863e-04 3.518e-03 -1.000 8.039e-03 4.110 4.764 4.727 4.151 3.797 3.492 3.110 2.806 2.771
0.01 -0.17553 9.90309 0.9790433049 2.4684203831    0.978  0.278  3.7806  4.225    1  0.000  0.534     0.00     0.00     0.00     0.00     0.00 -1 -1.86e-13      0.00 7.869e-01 2.051e-01 1.409e-03 3.861e-04 3.516e-03 -1.000 8.000e-03 4.075 4.726 4.690 4.116 3.762 3.458 3.077 2.773 2.738
0.01 -0.17553 9.90309 0.9847614765 2.4696687276    0.984  0.302  3.7810  4.205    1  0.000  0.534     0.00     0.00     0.00     0.00     0.00 -1    -2e-13      0.00 7.870e-01 2.050e-01 1.409e-03 3.859e-04 3.515e-03 -1.000 8.025e-03 4.016 4.663 4.628 4.056 3.703 3.399 3.019 2.716 2.682
0.01 -0.17553 9.90309 0.9891304374 2.4706113457    0.988  0.321  3.7810  4.188    1  0.000  0.534     0.00     0.00     0.00     0.00     0.00 -1 -2.12e-13      0.00 7.869e-01 2.051e-01 1.410e-03 3.862e-04 3.518e-03 -1.000 8.021e-03 3.968 4.616 4.580 4.008 3.656 3.352 2.971 2.669 2.634
0.01 -0.17553 9.90309 0.9941031337 2.4716726361    0.993  0.343  3.7809  4.168    1  0.000  0.534     0.00     0.00     0.00     0.00     0.00 -1 -2.26e-13      0.00 7.871e-01 2.049e-01 1.410e-03 3.863e-04 3.520e-03 -1.000 8.004e-03 3.914 4.562 4.525 3.953 3.601 3.297 2.916 2.614 2.579
0.01 -0.17553 9.90309 1.0045548677 2.4738639448    1.003  0.390  3.7798  4.120    1  0.000  0.534     0.00     0.00     0.00     0.00     0.00 -1 -2.62e-13      0.00 7.865e-01 2.055e-01 1.417e-03 3.882e-04 3.536e-03 -1.000 8.060e-03 3.794 4.452 4.409 3.835 3.481 3.176 2.792 2.487 2.452
0.01 -0.17553 9.90309 1.0115168095 2.4752947218    1.010  0.424  3.7782  4.084    1  0.000  0.534     0.00     0.00     0.00     0.00     0.00 -1 -2.92e-13      0.00 7.845e-01 2.074e-01 1.431e-03 3.922e-04 3.573e-03 -1.000 8.176e-03 3.711 4.386 4.334 3.754 3.397 3.089 2.701 2.393 2.357
0.01 -0.17553 9.90309 1.0134418011 2.4756863472    1.012  0.433  3.7774  4.072    1  0.000  0.534     0.00     0.00     0.00     0.00     0.00 -1 -3.02e-13      0.00 7.829e-01 2.089e-01 1.442e-03 3.950e-04 3.599e-03 -1.000 8.206e-03 3.687 4.371 4.315 3.731 3.373 3.064 2.673 2.364 2.327
0.01 -0.17553 9.90309 1.0212483406 2.4772571415    1.020  0.471  3.7726  4.018    2  0.000  0.534     0.00     0.00     0.00     0.00     0.00 -1 -3.46e-13      0.00 7.741e-01 2.173e-01 1.496e-03 4.100e-04 3.735e-03 -1.000 8.510e-03 3.593 4.327 4.247 3.644 3.275 2.958 2.555 2.234 2.196
0.01 -0.17553 9.90309 1.0291440487 2.4788180337    1.027  0.503  3.7625  3.948    2  0.000  0.535     0.00     0.00     0.00     0.00     0.00 -1 -3.98e-13      0.00 7.599e-01 2.311e-01 1.578e-03 4.321e-04 3.934e-03 -1.000 8.961e-03 3.512 4.357 4.223 3.580 3.190 2.857 2.426 2.083 2.040
0.01 -0.17553 9.90309 1.0333580971 2.4796398852    1.032  0.510  3.7517  3.900    2  0.000  0.536     0.00     0.00     0.00     0.00     0.00 -1 -4.27e-13      0.00 7.500e-01 2.407e-01 1.632e-03 4.466e-04 4.063e-03 -1.000 9.258e-03 3.494 4.472 4.271 3.585 3.170 2.820 2.360 1.992 1.944
0.01 -0.17553 9.90309 1.0359623432 2.4801439401    1.034  0.506  3.7409  3.862    2  0.000  0.536     0.00     0.00     0.00     0.00     0.00 -1 -4.41e-13      0.00 7.434e-01 2.471e-01 1.667e-03 4.558e-04 4.145e-03 -1.000 9.442e-03 3.504 4.623 4.346 3.622 3.182 2.815 2.324 1.930 1.878
0.01 -0.17553 9.90309 1.0369565487 2.4803356019    1.035  0.504  3.7357  3.844    2  0.000  0.536     0.00     0.00     0.00     0.00     0.00 -1 -4.47e-13      0.00 7.411e-01 2.494e-01 1.679e-03 4.589e-04 4.173e-03 -1.000 9.505e-03 3.510 4.701 4.387 3.643 3.191 2.816 2.309 1.902 1.848
0.01 -0.17553 9.90309 1.0377206802 2.4804826234    1.036  0.502  3.7315  3.829    2  0.000  0.536     0.00     0.00     0.00     0.00     0.00 -1 -4.52e-13      0.00 7.394e-01 2.510e-01 1.687e-03 4.613e-04 4.194e-03 -1.000 9.551e-03 3.515 4.765 4.421 3.660 3.199 2.817 2.297 1.878 1.823
0.01 -0.17553 9.90309 1.0391367674 2.4807544259    1.037  0.505  3.7235  3.795    2  0.000  0.537     0.00     0.00     0.00     0.00     0.00 -1 -4.71e-13      0.00 7.366e-01 2.538e-01 1.701e-03 4.649e-04 4.226e-03 -1.000 9.604e-03 3.508 4.874 4.470 3.680 3.200 2.804 2.259 1.819 1.761
0.01 -0.17553 9.90309 1.0408345461 2.4810791753    1.039  0.521  3.7149  3.746    2  0.000  0.537     0.00     0.00     0.00     0.00     0.00 -1 -5.13e-13      0.00 7.336e-01 2.567e-01 1.715e-03 4.686e-04 4.258e-03 -1.000 9.630e-03 3.468 4.965 4.493 3.671 3.170 2.759 2.187 1.722 1.661
0.01 -0.17553 9.90309 1.0423398018 2.4813660818    1.040  0.551  3.7091  3.692    2  0.000  0.537     0.00     0.00     0.00     0.00     0.00 -1 -5.83e-13      0.00 7.310e-01 2.593e-01 1.725e-03 4.712e-04 4.282e-03 -1.000 9.716e-03 3.392 4.978 4.461 3.618 3.102 2.681 2.090 1.608 1.545
0.01 -0.17553 9.90309 1.0427620411 2.4814463908    1.041  0.562  3.7078  3.676    2  0.000  0.537     0.00     0.00     0.00     0.00     0.00 -1 -6.12e-13      0.00 7.302e-01 2.600e-01 1.727e-03 4.718e-04 4.287e-03 -1.000 9.777e-03 3.364 4.970 4.443 3.595 3.076 2.653 2.057 1.572 1.508
0.01 -0.17553 9.90309 1.0434311628 2.4815735034    1.041  0.583  3.7061  3.649    3  0.000  0.537     0.00     0.00     0.00     0.00     0.00 -1  -6.6e-13      0.00 7.290e-01 2.612e-01 1.730e-03 4.728e-04 4.295e-03 -1.000 9.782e-03 3.311 4.944 4.404 3.550 3.027 2.601 1.999 1.509 1.444
0.01 -0.17553 9.90309 1.0447206497 2.4818179383    1.043  0.628  3.7034  3.594    3  0.000  0.536     0.00     0.00     0.00     0.00     0.00 -1 -7.74e-13      0.00 7.264e-01 2.638e-01 1.733e-03 4.749e-04 4.309e-03 -1.000 9.811e-03 3.200 4.872 4.314 3.450 2.920 2.489 1.877 1.379 1.314
0.01 -0.17553 9.90309 1.0460690260 2.4820727951    1.044  0.682  3.7011  3.531    3  0.000  0.532     0.00     0.00     0.00     0.00     0.00 -1 -9.36e-13      0.00 7.231e-01 2.671e-01 1.722e-03 4.836e-04 4.320e-03 -1.000 9.792e-03 3.066 4.768 4.198 3.325 2.791 2.355 1.736 1.231 1.164
0.01 -0.17553 9.90309 1.0472855568 2.4823020843    1.045  0.736  3.6992  3.471    3  0.000  0.519     0.00     0.00     0.00     0.00     0.00 -1 -1.13e-12      0.00 7.197e-01 2.704e-01 1.686e-03 5.171e-04 4.329e-03 -1.000 9.815e-03 2.931 4.660 4.078 3.198 2.660 2.220 1.594 1.084 1.017
0.01 -0.17553 9.90309 1.0481719971 2.4824687732    1.046  0.779  3.6980  3.423    3  0.000  0.505     0.00     0.00     0.00     0.00     0.00 -1 -1.32e-12      0.00 7.172e-01 2.730e-01 1.642e-03 5.651e-04 4.335e-03 -1.000 9.817e-03 2.824 4.575 3.983 3.096 2.555 2.113 1.483 0.969 0.901
0.01 -0.17553 9.90309 1.0489398241 2.4826128960    1.047  0.819  3.6968  3.378    3  0.000  0.491     0.00     0.00     0.00     0.00     0.00 -1 -1.53e-12      0.00 7.149e-01 2.752e-01 1.599e-03 6.186e-04 4.339e-03 -1.000 9.867e-03 2.723 4.494 3.892 3.000 2.457 2.012 1.377 0.860 0.792
0.01 -0.17553 9.90309 1.0496810675 2.4827517989    1.047  0.860  3.6956  3.332    3  0.000  0.478     0.00     0.00     0.00     0.00     0.00 -1 -1.77e-12      0.00 7.126e-01 2.775e-01 1.556e-03 6.723e-04 4.343e-03 -1.000 9.924e-03 2.619 4.412 3.800 2.902 2.356 1.909 1.270 0.748 0.680
0.01 -0.17553 9.90309 1.0505536795 2.4829150304    1.048  0.914  3.6940  3.272    3  0.000  0.466     0.00     0.00     0.00     0.00     0.00 -1 -2.14e-12      0.00 7.103e-01 2.798e-01 1.520e-03 7.186e-04 4.346e-03 -1.000 9.925e-03 2.485 4.306 3.680 2.775 2.225 1.774 1.130 0.603 0.535
0.01 -0.17553 9.90309 1.0511868000 2.4830332674    1.049  0.956  3.6927  3.225    3  0.000  0.460     0.00     0.00     0.00     0.00     0.00 -1 -2.49e-12      0.00 7.089e-01 2.812e-01 1.499e-03 7.454e-04 4.348e-03 -1.000 9.914e-03 2.379 4.223 3.587 2.676 2.122 1.669 1.020 0.490 0.420
0.01 -0.17553 9.90309 1.0519008636 2.4831664243    1.050  1.009  3.6909  3.166    3  0.000  0.454     0.00     0.00     0.00     0.00     0.00 -1    -3e-12      0.00 7.074e-01 2.827e-01 1.481e-03 7.689e-04 4.350e-03 -1.000 9.935e-03 2.249 4.124 3.473 2.553 1.995 1.539 0.883 0.347 0.278
0.01 -0.17553 9.90309 1.0524027348 2.4832598877    1.050  1.048  3.6895  3.121    3  0.000  0.451     0.00     0.00     0.00     0.00     0.00 -1 -3.46e-12      0.00 7.066e-01 2.835e-01 1.471e-03 7.818e-04 4.351e-03 -1.000 9.908e-03 2.149 4.050 3.387 2.460 1.898 1.439 0.778 0.239 0.168
0.01 -0.17553 9.90309 1.0528889894 2.4833503452    1.050  1.090  3.6880  3.073    3  0.000  0.448     0.00     0.00     0.00     0.00     0.00 -1 -4.02e-12      0.00 7.060e-01 2.841e-01 1.463e-03 7.914e-04 4.352e-03 -1.000 9.923e-03 2.044 3.973 3.297 2.363 1.798 1.335 0.668 0.125 0.054
0.01 -0.17553 9.90309 1.0534458160 2.4834538131    1.051  1.142  3.6859  3.013    3  0.000  0.446     0.00     0.00     0.00     0.00     0.00 -1 -4.85e-12      0.00 7.053e-01 2.847e-01 1.456e-03 8.008e-04 4.353e-03 -1.000 9.969e-03 1.914 3.880 3.187 2.243 1.672 1.205 0.531 -0.019 -0.091
0.01 -0.17553 9.90309 1.0539399385 2.4835455242    1.051  1.194  3.6838  2.953    3  0.000  0.445     0.00     0.00     0.00     0.00     0.00 -1 -5.83e-12      0.00 7.049e-01 2.851e-01 1.452e-03 8.061e-04 4.353e-03 -1.000 9.962e-03 1.786 3.791 3.079 2.125 1.549 1.078 0.397 -0.160 -0.233
0.01 -0.17553 9.90309 1.0543774366 2.4836266431    1.052  1.243  3.6817  2.895    3  0.000  0.444     0.00     0.00     0.00     0.00     0.00 -1 -6.99e-12      0.00 7.047e-01 2.853e-01 1.450e-03 8.092e-04 4.354e-03 -1.000 9.926e-03 1.661 3.706 2.975 2.011 1.430 0.955 0.265 -0.298 -0.372
0.01 -0.17553 9.90309 1.0547825098 2.4837016810    1.052  1.295  3.6794  2.835    3  0.000  0.444     0.00     0.00     0.00     0.00     0.00 -1 -8.42e-12      0.00 7.047e-01 2.854e-01 1.449e-03 8.098e-04 4.354e-03 -1.000 9.926e-03 1.534 3.621 2.870 1.895 1.308 0.828 0.130 -0.440 -0.515
0.01 -0.17553 9.90309 1.0551375151 2.4837673895    1.052  1.344  3.6771  2.777    3  0.000  0.444     0.00     0.00     0.00     0.00     0.00 -1 -1.01e-11      0.00 7.047e-01 2.854e-01 1.449e-03 8.102e-04 4.354e-03 -1.000 9.927e-03 1.411 3.542 2.770 1.785 1.192 0.707 0.000 -0.577 -0.653
0.01 -0.17553 9.90309 1.0554608107 2.4838271846    1.052  1.393  3.6747  2.718    3  0.000  0.444     0.00     0.00     0.00     0.00     0.00 -1 -1.21e-11      0.00 7.047e-01 2.854e-01 1.449e-03 8.105e-04 4.354e-03 -1.000 9.927e-03 1.289 3.467 2.672 1.677 1.076 0.586 -0.129 -0.714 -0.791
0.01 -0.17553 9.90309 1.0557552576 2.4838816074    1.053  1.441  3.6723  2.661    3  0.000  0.444     0.00     0.00     0.00     0.00     0.00 -1 -1.44e-11      0.00 7.047e-01 2.854e-01 1.448e-03 8.108e-04 4.354e-03 -1.000 9.928e-03 1.168 3.393 2.575 1.569 0.963 0.467 -0.257 -0.849 -0.928
0.01 -0.17553 9.90309 1.0560252666 2.4839314826    1.053  1.489  3.6698  2.603    3  0.000  0.444     0.00     0.00     0.00     0.00     0.00 -1 -1.72e-11      0.00 7.047e-01 2.854e-01 1.448e-03 8.111e-04 4.354e-03 -1.000 9.928e-03 1.049 3.322 2.481 1.464 0.850 0.350 -0.384 -0.984 -1.064
0.01 -0.17553 9.90309 1.0562760830 2.4839777863    1.053  1.536  3.6673  2.546    3  0.000  0.443     0.00     0.00     0.00     0.00     0.00 -1 -2.04e-11      0.00 7.047e-01 2.854e-01 1.448e-03 8.113e-04 4.354e-03 -1.000 9.928e-03 0.931 3.255 2.391 1.362 0.741 0.235 -0.509 -1.116 -1.198
0.01 -0.17553 9.90309 1.0565129519 2.4840214920    1.053  1.580  3.6649  2.492    3  0.000  0.443     0.00     0.00     0.00     0.00     0.00 -1 -2.41e-11      0.00 7.047e-01 2.854e-01 1.448e-03 8.116e-04 4.354e-03 -1.000 9.929e-03 0.819 3.195 2.306 1.265 0.637 0.125 -0.628 -1.243 -1.326
0.01 -0.17553 9.90309 1.0568072796 2.4840757682    1.053  1.626  3.6625  2.437    3  0.000  0.443     0.00     0.00     0.00     0.00     0.00 -1 -2.86e-11      0.00 7.047e-01 2.854e-01 1.448e-03 8.119e-04 4.354e-03 -1.000 9.929e-03 0.706 3.147 2.223 1.167 0.531 0.014 -0.748 -1.370 -1.455
0.01 -0.17553 9.90309 1.0568997860 2.4840928199    1.053  1.635  3.6620  2.426    3  0.000  0.443     0.00     0.00     0.00     0.00     0.00 -1 -2.96e-11      0.00 7.047e-01 2.854e-01 1.448e-03 8.120e-04 4.354e-03 -1.000 9.929e-03 0.683 3.136 2.206 1.146 0.509 -0.009 -0.773 -1.396 -1.481
0.01 -0.17553 9.90309 1.0570847988 2.4841269130    1.053  1.607  3.6639  2.461    3  0.000  0.443     0.00     0.00     0.00     0.00     0.00 -1  -2.7e-11      0.00 7.047e-01 2.854e-01 1.447e-03 8.122e-04 4.354e-03 -1.000 9.930e-03 0.752 3.155 2.251 1.203 0.572 0.059 -0.698 -1.316 -1.400
0.01 -0.17553 9.90309 1.0572155714 2.4841510027    1.053  1.569  3.6665  2.510    3  0.000  0.443     0.00     0.00     0.00     0.00     0.00 -1 -2.34e-11      0.00 7.047e-01 2.854e-01 1.447e-03 8.123e-04 4.354e-03 -1.000 9.930e-03 0.848 3.188 2.316 1.283 0.660 0.153 -0.594 -1.204 -1.287
0.01 -0.17553 9.90309 1.0572373867 2.4841550207    1.053  1.563  3.6669  2.517    3  0.000  0.443     0.00     0.00     0.00     0.00     0.00 -1 -2.28e-11      0.00 7.046e-01 2.854e-01 1.447e-03 8.123e-04 4.354e-03 -1.000 9.930e-03 0.862 3.194 2.326 1.295 0.674 0.167 -0.579 -1.187 -1.270
0.01 -0.17553 9.90309 1.0572681427 2.4841606850    1.053  1.571  3.6664  2.507    3  0.000  0.443     0.00     0.00     0.00     0.00     0.00 -1 -2.34e-11      0.00 7.046e-01 2.854e-01 1.447e-03 8.124e-04 4.354e-03 -1.000 9.930e-03 0.843 3.184 2.312 1.278 0.656 0.148 -0.599 -1.210 -1.292
0.01 -0.17553 9.90309 1.0574526787 2.4841946630    1.053  1.616  3.6639  2.452    3  0.000  0.443     0.00     0.00     0.00     0.00     0.00 -1 -2.74e-11      0.00 7.046e-01 2.854e-01 1.447e-03 8.125e-04 4.354e-03 -1.000 9.930e-03 0.730 3.137 2.231 1.182 0.550 0.037 -0.720 -1.338 -1.422
0.01 -0.17553 9.90309 1.0576372147 2.4842286274    1.053  1.662  3.6612  2.395    3  0.000  0.443     0.00     0.00     0.00     0.00     0.00 -1 -3.25e-11      0.00 7.046e-01 2.854e-01 1.447e-03 8.127e-04 4.354e-03 -1.000 9.931e-03 0.615 3.093 2.149 1.084 0.443 -0.076 -0.843 -1.469 -1.554
0.01 -0.17553 9.90309 1.0578142405 2.4842611967    1.053  1.708  3.6584  2.338    3  0.000  0.443     0.00     0.00     0.00     0.00     0.00 -1 -3.86e-11      0.00 7.046e-01 2.854e-01 1.447e-03 8.129e-04 4.354e-03 -1.000 9.931e-03 0.499 3.052 2.069 0.986 0.336 -0.190 -0.968 -1.602 -1.689
0.01 -0.17553 9.90309 1.0579783916 2.4842913861    1.053  1.755  3.6557  2.280    3  0.000  0.443     0.00     0.00     0.00     0.00     0.00 -1 -4.59e-11      0.00 7.046e-01 2.854e-01 1.447e-03 8.131e-04 4.354e-03 -1.000 9.931e-03 0.383 3.014 1.991 0.889 0.229 -0.304 -1.092 -1.735 -1.823
0.01 -0.17553 9.90309 1.0581257343 2.4843184750    1.053  1.800  3.6529  2.224    3  0.000  0.443     0.00     0.00     0.00     0.00     0.00 -1 -5.43e-11      0.00 7.046e-01 2.854e-01 1.447e-03 8.132e-04 4.354e-03 -1.000 9.931e-03 0.271 2.979 1.915 0.796 0.126 -0.413 -1.212 -1.864 -1.954
0.01 -0.17553 9.90309 1.0582647324 2.4843440218    1.053  1.846  3.6500  2.167    3  0.000  0.443     0.00     0.00     0.00     0.00     0.00 -1 -6.45e-11      0.00 7.046e-01 2.854e-01 1.447e-03 8.134e-04 4.354e-03 -1.000 9.931e-03 0.156 2.946 1.839 0.702 0.021 -0.525 -1.336 -1.996 -2.087
0.01 -0.17553 9.90309 1.0583900213 2.4843670424    1.053  1.891  3.6472  2.111    3  0.000  0.443     0.00     0.00     0.00     0.00     0.00 -1 -7.64e-11      0.00 7.046e-01 2.855e-01 1.446e-03 8.135e-04 4.354e-03 -1.000 9.932e-03 0.044 2.917 1.768 0.612 -0.080 -0.634 -1.455 -2.125 -2.218
0.01 -0.17553 9.90309 1.0585050583 2.4843881738    1.053  1.935  3.6443  2.055    3  0.000  0.443     0.00     0.00     0.00     0.00     0.00 -1 -9.02e-11      0.00 7.046e-01 2.855e-01 1.446e-03 8.136e-04 4.354e-03 -1.000 9.932e-03 -0.067 2.891 1.698 0.523 -0.179 -0.741 -1.574 -2.252 -2.347
0.01 -0.17553 9.90309 1.0586117506 2.4844077676    1.053  1.979  3.6414  1.999    3  0.000  0.443     0.00     0.00     0.00     0.00     0.00 -1 -1.07e-10      0.00 7.046e-01 2.855e-01 1.446e-03 8.137e-04 4.354e-03 -1.000 9.932e-03 -0.178 2.866 1.629 0.435 -0.279 -0.848 -1.693 -2.380 -2.477
0.01 -0.17553 9.90309 1.0587083101 2.4844254966    1.053  2.023  3.6385  1.943    3  0.000  0.443     0.00     0.00     0.00     0.00     0.00 -1 -1.26e-10      0.00 7.046e-01 2.855e-01 1.446e-03 8.138e-04 4.355e-03 -1.000 9.932e-03 -0.288 2.830 1.566 0.347 -0.375 -0.951 -1.809 -2.501 -2.602
0.01 -0.17553 9.90309 1.0587979555 2.4844419528    1.052  2.067  3.6355  1.887    3  0.000  0.443     0.00     0.00     0.00     0.00     0.00 -1 -1.49e-10      0.00 7.046e-01 2.855e-01 1.446e-03 8.139e-04 4.355e-03 -1.000 9.932e-03 -0.398 2.793 1.503 0.259 -0.472 -1.055 -1.925 -2.622 -2.728
0.01 -0.17553 9.90309 1.0588784218 2.4844567213    1.052  2.110  3.6326  1.832    3  0.000  0.443     0.00     0.00     0.00     0.00     0.00 -1 -1.75e-10      0.00 7.046e-01 2.855e-01 1.446e-03 8.140e-04 4.355e-03 -1.000 9.932e-03 -0.505 2.756 1.442 0.173 -0.565 -1.156 -2.039 -2.740 -2.850
0.01 -0.17553 9.90309 1.0589531660 2.4844704373    1.052  2.153  3.6295  1.777    3  0.000  0.443     0.00     0.00     0.00     0.00     0.00 -1 -2.06e-10      0.00 7.046e-01 2.855e-01 1.446e-03 8.141e-04 4.355e-03 -1.000 9.932e-03 -0.613 2.719 1.380 0.088 -0.658 -1.256 -2.152 -2.858 -2.974
0.01 -0.17553 9.90309 1.0590215921 2.4844829919    1.051  2.196  3.6266  1.722    3  0.000  0.443     0.00     0.00     0.00     0.00     0.00 -1 -2.42e-10      0.00 7.046e-01 2.855e-01 1.446e-03 8.141e-04 4.355e-03 -1.000 9.933e-03 -0.720 2.680 1.320 0.005 -0.748 -1.355 -2.265 -2.975 -3.096
0.01 -0.17553 9.90309 1.0590842962 2.4844944950    1.051  2.238  3.6236  1.668    3  0.000  0.443     0.00     0.00     0.00     0.00     0.00 -1 -2.84e-10      0.00 7.046e-01 2.855e-01 1.446e-03 8.142e-04 4.355e-03 -1.000 9.933e-03 -0.825 2.641 1.260 -0.077 -0.837 -1.452 -2.375 -3.091 -3.217
0.01 -0.17553 9.90309 1.0591428280 2.4845052312    1.050  2.280  3.6205  1.613    3  0.000  0.443     0.00     0.00     0.00     0.00     0.00 -1 -3.34e-10      0.00 7.046e-01 2.855e-01 1.446e-03 8.143e-04 4.355e-03 -1.000 9.933e-03 -0.931 2.601 1.200 -0.159 -0.926 -1.549 -2.487 -3.207 -3.339
0.01 -0.17553 9.90309 1.0591951609 2.4845148293    1.050  2.321  3.6175  1.560    3  0.000  0.443     0.00     0.00     0.00     0.00     0.00 -1  -3.9e-10      0.00 7.046e-01 2.855e-01 1.446e-03 8.143e-04 4.355e-03 -1.000 9.933e-03 -1.033 2.564 1.143 -0.236 -1.009 -1.642 -2.594 -3.319 -3.458
0.01 -0.17553 9.90309 1.0592445135 2.4845238798    1.050  2.363  3.6144  1.506    3  0.000  0.443     0.00     0.00     0.00     0.00     0.00 -1 -4.57e-10      0.00 7.046e-01 2.855e-01 1.446e-03 8.144e-04 4.355e-03 -1.000 9.933e-03 -1.137 2.527 1.086 -0.313 -1.093 -1.735 -2.702 -3.433 -3.578
0.01 -0.17553 9.90309 1.0592902899 2.4845322736    1.049  2.404  3.6114  1.452    3  0.000  0.443     0.00     0.00     0.00     0.00     0.00 -1 -5.36e-10      0.00 7.046e-01 2.855e-01 1.446e-03 8.144e-04 4.355e-03 -1.000 9.933e-03 -1.241 2.522 1.034 -0.385 -1.178 -1.831 -2.813 -3.552 -3.701
0.01 -0.17553 9.90309 1.0593316555 2.4845398579    1.048  2.445  3.6083  1.399    3  0.000  0.443     0.00     0.00     0.00     0.00     0.00 -1 -6.26e-10      0.00 7.046e-01 2.855e-01 1.446e-03 8.145e-04 4.355e-03 -1.000 9.933e-03 -1.342 2.525 0.988 -0.451 -1.257 -1.924 -2.920 -3.669 -3.822
0.01 -0.17553 9.90309 1.0593702793 2.4845469389    1.048  2.485  3.6052  1.346    3  0.000  0.443     0.00     0.00     0.00     0.00     0.00 -1 -7.32e-10      0.00 7.046e-01 2.855e-01 1.446e-03 8.145e-04 4.355e-03 -1.000 9.933e-03 -1.443 2.529 0.943 -0.516 -1.335 -2.017 -3.029 -3.787 -3.945
0.01 -0.17553 9.90309 1.0594056845 2.4845534293    1.047  2.525  3.6021  1.293    3  0.000  0.443    11.36     8.32     5.83     4.49     3.64  4 -8.54e-10      0.00 7.046e-01 2.855e-01 1.446e-03 8.145e-04 4.355e-03 -1.000 9.933e-03 -1.543 2.533 0.899 -0.579 -1.413 -2.109 -3.136 -3.902 -4.065
0.01 -0.17553 9.90309 1.0594382286 2.4845593947    1.046  2.565  3.5990  1.241    3  0.000  0.443    12.66     9.14     6.38     4.92     3.99  4 -9.94e-10      0.00 7.046e-01 2.855e-01 1.446e-03 8.146e-04 4.355e-03 -1.000 9.933e-03 -1.642 2.540 0.858 -0.639 -1.486 -2.198 -3.240 -4.016 -4.183
0.01 -0.17553 9.90309 1.0594683886 2.4845649228    1.045  2.604  3.5958  1.189    3  0.000  0.443    14.10    10.04     6.98     5.39     4.38  3 -1.16e-09      0.00 7.046e-01 2.855e-01 1.446e-03 8.146e-04 4.355e-03 -1.000 9.933e-03 -1.740 2.543 0.820 -0.695 -1.556 -2.287 -3.345 -4.130 -4.302
0.01 -0.17553 9.90309 1.0594959259 2.4845699698    1.044  2.642  3.5927  1.138    3  0.000  0.443    15.68    11.01     7.62     5.89     4.79  3 -1.34e-09      0.00 7.046e-01 2.855e-01 1.446e-03 8.146e-04 4.355e-03 -1.000 9.933e-03 -1.835 2.548 0.783 -0.748 -1.624 -2.374 -3.448 -4.242 -4.418
0.01 -0.17553 9.90309 1.0595216751 2.4845746888    1.043  2.680  3.5895  1.087    3  0.000  0.443    17.42    12.07     8.32     6.44     5.23  3 -1.56e-09      0.00 7.046e-01 2.855e-01 1.446e-03 8.146e-04 4.355e-03 -1.000 9.933e-03 -1.930 2.556 0.749 -0.800 -1.690 -2.459 -3.549 -4.352 -4.533
0.01 -0.17553 9.90309 1.0595456362 2.4845790799    1.042  2.718  3.5864  1.036    3  0.000  0.443    19.36    13.23     9.08     7.04     5.72  3  -1.8e-09      0.00 7.046e-01 2.855e-01 1.446e-03 8.147e-04 4.355e-03 -1.000 9.933e-03 -2.025 2.559 0.719 -0.845 -1.750 -2.543 -3.651 -4.462 -4.648
0.01 -0.17553 9.90309 1.0595678091 2.4845831431    1.041  2.755  3.5832  0.986    3  0.000  0.443    21.48    14.48     9.90     7.69     6.25  3 -2.08e-09      0.00 7.046e-01 2.855e-01 1.446e-03 8.147e-04 4.355e-03 -1.000 9.933e-03 -2.117 2.568 0.693 -0.887 -1.808 -2.624 -3.750 -4.570 -4.761
0.01 -0.17553 9.90309 1.0595929623 2.4845877522    1.040  2.799  3.5792  0.924    3  0.000  0.443    24.40    16.17    11.01     8.56     6.96  3 -2.48e-09      0.00 7.046e-01 2.855e-01 1.446e-03 8.147e-04 4.355e-03 -1.000 9.933e-03 -2.229 2.586 0.669 -0.930 -1.873 -2.723 -3.871 -4.702 -4.900
0.01 -0.17553 9.90309 1.0596160889 2.4845919897    1.038  2.843  3.5752  0.863    3  0.000  0.443    27.68    18.04    12.22     9.52     7.74  3 -2.96e-09      0.00 7.046e-01 2.855e-01 1.445e-03 8.147e-04 4.355e-03 -1.000 9.933e-03 -2.339 2.597 0.653 -0.960 -1.925 -2.817 -3.991 -4.832 -5.036
0.01 -0.17553 9.90309 1.0596374273 2.4845958994    1.036  2.887  3.5711  0.803    3  0.000  0.443    31.39    20.13    13.56    10.58     8.60  2 -3.52e-09      0.00 7.046e-01 2.855e-01 1.445e-03 8.148e-04 4.355e-03 -1.000 9.933e-03 -2.448 2.609 0.638 -0.988 -1.977 -2.911 -4.110 -4.961 -5.172
0.01 -0.17553 9.90309 1.0596570969 2.4845995031    1.034  2.930  3.5671  0.743    3  0.000  0.443    35.53    22.41    15.03    11.74     9.55  2 -4.17e-09      0.00 7.046e-01 2.855e-01 1.445e-03 8.148e-04 4.355e-03 -1.000 9.933e-03 -2.555 2.617 0.633 -1.001 -2.017 -3.001 -4.228 -5.089 -5.305
0.01 -0.17553 9.90309 1.0596750975 2.4846028009    1.032  2.972  3.5631  0.684    3  0.000  0.443    40.16    24.93    16.63    13.02    10.59  2 -4.94e-09      0.00 7.046e-01 2.855e-01 1.445e-03 8.148e-04 4.355e-03 -1.000 9.933e-03 -2.660 2.624 0.633 -1.006 -2.050 -3.087 -4.345 -5.214 -5.437
0.01 -0.17553 9.90309 1.0596917868 2.4846058584    1.030  3.013  3.5590  0.625    3  0.000  0.443    45.34    27.69    18.39    14.42    11.73  2 -5.84e-09      0.00 7.046e-01 2.855e-01 1.445e-03 8.148e-04 4.355e-03 -1.000 9.933e-03 -2.763 2.632 0.642 -1.001 -2.075 -3.169 -4.459 -5.337 -5.567
0.01 -0.17553 9.90309 1.0597069263 2.4846086319    1.027  3.053  3.5549  0.568    3  0.000  0.443    51.03    30.68    20.28    15.93    12.96  2 -6.86e-09      0.00 7.046e-01 2.855e-01 1.445e-03 8.148e-04 4.355e-03 -1.000 9.933e-03 -2.862 2.639 0.665 -0.975 -2.084 -3.243 -4.569 -5.456 -5.693
0.01 -0.17553 9.90309 1.0597209930 2.4846112087    1.024  3.092  3.5508  0.512    3  0.000  0.443    57.36    33.96    22.34    17.57    14.31  2 -8.05e-09      0.00 7.046e-01 2.855e-01 1.445e-03 8.148e-04 4.355e-03 -1.000 9.933e-03 -2.959 2.647 0.690 -0.947 -2.092 -3.315 -4.678 -5.573 -5.817
0.01 -0.17553 9.90309 1.0597341061 2.4846136108    1.021  3.130  3.5467  0.455    3  0.000  0.443    64.47    37.58    24.61    19.39    15.79  2 -9.44e-09      0.00 7.046e-01 2.855e-01 1.445e-03 8.149e-04 4.355e-03 -1.000 9.934e-03 -3.056 2.654 0.735 -0.892 -2.082 -3.378 -4.788 -5.690 -5.940
0.01 -0.17553 9.90309 1.0597462654 2.4846158381    1.018  3.168  3.5425  0.400    3  0.000  0.443    72.33    41.51    27.06    21.35    17.39  2  -1.1e-08      0.00 7.046e-01 2.855e-01 1.445e-03 8.149e-04 4.355e-03 -1.000 9.934e-03 -3.150 2.662 0.790 -0.825 -2.064 -3.437 -4.895 -5.804 -6.062
0.01 -0.17553 9.90309 1.0597577095 2.4846179344    1.014  3.205  3.5383  0.344    3  0.000  0.443    81.21    45.88    29.77    23.53    19.17  1 -1.29e-08      0.00 7.046e-01 2.855e-01 1.445e-03 8.149e-04 4.355e-03 -1.000 9.934e-03 -3.243 2.671 0.857 -0.742 -2.037 -3.488 -5.002 -5.918 -6.183
0.01 -0.17553 9.90309 1.0597683191 2.4846198777    1.010  3.241  3.5341  0.289    3  0.000  0.443    90.90    50.58    32.68    25.87    21.08  1  -1.5e-08      0.00 7.046e-01 2.855e-01 1.445e-03 8.149e-04 4.355e-03 -1.000 9.934e-03 -3.333 2.678 0.935 -0.645 -1.999 -3.529 -5.106 -6.027 -6.300
0.01 -0.17553 9.90309 1.0597780943 2.4846216682    1.005  3.276  3.5300  0.236    3  0.000  0.443   101.54    55.65    35.80    28.38    23.13  1 -1.74e-08      0.00 7.046e-01 2.855e-01 1.445e-03 8.149e-04 4.355e-03 -1.000 9.934e-03 -3.421 2.686 1.013 -0.546 -1.961 -3.568 -5.208 -6.134 -6.415
0.01 -0.17553 9.90309 1.0597873926 2.4846233712    1.001  3.311  3.5258  0.182    3  0.000  0.443   113.40    61.22    39.20    31.13    25.38  1 -2.02e-08      0.00 7.046e-01 2.855e-01 1.445e-03 8.149e-04 4.355e-03 -1.000 9.934e-03 -3.507 2.693 1.122 -0.409 -1.901 -3.581 -5.309 -6.240 -6.528
0.01 -0.17553 9.90309 1.0597960949 2.4846249651    0.995  3.344  3.5217  0.131    3  0.000  0.443   126.19    67.12    42.80    34.04    27.76  1 -2.32e-08      0.00 7.046e-01 2.855e-01 1.445e-03 8.149e-04 4.355e-03 -1.000 9.934e-03 -3.591 2.703 1.234 -0.269 -1.838 -3.591 -5.406 -6.341 -6.637
0.01 -0.17553 9.90309 1.0598044395 2.4846264935    0.990  3.376  3.5178  0.080    3  0.000  0.443   140.13    73.45    46.64    37.16    30.30  1 -2.67e-08      0.00 7.046e-01 2.855e-01 1.445e-03 8.149e-04 4.355e-03 -1.000 9.934e-03 -3.671 2.712 1.360 -0.106 -1.761 -3.582 -5.500 -6.438 -6.743
0.01 -0.17553 9.90309 1.0598092079 2.4846273668    0.986  3.393  3.5157  0.053    3  0.000  0.443   148.13    77.04    48.81    38.92    31.74  1 -2.88e-08      0.00 7.046e-01 2.855e-01 1.445e-03 8.149e-04 4.355e-03 -1.000 9.934e-03 -3.713 2.716 1.432 -0.011 -1.716 -3.571 -5.549 -6.490 -6.799
0.01 -0.17553 9.90309 1.0598092079 2.4846273668    0.987  1.714  3.6785  2.384    4  0.000  0.464     0.00     0.00     0.00     0.00     0.00 -1    -1e-30      0.00 7.071e-01 2.830e-01 1.509e-03 7.302e-04 4.340e-03 -1.000 9.899e-03 0.486 2.597 1.837 0.844 0.263 -0.219 -0.923 -1.491 -1.566
0.01 -0.17553 9.90309 1.0599185228 2.4846473854    0.987  1.723  3.6778  2.373    4  0.000  0.464     0.00     0.00     0.00     0.00     0.00 -1    -1e-30      0.00 7.071e-01 2.830e-01 1.509e-03 7.304e-04 4.340e-03 -1.000 9.899e-03 0.463 2.590 1.822 0.825 0.242 -0.242 -0.947 -1.518 -1.594
0.01 -0.17553 9.90309 1.0600287914 2.4846675739    0.987  1.727  3.6776  2.368    4  0.000  0.464     0.00     0.00     0.00     0.00     0.00 -1    -1e-30      0.00 7.071e-01 2.830e-01 1.509e-03 7.305e-04 4.340e-03 -1.000 9.899e-03 0.453 2.585 1.815 0.817 0.232 -0.252 -0.958 -1.529 -1.605
0.01 -0.17553 9.90309 1.0601389408 2.4846877357    0.987  1.727  3.6778  2.368    4  0.000  0.464     0.00     0.00     0.00     0.00     0.00 -1    -1e-30      0.00 7.071e-01 2.830e-01 1.509e-03 7.306e-04 4.340e-03 -1.000 9.899e-03 0.452 2.580 1.812 0.814 0.230 -0.253 -0.959 -1.529 -1.605
0.01 -0.17553 9.90309 1.0602532625 2.4847086561    0.987  1.726  3.6782  2.371    4  0.000  0.464     0.00     0.00     0.00     0.00     0.00 -1    -1e-30      0.00 7.071e-01 2.830e-01 1.509e-03 7.308e-04 4.341e-03 -1.000 9.899e-03 0.455 2.575 1.811 0.815 0.233 -0.250 -0.954 -1.524 -1.599
0.01 -0.17553 9.90309 1.0603666306 2.4847293968    0.987  1.724  3.6786  2.375    4  0.000  0.463     0.00     0.00     0.00     0.00     0.00 -1    -1e-30      0.00 7.071e-01 2.830e-01 1.509e-03 7.309e-04 4.341e-03 -1.000 9.899e-03 0.461 2.570 1.811 0.818 0.237 -0.245 -0.948 -1.516 -1.591
0.01 -0.17553 9.90309 1.0604782104 2.4847498055    0.987  1.721  3.6791  2.379    4  0.000  0.463     0.00     0.00     0.00     0.00     0.00 -1    -1e-30      0.00 7.071e-01 2.830e-01 1.509e-03 7.311e-04 4.341e-03 -1.000 9.899e-03 0.466 2.565 1.811 0.821 0.241 -0.240 -0.940 -1.507 -1.582
0.01 -0.17553 9.90309 1.0605956316 2.4847712772    0.988  1.719  3.6796  2.384    4  0.000  0.463     0.00     0.00     0.00     0.00     0.00 -1    -1e-30      0.00 7.071e-01 2.830e-01 1.509e-03 7.312e-04 4.341e-03 -1.000 9.899e-03 0.472 2.560 1.812 0.824 0.246 -0.234 -0.933 -1.498 -1.572
0.01 -0.17553 9.90309 1.0607192516 2.4847938765    0.988  1.717  3.6801  2.388    4  0.000  0.463     0.00     0.00     0.00     0.00     0.00 -1    -1e-30      0.00 7.071e-01 2.830e-01 1.508e-03 7.314e-04 4.341e-03 -1.000 9.899e-03 0.478 2.554 1.813 0.827 0.251 -0.228 -0.925 -1.489 -1.563
0.01 -0.17553 9.90309 1.0608321428 2.4848145092    0.988  1.715  3.6805  2.392    4  0.000  0.463     0.00     0.00     0.00     0.00     0.00 -1    -1e-30      0.00 7.071e-01 2.830e-01 1.508e-03 7.315e-04 4.341e-03 -1.000 9.899e-03 0.483 2.550 1.813 0.829 0.254 -0.223 -0.919 -1.481 -1.555
0.01 -0.17553 9.90309 1.0609530210 2.4848365960    0.988  1.713  3.6809  2.395    4  0.000  0.463     0.00     0.00     0.00     0.00     0.00 -1    -1e-30      0.00 7.071e-01 2.830e-01 1.508e-03 7.317e-04 4.341e-03 -1.000 9.899e-03 0.487 2.545 1.813 0.832 0.258 -0.219 -0.913 -1.475 -1.548
0.01 -0.17553 9.90309 1.0610738993 2.4848586771    0.988  1.712  3.6813  2.398    4  0.000  0.463     0.00     0.00     0.00     0.00     0.00 -1    -1e-30      0.00 7.071e-01 2.830e-01 1.508e-03 7.318e-04 4.341e-03 -1.000 9.899e-03 0.491 2.540 1.812 0.833 0.260 -0.216 -0.909 -1.469 -1.542
0.01 -0.17553 9.90309 1.0611931086 2.4848804476    0.988  1.711  3.6817  2.401    4  0.000  0.463     0.00     0.00     0.00     0.00     0.00 -1    -1e-30      0.00 7.071e-01 2.830e-01 1.508e-03 7.320e-04 4.341e-03 -1.000 9.899e-03 0.493 2.535 1.811 0.834 0.262 -0.213 -0.905 -1.463 -1.537
0.01 -0.17553 9.90309 1.0613101721 2.4849018208    0.988  1.710  3.6820  2.403    4  0.000  0.463     0.00     0.00     0.00     0.00     0.00 -1    -1e-30      0.00 7.071e-01 2.830e-01 1.508e-03 7.321e-04 4.341e-03 -1.000 9.899e-03 0.496 2.531 1.810 0.834 0.264 -0.211 -0.901 -1.459 -1.532
0.01 -0.17553 9.90309 1.0613616705 2.4849112215    0.989  1.709  3.6822  2.404    4  0.000  0.463     0.00     0.00     0.00     0.00     0.00 -1    -1e-30      0.00 7.071e-01 2.830e-01 1.508e-03 7.322e-04 4.341e-03 -1.000 9.899e-03 0.497 2.529 1.810 0.835 0.264 -0.210 -0.900 -1.457 -1.530
0.01 -0.17553 9.90309 1.0614253283 2.4849228404    0.989  1.709  3.6823  2.405    4  0.000  0.463     0.00     0.00     0.00     0.00     0.00 -1    -1e-30      0.00 7.071e-01 2.830e-01 1.508e-03 7.323e-04 4.341e-03 -1.000 9.899e-03 0.497 2.527 1.809 0.835 0.265 -0.209 -0.899 -1.456 -1.529
0.01 -0.17553 9.90309 1.0615370274 2.4849432240    0.989  1.709  3.6825  2.407    4  0.000  0.463     0.00     0.00     0.00     0.00     0.00 -1    -1e-30      0.00 7.071e-01 2.830e-01 1.508e-03 7.324e-04 4.341e-03 -1.000 9.899e-03 0.499 2.524 1.808 0.835 0.265 -0.208 -0.897 -1.453 -1.526
0.01 -0.17553 9.90309 1.0616582632 2.4849653424    0.989  1.708  3.6827  2.408    4  0.000  0.463     0.00     0.00     0.00     0.00     0.00 -1    -1e-30      0.00 7.071e-01 2.830e-01 1.508e-03 7.326e-04 4.341e-03 -1.000 9.899e-03 0.499 2.520 1.807 0.834 0.266 -0.208 -0.895 -1.451 -1.524
0.01 -0.17553 9.90309 1.0617743731 2.4849865201    0.989  1.708  3.6829  2.408    4  0.000  0.463     0.00     0.00     0.00     0.00     0.00 -1    -1e-30      0.00 7.070e-01 2.831e-01 1.508e-03 7.327e-04 4.341e-03 -1.000 9.899e-03 0.499 2.517 1.805 0.833 0.265 -0.208 -0.895 -1.450 -1.523
0.01 -0.17553 9.90309 1.0618954897 2.4850086054    0.989  1.709  3.6830  2.408    4  0.000  0.463     0.00     0.00     0.00     0.00     0.00 -1    -1e-30      0.00 7.070e-01 2.831e-01 1.507e-03 7.329e-04 4.341e-03 -1.000 9.899e-03 0.498 2.514 1.803 0.832 0.264 -0.209 -0.896 -1.451 -1.524
0.01 -0.17553 9.90309 1.0620092154 2.4850293376    0.989  1.710  3.6830  2.408    4  0.000  0.463     0.00     0.00     0.00     0.00     0.00 -1    -1e-30      0.00 7.070e-01 2.831e-01 1.507e-03 7.330e-04 4.341e-03 -1.000 9.899e-03 0.496 2.512 1.801 0.830 0.262 -0.211 -0.898 -1.453 -1.525
0.01 -0.17553 9.90309 1.0621256828 2.4850505644    0.989  1.711  3.6830  2.407    4  0.000  0.463     0.00     0.00     0.00     0.00     0.00 -1    -1e-30      0.00 7.070e-01 2.831e-01 1.507e-03 7.332e-04 4.341e-03 -1.000 9.900e-03 0.493 2.509 1.798 0.827 0.259 -0.214 -0.901 -1.456 -1.528
0.01 -0.17553 9.90309 1.0621750355 2.4850595576    0.989  1.711  3.6830  2.406    4  0.000  0.463     0.00     0.00     0.00     0.00     0.00 -1    -1e-30      0.00 7.070e-01 2.831e-01 1.507e-03 7.332e-04 4.341e-03 -1.000 9.899e-03 0.492 2.508 1.797 0.825 0.257 -0.215 -0.902 -1.457 -1.530
0.01 -0.17553 9.90309 1.0622317791 2.4850698964    0.990  1.712  3.6829  2.405    4  0.000  0.463     0.00     0.00     0.00     0.00     0.00 -1    -1e-30      0.00 7.070e-01 2.831e-01 1.507e-03 7.333e-04 4.341e-03 -1.000 9.900e-03 0.489 2.507 1.795 0.823 0.255 -0.218 -0.905 -1.460 -1.532
0.01 -0.17553 9.90309 1.0623494387 2.4850913301    0.990  1.714  3.6828  2.402    4  0.000  0.463     0.00     0.00     0.00     0.00     0.00 -1    -1e-30      0.00 7.070e-01 2.831e-01 1.507e-03 7.335e-04 4.341e-03 -1.000 9.900e-03 0.484 2.505 1.792 0.819 0.250 -0.223 -0.911 -1.466 -1.539
0.01 -0.17553 9.90309 1.0624666214 2.4851126715    0.990  1.717  3.6826  2.399    4  0.000  0.463     0.00     0.00     0.00     0.00     0.00 -1    -1e-30      0.00 7.070e-01 2.831e-01 1.507e-03 7.336e-04 4.341e-03 -1.000 9.900e-03 0.477 2.503 1.787 0.813 0.244 -0.230 -0.918 -1.475 -1.547
0.01 -0.17553 9.90309 1.0625914335 2.4851353964    0.990  1.721  3.6822  2.393    4  0.000  0.463     0.00     0.00     0.00     0.00     0.00 -1    -1e-30      0.00 7.070e-01 2.831e-01 1.507e-03 7.338e-04 4.341e-03 -1.000 9.900e-03 0.467 2.501 1.781 0.805 0.235 -0.240 -0.929 -1.486 -1.559
0.01 -0.17553 9.90309 1.0627176762 2.4851583756    0.990  1.726  3.6817  2.387    4  0.000  0.463     0.00     0.00     0.00     0.00     0.00 -1    -1e-30      0.00 7.070e-01 2.831e-01 1.507e-03 7.339e-04 4.341e-03 -1.000 9.900e-03 0.455 2.500 1.774 0.795 0.224 -0.252 -0.943 -1.501 -1.575
0.01 -0.17553 9.90309 1.0628355742 2.4851798301    0.990  1.731  3.6812  2.379    4  0.000  0.463     0.00     0.00     0.00     0.00     0.00 -1    -1e-30      0.00 7.070e-01 2.831e-01 1.507e-03 7.341e-04 4.341e-03 -1.000 9.900e-03 0.442 2.498 1.766 0.785 0.211 -0.265 -0.958 -1.518 -1.592
0.01 -0.17553 9.90309 1.0629557371 2.4852016912    0.990  1.738  3.6806  2.371    4  0.000  0.463     0.00     0.00     0.00     0.00     0.00 -1    -1e-30      0.00 7.070e-01 2.831e-01 1.506e-03 7.342e-04 4.341e-03 -1.000 9.900e-03 0.426 2.497 1.757 0.772 0.197 -0.281 -0.976 -1.538 -1.612
0.01 -0.17553 9.90309 1.0630735159 2.4852231131    0.991  1.745  3.6799  2.360    4  0.000  0.463     0.00     0.00     0.00     0.00     0.00 -1    -1e-30      0.00 7.070e-01 2.831e-01 1.506e-03 7.344e-04 4.341e-03 -1.000 9.900e-03 0.408 2.494 1.746 0.757 0.180 -0.299 -0.997 -1.561 -1.635
0.01 -0.17553 9.90309 1.0631939173 2.4852450063    0.991  1.755  3.6789  2.346    4  0.000  0.463     0.00     0.00     0.00     0.00     0.00 -1    -1e-30      0.00 7.070e-01 2.831e-01 1.506e-03 7.345e-04 4.341e-03 -1.000 9.900e-03 0.382 2.492 1.732 0.737 0.157 -0.324 -1.026 -1.593 -1.667
0.01 -0.17553 9.90309 1.0633225441 2.4852683888    0.991  1.755  3.6792  2.348    4  0.000  0.463     0.00     0.00     0.00     0.00     0.00 -1    -1e-30      0.00 7.070e-01 2.831e-01 1.506e-03 7.347e-04 4.342e-03 -1.000 9.900e-03 0.383 2.485 1.729 0.736 0.157 -0.323 -1.024 -1.589 -1.664
0.01 -0.17553 9.90309 1.0634268522 2.4852873458    0.991  1.749  3.6797  2.356    4  0.000  0.463     0.00     0.00     0.00     0.00     0.00 -1    -1e-30      0.00 7.070e-01 2.831e-01 1.506e-03 7.348e-04 4.342e-03 -1.000 9.900e-03 0.397 2.487 1.738 0.748 0.170 -0.309 -1.008 -1.572 -1.646
0.01 -0.17553 9.90309 1.0635501146 2.4853097420    0.991  1.766  3.6779  2.331    4  0.000  0.462     0.00     0.00     0.00     0.00     0.00 -1    -1e-30      0.00 7.070e-01 2.831e-01 1.506e-03 7.350e-04 4.342e-03 -1.000 9.900e-03 0.354 2.487 1.715 0.715 0.131 -0.352 -1.057 -1.627 -1.702
0.01 -0.17553 9.90309 1.0636699200 2.4853315044    0.991  1.800  3.6745  2.284    4  0.000  0.462     0.00     0.00     0.00     0.00     0.00 -1    -1e-30      0.00 7.070e-01 2.831e-01 1.506e-03 7.351e-04 4.342e-03 -1.000 9.900e-03 0.270 2.483 1.669 0.650 0.056 -0.434 -1.152 -1.732 -1.809
0.01 -0.17553 9.90309 1.0637392998 2.4853441045    0.991  1.838  3.6708  2.231    4  0.000  0.462     0.00     0.00     0.00     0.00     0.00 -1    -1e-30      0.00 7.070e-01 2.831e-01 1.506e-03 7.352e-04 4.342e-03 -1.000 9.900e-03 0.175 2.476 1.616 0.576 -0.030 -0.528 -1.259 -1.850 -1.929
0.01 -0.17553 9.90309 1.0637743473 2.4853504688    0.991  1.877  3.6672  2.178    4  0.000  0.462     0.00     0.00     0.00     0.00     0.00 -1    -1e-30      0.00 7.070e-01 2.831e-01 1.506e-03 7.353e-04 4.342e-03 -1.000 9.900e-03 0.078 2.471 1.562 0.501 -0.117 -0.623 -1.368 -1.969 -2.050
0.01 -0.17553 9.90309 1.0637929440 2.4853538456    0.991  1.916  3.6635  2.125    4  0.000  0.462     0.00     0.00     0.00     0.00     0.00 -1    -1e-30      0.00 7.070e-01 2.831e-01 1.506e-03 7.353e-04 4.342e-03 -1.000 9.900e-03 -0.019 2.466 1.510 0.428 -0.202 -0.716 -1.475 -2.088 -2.171
0.01 -0.17553 9.90309 1.0638024807 2.4853555772    0.991  1.953  3.6601  2.073    4  0.000  0.462     0.00     0.00     0.00     0.00     0.00 -1    -1e-30      0.00 7.070e-01 2.831e-01 1.506e-03 7.353e-04 4.342e-03 -1.000 9.900e-03 -0.113 2.461 1.458 0.356 -0.286 -0.807 -1.580 -2.203 -2.288
0.01 -0.17553 9.90309 1.0638078451 2.4853565512    0.991  1.992  3.6565  2.020    4  0.000  0.462     0.00     0.00     0.00     0.00     0.00 -1    -1e-30      0.00 7.070e-01 2.831e-01 1.506e-03 7.353e-04 4.342e-03 -1.000 9.900e-03 -0.210 2.460 1.408 0.285 -0.370 -0.900 -1.687 -2.321 -2.408
0.01 -0.17553 9.90309 1.0638111830 2.4853571573    0.991  2.032  3.6529  1.966    4  0.000  0.462     0.00     0.00     0.00     0.00     0.00 -1    -1e-30      0.00 7.070e-01 2.831e-01 1.506e-03 7.353e-04 4.342e-03 -1.000 9.900e-03 -0.310 2.452 1.358 0.209 -0.458 -0.996 -1.796 -2.440 -2.530
0.01 -0.17553 9.90309 1.0638133287 2.4853575469    0.991  2.070  3.6494  1.913    4  0.000  0.462     0.00     0.00     0.00     0.00     0.00 -1    -1e-30      0.00 7.070e-01 2.831e-01 1.506e-03 7.353e-04 4.342e-03 -1.000 9.900e-03 -0.406 2.441 1.312 0.136 -0.542 -1.087 -1.902 -2.552 -2.647
0.01 -0.17553 9.90309 1.0638134480 2.4853575685    0.991  2.073  3.6492  1.910    7  0.000  0.462     0.00     0.00     0.00     0.00     0.00 -1 -5.19e-10      0.00 7.070e-01 2.818e-01 1.506e-03 7.353e-04 4.342e-03 -1.000 1.122e-02 -0.411 2.440 1.309 0.132 -0.547 -1.092 -1.908 -2.558 -2.653
0.01 -0.17553 9.90309 1.0638142824 2.4853577201    0.991  2.090  3.6476  1.886    7  0.000  0.462     0.00     0.00     0.00     0.00     0.00 -1  -5.7e-10      0.00 7.070e-01 2.818e-01 1.506e-03 7.353e-04 4.342e-03 -1.000 1.122e-02 -0.456 2.434 1.288 0.098 -0.585 -1.134 -1.956 -2.609 -2.706
0.01 -0.17553 9.90309 1.0638160706 2.4853580447    0.991  2.119  3.6452  1.848    7  0.000  0.462     0.00     0.00     0.00     0.00     0.00 -1 -6.66e-10      0.00 7.070e-01 2.818e-01 1.506e-03 7.353e-04 4.342e-03 -1.000 1.122e-02 -0.527 2.422 1.252 0.044 -0.647 -1.201 -2.033 -2.691 -2.791
0.01 -0.17553 9.90309 1.0638177395 2.4853583477    0.991  2.127  3.6445  1.837    7  0.000  0.462     0.00     0.00     0.00     0.00     0.00 -1 -6.92e-10      0.00 7.070e-01 2.818e-01 1.506e-03 7.353e-04 4.342e-03 -1.000 1.122e-02 -0.547 2.419 1.242 0.029 -0.664 -1.220 -2.055 -2.714 -2.815
0.01 -0.17553 9.90309 1.0638223886 2.4853591919    0.991  2.123  3.6449  1.843    7  0.000  0.462     0.00     0.00     0.00     0.00     0.00 -1 -6.76e-10      0.00 7.070e-01 2.818e-01 1.506e-03 7.353e-04 4.342e-03 -1.000 1.122e-02 -0.537 2.420 1.248 0.037 -0.655 -1.210 -2.043 -2.702 -2.802
0.01 -0.17553 9.90309 1.0638276339 2.4853601442    0.991  2.098  3.6470  1.876    7  0.000  0.462     0.00     0.00     0.00     0.00     0.00 -1 -5.94e-10      0.00 7.070e-01 2.818e-01 1.506e-03 7.353e-04 4.342e-03 -1.000 1.122e-02 -0.476 2.430 1.278 0.083 -0.602 -1.153 -1.977 -2.632 -2.730
0.01 -0.17553 9.90309 1.0638753176 2.4853688013    0.990  2.110  3.6459  1.859    7  0.000  0.462     0.00     0.00     0.00     0.00     0.00 -1 -6.36e-10      0.00 7.069e-01 2.818e-01 1.506e-03 7.354e-04 4.342e-03 -1.000 1.122e-02 -0.506 2.425 1.263 0.060 -0.628 -1.181 -2.010 -2.667 -2.766
0.01 -0.17553 9.90309 1.0639268160 2.4853781500    0.990  2.156  3.6420  1.797    7  0.000  0.462     0.00     0.00     0.00     0.00     0.00 -1 -8.07e-10      0.00 7.069e-01 2.818e-01 1.506e-03 7.355e-04 4.342e-03 -1.000 1.122e-02 -0.620 2.405 1.206 -0.027 -0.727 -1.288 -2.134 -2.798 -2.902
0.01 -0.17553 9.90309 1.0639593601 2.4853840573    0.989  2.192  3.6387  1.747    7  0.000  0.462     0.00     0.00     0.00     0.00     0.00 -1 -9.83e-10      0.00 7.069e-01 2.818e-01 1.506e-03 7.355e-04 4.342e-03 -1.000 1.122e-02 -0.711 2.392 1.163 -0.094 -0.803 -1.372 -2.231 -2.902 -3.011
0.01 -0.17553 9.90309 1.0639913082 2.4853898561    0.988  2.241  3.6344  1.681    7  0.000  0.462     0.00     0.00     0.00     0.00     0.00 -1 -1.26e-09      0.00 7.069e-01 2.818e-01 1.506e-03 7.355e-04 4.342e-03 -1.000 1.122e-02 -0.832 2.373 1.105 -0.183 -0.903 -1.483 -2.361 -3.040 -3.156
0.01 -0.17553 9.90309 1.0640219450 2.4853954164    0.987  2.295  3.6296  1.607    7  0.000  0.462     0.00     0.00     0.00     0.00     0.00 -1 -1.68e-09      0.00 7.069e-01 2.818e-01 1.505e-03 7.356e-04 4.342e-03 -1.000 1.122e-02 -0.969 2.346 1.038 -0.284 -1.016 -1.608 -2.507 -3.194 -3.318
0.01 -0.17553 9.90309 1.0640485287 2.4854002408    0.985  2.340  3.6257  1.547    7  0.000  0.462     0.00     0.00     0.00     0.00     0.00 -1 -2.12e-09      0.00 7.069e-01 2.818e-01 1.505e-03 7.356e-04 4.342e-03 -1.000 1.122e-02 -1.080 2.321 0.984 -0.364 -1.106 -1.708 -2.626 -3.320 -3.451
0.01 -0.17553 9.90309 1.0640723705 2.4854045674    0.984  2.383  3.6220  1.488    7  0.000  0.462     0.00     0.00     0.00     0.00     0.00 -1 -2.64e-09      0.00 7.069e-01 2.818e-01 1.505e-03 7.356e-04 4.342e-03 -1.000 1.122e-02 -1.188 2.304 0.931 -0.441 -1.193 -1.806 -2.740 -3.443 -3.580
0.01 -0.17553 9.90309 1.0640935898 2.4854084179    0.982  2.425  3.6184  1.430    7  0.000  0.462     0.00     0.00     0.00     0.00     0.00 -1 -3.27e-09      0.00 7.069e-01 2.818e-01 1.505e-03 7.357e-04 4.342e-03 -1.000 1.122e-02 -1.293 2.318 0.886 -0.509 -1.276 -1.903 -2.854 -3.567 -3.710
0.01 -0.17553 9.90309 1.0641124249 2.4854118356    0.981  2.466  3.6147  1.374    7  0.000  0.462     0.00     0.00     0.00     0.00     0.00 -1 -4.04e-09      0.00 7.069e-01 2.818e-01 1.505e-03 7.357e-04 4.342e-03 -1.000 1.122e-02 -1.396 2.334 0.845 -0.574 -1.356 -1.996 -2.964 -3.689 -3.836
0.01 -0.17553 9.90309 1.0641292334 2.4854148855    0.979  2.506  3.6112  1.319    7  0.000  0.462    10.51     7.80     5.48     4.22     3.42  3 -4.95e-09      0.00 7.069e-01 2.818e-01 1.505e-03 7.357e-04 4.342e-03 -1.000 1.122e-02 -1.496 2.351 0.804 -0.636 -1.433 -2.088 -3.072 -3.807 -3.959
0.01 -0.17553 9.90309 1.0641444921 2.4854176541    0.977  2.546  3.6077  1.264    7  0.000  0.462    11.77     8.61     6.02     4.65     3.77  3 -6.06e-09      0.00 7.069e-01 2.818e-01 1.505e-03 7.358e-04 4.342e-03 -1.000 1.122e-02 -1.596 2.366 0.766 -0.697 -1.509 -2.179 -3.180 -3.925 -4.081
0.01 -0.17553 9.90309 1.0641585588 2.4854202062    0.974  2.586  3.6021  1.201    7  0.000  0.462    13.43     9.64     6.71     5.19     4.21  3 -7.42e-09      0.00 7.069e-01 2.818e-01 1.504e-03 7.363e-04 4.342e-03 -1.000 1.122e-02 -1.696 2.438 0.762 -0.731 -1.566 -2.262 -3.290 -4.053 -4.217
0.01 -0.17553 9.90309 1.0641719103 2.4854226286    0.971  2.627  3.5959  1.135    7  0.000  0.461    15.41    10.87     7.52     5.83     4.73  3 -9.11e-09      0.00 7.069e-01 2.819e-01 1.502e-03 7.379e-04 4.342e-03 -1.000 1.116e-02 -1.796 2.519 0.771 -0.752 -1.615 -2.345 -3.403 -4.186 -4.358
0.01 -0.17553 9.90309 1.0641844273 2.4854248995    0.968  2.666  3.5924  1.080    7  0.000  0.460    17.26    11.98     8.25     6.41     5.20  3  -1.1e-08      0.00 7.069e-01 2.820e-01 1.498e-03 7.417e-04 4.342e-03 -1.000 1.112e-02 -1.894 2.535 0.741 -0.802 -1.681 -2.432 -3.508 -4.301 -4.479
0.01 -0.17553 9.90309 1.0641964674 2.4854270838    0.964  2.705  3.5887  1.024    7  0.000  0.458    19.38    13.25     9.08     7.06     5.73  3 -1.34e-08      0.00 7.069e-01 2.820e-01 1.493e-03 7.481e-04 4.342e-03 -1.000 1.112e-02 -1.993 2.552 0.713 -0.849 -1.745 -2.519 -3.615 -4.418 -4.602
0.01 -0.17553 9.90309 1.0642080307 2.4854291816    0.960  2.744  3.5850  0.968    7  0.000  0.457    21.77    14.65     9.99     7.78     6.32  3 -1.63e-08      0.00 7.069e-01 2.820e-01 1.487e-03 7.553e-04 4.342e-03 -1.000 1.112e-02 -2.091 2.573 0.694 -0.887 -1.802 -2.605 -3.721 -4.535 -4.724
0.01 -0.17553 9.90309 1.0642188787 2.4854311495    0.955  2.782  3.5811  0.912    7  0.000  0.455    24.40    16.16    10.98     8.56     6.95  2 -1.98e-08      0.00 7.069e-01 2.820e-01 1.481e-03 7.618e-04 4.342e-03 -1.000 1.112e-02 -2.185 2.602 0.680 -0.920 -1.854 -2.686 -3.824 -4.648 -4.843
0.01 -0.17553 9.90309 1.0642290115 2.4854329877    0.949  2.821  3.5771  0.854    7  0.000  0.453    27.51    17.92    12.12     9.47     7.69  2 -2.42e-08      0.00 7.069e-01 2.820e-01 1.477e-03 7.674e-04 4.342e-03 -1.000 1.112e-02 -2.283 2.626 0.674 -0.941 -1.897 -2.769 -3.932 -4.766 -4.968
0.01 -0.17553 9.90309 1.0642368793 2.4854344149    0.944  2.860  3.5730  0.797    7  0.000  0.452    30.97    19.85    13.36    10.46     8.50  2 -2.96e-08      0.00 7.069e-01 2.820e-01 1.473e-03 7.721e-04 4.342e-03 -1.000 1.112e-02 -2.380 2.649 0.672 -0.956 -1.937 -2.850 -4.038 -4.883 -5.091
0.01 -0.17553 9.90309 1.0642420053 2.4854353448    0.939  2.897  3.5690  0.741    7  0.000  0.451    34.76    21.93    14.69    11.51     9.36  2 -3.53e-08      0.00 7.069e-01 2.820e-01 1.469e-03 7.764e-04 4.342e-03 -1.000 1.112e-02 -2.474 2.669 0.673 -0.967 -1.971 -2.929 -4.142 -4.997 -5.212
0.01 -0.17553 9.90309 1.0642461777 2.4854361016    0.935  2.936  3.5649  0.685    7  0.000  0.450    39.09    24.26    16.17    12.70    10.33  2  -4.2e-08      0.00 7.069e-01 2.820e-01 1.466e-03 7.806e-04 4.342e-03 -1.000 1.112e-02 -2.569 2.685 0.683 -0.961 -1.993 -3.005 -4.249 -5.113 -5.334
0.01 -0.17553 9.90309 1.0642499924 2.4854367936    0.930  2.973  3.5605  0.627    7  0.000  0.449    44.04    26.88    17.84    14.03    11.41  2 -5.05e-08      0.00 7.069e-01 2.820e-01 1.463e-03 7.837e-04 4.342e-03 -1.000 1.112e-02 -2.664 2.707 0.702 -0.947 -2.009 -3.079 -4.355 -5.229 -5.457
0.01 -0.17553 9.90309 1.0642535686 2.4854374423    0.925  3.011  3.5560  0.570    7  0.000  0.449    49.65    29.80    19.68    15.51    12.61  2 -6.12e-08      0.00 7.069e-01 2.820e-01 1.461e-03 7.864e-04 4.342e-03 -1.000 1.112e-02 -2.757 2.726 0.740 -0.905 -2.005 -3.145 -4.461 -5.345 -5.580
0.01 -0.17553 9.90309 1.0642565489 2.4854379829    0.920  3.045  3.5519  0.516    7  0.000  0.448    55.45    32.77    21.54    17.00    13.83  2 -7.22e-08      0.00 7.069e-01 2.820e-01 1.459e-03 7.881e-04 4.342e-03 -1.000 1.112e-02 -2.843 2.744 0.776 -0.864 -2.000 -3.206 -4.558 -5.451 -5.693
0.01 -0.17553 9.90309 1.0642600060 2.4854386100    0.913  3.084  3.5470  0.454    7  0.000  0.448    63.12    36.62    23.95    18.94    15.41  1 -8.76e-08      0.00 7.069e-01 2.820e-01 1.458e-03 7.898e-04 4.342e-03 -1.000 1.112e-02 -2.941 2.766 0.842 -0.788 -1.975 -3.266 -4.672 -5.574 -5.824
0.01 -0.17553 9.90309 1.0642633438 2.4854392155    0.904  3.122  3.5419  0.392    7  0.000  0.448    71.77    40.87    26.59    21.07    17.15  1 -1.06e-07      0.00 7.069e-01 2.820e-01 1.458e-03 7.904e-04 4.342e-03 -1.000 1.112e-02 -3.036 2.792 0.927 -0.686 -1.933 -3.317 -4.783 -5.693 -5.952
0.01 -0.17553 9.90309 1.0642670393 2.4854398858    0.893  3.159  3.5367  0.329    7  0.000  0.448    81.68    45.63    29.54    23.45    19.09  1 -1.28e-07      0.00 7.069e-01 2.820e-01 1.458e-03 7.904e-04 4.342e-03 -1.000 1.112e-02 -3.127 2.821 1.034 -0.557 -1.873 -3.353 -4.891 -5.809 -6.077
0.01 -0.17553 9.90309 1.0642704964 2.4854405129    0.879  3.174  3.5341  0.296    7  0.000  0.448    87.25    48.23    31.13    24.75    20.14  1 -1.44e-07      0.00 7.069e-01 2.820e-01 1.458e-03 7.904e-04 4.342e-03 -1.000 1.112e-02 -3.166 2.842 1.101 -0.477 -1.832 -3.361 -4.939 -5.860 -6.133
0.01 -0.17553 9.90309 1.0642713308 2.4854406643    0.876  3.180  3.5332  0.285    7  0.000  0.448    89.25    49.15    31.70    25.21    20.52  1  -1.5e-07      0.00 7.069e-01 2.820e-01 1.458e-03 7.905e-04 4.342e-03 -1.000 1.112e-02 -3.180 2.848 1.123 -0.450 -1.818 -3.364 -4.956 -5.879 -6.153
0.01 -0.17553 9.90309 1.0642719269 2.4854407724    0.873  3.174  3.5339  0.293    7  0.000  0.448    87.69    48.40    31.23    24.84    20.21  1 -1.47e-07      0.00 7.069e-01 2.820e-01 1.457e-03 7.908e-04 4.342e-03 -1.000 1.111e-02 -3.164 2.849 1.111 -0.466 -1.823 -3.356 -4.937 -5.859 -6.132
0.01 -0.17553 9.90309 1.0642720461 2.4854407940    0.873  3.155  3.5363  0.321    7  0.000  0.447    82.75    46.05    29.78    23.67    19.26  1 -1.37e-07      0.00 7.069e-01 2.820e-01 1.457e-03 7.910e-04 4.342e-03 -1.000 1.110e-02 -3.119 2.841 1.061 -0.529 -1.851 -3.339 -4.884 -5.803 -6.071
0.01 -0.17553 9.90309 1.0642722845 2.4854408372    0.872  3.159  3.5357  0.314    7  0.000  0.447    83.89    46.59    30.11    23.94    19.48  1  -1.4e-07      0.00 7.069e-01 2.820e-01 1.457e-03 7.910e-04 4.342e-03 -1.000 1.110e-02 -3.128 2.844 1.073 -0.514 -1.845 -3.343 -4.896 -5.815 -6.085
0.01 -0.17553 9.90309 1.0642726421 2.4854409021    0.871  3.164  3.5351  0.307    7  0.000  0.447    85.12    47.17    30.47    24.23    19.71  1 -1.42e-07      0.00 7.069e-01 2.820e-01 1.457e-03 7.910e-04 4.342e-03 -1.000 1.110e-02 -3.139 2.847 1.087 -0.497 -1.836 -3.346 -4.908 -5.828 -6.099
0.01 -0.17553 9.90309 1.0642727613 2.4854409237    0.870  3.166  3.5347  0.303    7  0.000  0.447    85.90    47.54    30.69    24.41    19.86  1 -1.43e-07      0.00 7.069e-01 2.820e-01 1.457e-03 7.910e-04 4.342e-03 -1.000 1.110e-02 -3.145 2.849 1.096 -0.485 -1.830 -3.347 -4.916 -5.836 -6.108
0.01 -0.17553 9.90309 1.0642729998 2.4854409670    0.870  3.185  3.5322  0.274    7  0.000  0.447    91.32    50.09    32.27    25.68    20.90  1 -1.55e-07      0.00 7.069e-01 2.820e-01 1.457e-03 7.910e-04 4.342e-03 -1.000 1.110e-02 -3.191 2.859 1.150 -0.419 -1.800 -3.364 -4.970 -5.895 -6.171
0.01 -0.17553 9.90309 1.0642732382 2.4854410102    0.868  3.223  3.5270  0.214    7  0.000  0.447   103.55    55.80    35.77    28.51    23.21  1 -1.82e-07      0.00 7.069e-01 2.820e-01 1.457e-03 7.910e-04 4.342e-03 -1.000 1.110e-02 -3.288 2.875 1.280 -0.256 -1.724 -3.382 -5.084 -6.015 -6.300
0.01 -0.17553 9.90309 1.0642735958 2.4854410751    0.867  3.265  3.5213  0.148    7  0.000  0.447   118.92    62.82    40.05    31.99    26.05  1 -2.17e-07      0.00 7.069e-01 2.820e-01 1.457e-03 7.910e-04 4.342e-03 -1.000 1.110e-02 -3.393 2.897 1.448 -0.047 -1.623 -3.383 -5.208 -6.145 -6.442
0.01 -0.17553 9.90309 1.0642739534 2.4854411400    0.864  3.309  3.5151  0.078    7  0.000  0.447   137.73    71.23    45.16    36.13    29.43  1 -2.63e-07      0.00 7.069e-01 2.820e-01 1.457e-03 7.910e-04 4.342e-03 -1.000 1.110e-02 -3.502 2.919 1.664 0.233 -1.481 -3.344 -5.339 -6.281 -6.591
0.01 -0.17553 9.90309 1.0642744303 2.4854412265    0.860  3.344  3.5099  0.020    7  0.000  0.447   153.88    79.02    49.86    39.96    32.56  1 -3.08e-07      0.00 7.069e-01 2.820e-01 1.457e-03 7.910e-04 4.342e-03 -1.000 1.110e-02 -3.591 2.940 1.853 0.480 -1.355 -3.300 -5.444 -6.391 -6.712
0.01 -0.17553 9.90309 1.0642751455 2.4854413562    0.854  3.381  3.5042 -0.043    7  0.524  0.447   169.07    88.40    55.48    44.56    36.31  1 -3.64e-07      0.00 7.069e-01 2.820e-01 1.457e-03 7.915e-04 4.342e-03 -1.000 1.110e-02 -3.683 2.960 2.056 0.745 -1.218 -3.237 -5.556 -6.507 -6.839
0.01 -0.17553 9.90309 1.0642757416 2.4854414643    0.847  3.403  3.5006 -0.083    8  0.524  0.468   179.10    94.74    59.27    47.66    38.84  1 -4.11e-07      0.00 7.069e-01 2.832e-01 1.529e-03 7.929e-04 4.352e-03 -1.000 9.883e-03 -3.737 2.980 2.197 0.925 -1.122 -3.186 -5.621 -6.575 -6.915
0.01 -0.17553 9.90309 1.0642757416 2.4854414643    0.846  3.142  3.5346  0.313    8  0.524  0.468    83.51    46.27    29.90    23.79    19.35  1  -1.4e-07      0.00 7.069e-01 2.832e-01 1.529e-03 7.929e-04 4.352e-03 -1.000 9.883e-03 -3.085 2.901 1.156 -0.421 -1.767 -3.286 -4.856 -5.778 -6.049
0.01 -0.17553 9.90309 1.0642758608 2.4854414859    0.846  3.015  3.5517  0.509    8  0.524  0.468    55.26    32.48    21.32    16.88    13.72  1 -8.18e-08      0.00 7.069e-01 2.832e-01 1.529e-03 7.929e-04 4.352e-03 -1.000 9.883e-03 -2.767 2.828 0.858 -0.784 -1.921 -3.129 -4.483 -5.376 -5.619
0.01 -0.17553 9.90309 1.0642758608 2.4854414859    0.845  2.845  3.5746  0.770    8  0.524  0.468    31.85    20.25    13.58    10.68     8.67  2 -3.89e-08      0.00 7.069e-01 2.832e-01 1.529e-03 7.929e-04 4.352e-03 -1.000 9.883e-03 -2.342 2.679 0.685 -0.950 -1.923 -2.820 -3.999 -4.837 -5.044
0.01 -0.17553 9.90309 1.0642759800 2.4854415076    0.843  2.866  3.5717  0.737    8  0.525  0.468    34.15    21.50    14.38    11.31     9.19  2 -4.29e-08      0.00 7.069e-01 2.832e-01 1.529e-03 7.929e-04 4.352e-03 -1.000 9.883e-03 -2.394 2.707 0.699 -0.944 -1.934 -2.861 -4.057 -4.904 -5.115
0.01 -0.17553 9.90309 1.0642762184 2.4854415508    0.842  2.989  3.5548  0.545    8  0.525  0.468    51.18    30.40    20.02    15.83    12.87  1 -7.43e-08      0.00 7.069e-01 2.832e-01 1.529e-03 7.929e-04 4.352e-03 -1.000 9.883e-03 -2.703 2.818 0.832 -0.814 -1.925 -3.084 -4.411 -5.297 -5.535
0.01 -0.17553 9.90309 1.0642763376 2.4854415724    0.840  3.148  3.5332  0.299    8  0.525  0.468    85.95    47.39    30.58    24.35    19.81  1 -1.47e-07      0.00 7.069e-01 2.832e-01 1.529e-03 7.929e-04 4.352e-03 -1.000 9.883e-03 -3.099 2.916 1.196 -0.373 -1.739 -3.283 -4.874 -5.798 -6.072
0.01 -0.17553 9.90309 1.0642765760 2.4854416157    0.837  3.277  3.5154  0.097    8  0.525  0.468   131.65    68.26    43.32    34.69    28.24  1 -2.54e-07      0.00 7.069e-01 2.832e-01 1.529e-03 7.929e-04 4.352e-03 -1.000 9.883e-03 -3.424 2.976 1.717 0.287 -1.418 -3.274 -5.259 -6.201 -6.510
0.01 -0.17553 9.90309 1.0642768145 2.4854416589    0.834  3.359  3.5041 -0.031    8  0.525  0.468   164.62    86.02    54.03    43.41    35.37  1 -3.58e-07      0.00 7.069e-01 2.832e-01 1.529e-03 7.929e-04 4.352e-03 -1.000 9.883e-03 -3.628 3.005 2.106 0.799 -1.163 -3.180 -5.500 -6.452 -6.783
0.01 -0.17553 9.90309 1.0642771721 2.4854417238    0.831  3.399  3.4983 -0.096    8  0.525  0.468   181.67    96.65    60.39    48.61    39.61  1 -4.26e-07      0.00 7.069e-01 2.832e-01 1.529e-03 7.929e-04 4.352e-03 -1.000 9.883e-03 -3.728 3.021 2.306 1.056 -1.033 -3.118 -5.619 -6.576 -6.919
0.01 -0.17553 9.90309 1.0642775297 2.4854417887    0.827  3.415  3.4958 -0.124    8  0.525  0.468   189.24   101.48    63.26    50.96    41.53  1 -4.59e-07      0.00 7.069e-01 2.832e-01 1.529e-03 7.929e-04 4.352e-03 -1.000 9.883e-03 -3.768 3.027 2.381 1.151 -0.985 -3.092 -5.667 -6.625 -6.972
0.01 -0.17553 9.90309 1.0642778873 2.4854418535    0.823  3.421  3.4946 -0.137    8  0.525  0.468   192.76   103.79    64.62    52.09    42.45  1 -4.77e-07      0.00 7.069e-01 2.832e-01 1.529e-03 7.929e-04 4.352e-03 -1.000 9.883e-03 -3.783 3.034 2.423 1.202 -0.957 -3.074 -5.686 -6.645 -6.995
0.01 -0.17553 9.90309 1.0642778873 2.4854418535    0.823  3.217  3.5222  0.177    8  0.525  0.468   110.76    58.76    37.53    30.00    24.42  1 -2.08e-07      0.00 7.069e-01 2.832e-01 1.529e-03 7.929e-04 4.352e-03 -1.000 9.883e-03 -3.272 2.979 1.512 0.015 -1.540 -3.281 -5.085 -6.021 -6.315
0.01 -0.17553 9.90309 1.0642780066 2.4854418751    0.822  3.037  3.5465  0.454    8  0.526  0.468    61.80    35.66    23.30    18.49    15.03  1  -9.8e-08      0.00 7.069e-01 2.832e-01 1.529e-03 7.929e-04 4.352e-03 -1.000 9.883e-03 -2.824 2.891 0.974 -0.652 -1.845 -3.144 -4.556 -5.459 -5.709
0.01 -0.17553 9.90309 1.0642780066 2.4854418751    0.821  2.868  3.5694  0.714    8  0.526  0.468    35.59    22.25    14.85    11.70     9.50  2 -4.69e-08      0.00 7.069e-01 2.832e-01 1.529e-03 7.929e-04 4.352e-03 -1.000 9.883e-03 -2.399 2.761 0.747 -0.899 -1.903 -2.856 -4.067 -4.920 -5.135
0.01 -0.17553 9.90309 1.0642782450 2.4854419184    0.820  2.888  3.5664  0.681    8  0.526  0.468    38.19    23.63    15.72    12.40    10.07  2 -5.18e-08      0.00 7.069e-01 2.832e-01 1.529e-03 7.929e-04 4.352e-03 -1.000 9.883e-03 -2.451 2.783 0.770 -0.879 -1.902 -2.894 -4.128 -4.987 -5.206
0.01 -0.17553 9.90309 1.0642783642 2.4854419400    0.817  3.011  3.5496  0.490    8  0.526  0.468    57.19    33.36    21.86    17.33    14.09  1 -8.92e-08      0.00 7.069e-01 2.832e-01 1.529e-03 7.929e-04 4.352e-03 -1.000 9.883e-03 -2.758 2.883 0.931 -0.706 -1.863 -3.106 -4.481 -5.378 -5.624
0.01 -0.17553 9.90309 1.0642786026 2.4854419833    0.815  3.169  3.5281  0.245    8  0.526  0.468    95.92    51.90    33.33    26.60    21.64  1 -1.75e-07      0.00 7.069e-01 2.832e-01 1.529e-03 7.929e-04 4.352e-03 -1.000 9.883e-03 -3.152 2.972 1.358 -0.181 -1.627 -3.264 -4.944 -5.874 -6.157
0.01 -0.17553 9.90309 1.0642788410 2.4854420265    0.812  3.298  3.5103  0.043    8  0.526  0.468   145.31    74.65    47.16    37.85    30.82  1 -3.01e-07      0.00 7.069e-01 2.832e-01 1.529e-03 7.929e-04 4.352e-03 -1.000 9.883e-03 -3.474 3.031 1.939 0.567 -1.256 -3.194 -5.326 -6.273 -6.592
0.01 -0.17553 9.90309 1.0642791986 2.4854420914    0.808  3.379  3.4990 -0.085    8  0.526  0.468   176.80    94.06    58.80    47.36    38.59  1 -4.25e-07      0.00 7.069e-01 2.832e-01 1.529e-03 7.929e-04 4.352e-03 -1.000 9.883e-03 -3.677 3.056 2.322 1.068 -1.007 -3.086 -5.566 -6.522 -6.864
0.01 -0.17553 9.90309 1.0642794371 2.4854421346    0.804  3.419  3.4932 -0.151    8  0.526  0.468   195.22   105.76    65.76    53.07    43.24  0 -5.07e-07      0.01 7.069e-01 2.832e-01 1.529e-03 7.929e-04 4.352e-03 -1.000 9.883e-03 -3.778 3.068 2.496 1.285 -0.901 -3.030 -5.685 -6.645 -6.997
0.01 -0.17553 9.90309 1.0642799139 2.4854422211    0.800  3.435  3.4907 -0.179    8  0.527  0.468   203.57   111.20    68.97    55.71    45.40  0 -5.49e-07      0.01 7.069e-01 2.832e-01 1.529e-03 7.929e-04 4.352e-03 -1.000 9.883e-03 -3.818 3.079 2.580 1.387 -0.848 -2.998 -5.733 -6.695 -7.052
0.01 -0.17553 9.90309 1.0642802715 2.4854422860    0.795  3.441  3.4894 -0.194    8  0.527  0.468   207.62   113.91    70.57    57.04    46.48  0 -5.73e-07      0.01 7.069e-01 2.832e-01 1.529e-03 7.929e-04 4.352e-03 -1.000 9.883e-03 -3.834 3.088 2.619 1.430 -0.824 -2.982 -5.753 -6.716 -7.076
0.01 -0.17553 9.90309 1.0642802715 2.4854422860    0.794  3.241  3.5166  0.115    8  0.527  0.468   125.65    65.16    41.40    33.18    27.01  1 -2.55e-07      0.00 7.069e-01 2.832e-01 1.529e-03 7.929e-04 4.352e-03 -1.000 9.883e-03 -3.333 3.038 1.741 0.298 -1.377 -3.214 -5.164 -6.105 -6.412
0.01 -0.17553 9.90309 1.0642803907 2.4854423076    0.794  3.062  3.5409  0.391    8  0.527  0.468    70.08    39.59    25.72    20.47    16.64  1 -1.21e-07      0.00 7.069e-01 2.832e-01 1.529e-03 7.929e-04 4.352e-03 -1.000 9.883e-03 -2.886 2.956 1.108 -0.499 -1.756 -3.159 -4.636 -5.548 -5.809
0.01 -0.17553 9.90309 1.0642805099 2.4854423292    0.792  2.893  3.5639  0.652    8  0.527  0.468    40.28    24.68    16.38    12.94    10.51  2 -5.86e-08      0.00 7.069e-01 2.832e-01 1.529e-03 7.929e-04 4.352e-03 -1.000 9.883e-03 -2.461 2.835 0.822 -0.828 -1.868 -2.893 -4.145 -5.010 -5.233
0.01 -0.17553 9.90309 1.0642806292 2.4854423508    0.790  2.913  3.5610  0.618    8  0.527  0.468    43.24    26.21    17.35    13.72    11.14  1 -6.48e-08      0.00 7.069e-01 2.832e-01 1.529e-03 7.929e-04 4.352e-03 -1.000 9.883e-03 -2.514 2.857 0.844 -0.808 -1.868 -2.931 -4.204 -5.077 -5.304
0.01 -0.17553 9.90309 1.0642808676 2.4854423941    0.787  3.035  3.5443  0.428    8  0.527  0.468    64.69    36.95    24.07    19.14    15.56  1 -1.11e-07      0.00 7.069e-01 2.832e-01 1.529e-03 7.929e-04 4.352e-03 -1.000 9.883e-03 -2.818 2.947 1.057 -0.562 -1.780 -3.120 -4.558 -5.464 -5.719
0.01 -0.17553 9.90309 1.0642811060 2.4854424373    0.784  3.191  3.5228  0.184    8  0.527  0.468   108.34    57.33    36.62    29.31    23.85  1 -2.16e-07      0.00 7.069e-01 2.832e-01 1.529e-03 7.929e-04 4.352e-03 -1.000 9.883e-03 -3.208 3.031 1.549 0.048 -1.496 -3.227 -5.019 -5.954 -6.247
0.01 -0.17553 9.90309 1.0642813444 2.4854424806    0.780  3.319  3.5051 -0.017    8  0.527  0.468   156.99    82.31    51.73    41.64    33.90  1  -3.7e-07      0.00 7.069e-01 2.832e-01 1.529e-03 7.929e-04 4.352e-03 -1.000 9.883e-03 -3.528 3.084 2.150 0.832 -1.105 -3.109 -5.396 -6.348 -6.677
0.01 -0.17553 9.90309 1.0642817020 2.4854425455    0.776  3.400  3.4938 -0.145    8  0.528  0.468   190.88   103.62    64.44    52.05    42.40  0 -5.21e-07      0.01 7.069e-01 2.832e-01 1.529e-03 7.929e-04 4.352e-03 -1.000 9.883e-03 -3.730 3.108 2.517 1.300 -0.874 -2.998 -5.634 -6.594 -6.946
0.01 -0.17553 9.90309 1.0642820597 2.4854426103    0.771  3.440  3.4881 -0.210    8  0.528  0.468   210.72   116.49    72.05    58.32    47.52  0 -6.24e-07      0.01 7.069e-01 2.832e-01 1.529e-03 7.929e-04 4.352e-03 -1.000 9.883e-03 -3.829 3.122 2.674 1.481 -0.787 -2.949 -5.752 -6.715 -7.078
0.01 -0.17553 9.90309 1.0642825365 2.4854426968    0.765  3.455  3.4856 -0.239    8  0.528  0.468   219.74   122.50    75.58    61.24    49.90  0 -6.79e-07      0.01 7.069e-01 2.832e-01 1.529e-03 7.929e-04 4.352e-03 -1.000 9.883e-03 -3.869 3.130 2.725 1.526 -0.765 -2.937 -5.800 -6.763 -7.131
0.01 -0.17553 9.90309 1.0642830133 2.4854427833    0.759  3.462  3.4845 -0.254    8  0.528  0.468   224.14   125.53    77.35    62.71    51.10  0 -7.14e-07      0.01 7.069e-01 2.832e-01 1.529e-03 7.929e-04 4.352e-03 -1.000 9.883e-03 -3.885 3.138 2.755 1.552 -0.751 -2.927 -5.819 -6.784 -7.153
0.01 -0.17553 9.90309 1.0642830133 2.4854427833    0.759  3.267  3.5114  0.049    8  0.528  0.468   140.45    72.60    45.85    36.88    30.01  1 -3.25e-07      0.00 7.069e-01 2.832e-01 1.529e-03 7.929e-04 4.352e-03 -1.000 9.883e-03 -3.397 3.096 1.965 0.579 -1.221 -3.142 -5.244 -6.190 -6.508
0.01 -0.17553 9.90309 1.0642831326 2.4854428049    0.758  3.089  3.5359  0.325    8  0.528  0.468    79.96    44.08    28.47    22.73    18.48  1 -1.56e-07      0.00 7.069e-01 2.832e-01 1.529e-03 7.929e-04 4.352e-03 -1.000 9.883e-03 -2.951 3.010 1.239 -0.347 -1.674 -3.168 -4.717 -5.637 -5.906
0.01 -0.17553 9.90309 1.0642832518 2.4854428265    0.756  2.919  3.5594  0.587    8  0.529  0.468    45.74    27.41    18.08    14.34    11.64  1 -7.61e-08      0.00 7.069e-01 2.832e-01 1.529e-03 7.929e-04 4.352e-03 -1.000 9.883e-03 -2.527 2.894 0.878 -0.777 -1.850 -2.936 -4.222 -5.098 -5.328
0.01 -0.17553 9.90309 1.0642833710 2.4854428482    0.754  2.940  3.5565  0.554    8  0.529  0.468    49.10    29.10    19.15    15.20    12.34  1 -8.41e-08      0.00 7.069e-01 2.832e-01 1.529e-03 7.929e-04 4.352e-03 -1.000 9.883e-03 -2.579 2.911 0.910 -0.741 -1.838 -2.970 -4.282 -5.164 -5.399
0.01 -0.17553 9.90309 1.0642836094 2.4854428914    0.750  3.060  3.5398  0.364    8  0.529  0.468    73.37    40.93    26.52    21.16    17.19  1 -1.43e-07      0.00 7.069e-01 2.832e-01 1.529e-03 7.929e-04 4.352e-03 -1.000 9.883e-03 -2.881 3.000 1.159 -0.449 -1.721 -3.143 -4.634 -5.548 -5.811
0.01 -0.17553 9.90309 1.0642838478 2.4854429347    0.747  3.215  3.5184  0.122    8  0.529  0.468   122.67    63.33    40.23    32.31    26.28  1 -2.76e-07      0.00 7.069e-01 2.832e-01 1.529e-03 7.929e-04 4.352e-03 -1.000 9.883e-03 -3.266 3.082 1.720 0.253 -1.384 -3.193 -5.091 -6.031 -6.334
0.01 -0.17553 9.90309 1.0642840862 2.4854429779    0.742  3.341  3.5008 -0.077    8  0.529  0.468   169.34    90.70    56.69    45.78    37.27  1  -4.7e-07      0.01 7.069e-01 2.832e-01 1.529e-03 7.929e-04 4.352e-03 -1.000 9.883e-03 -3.583 3.134 2.342 1.067 -0.975 -3.037 -5.465 -6.420 -6.759
0.01 -0.17553 9.90309 1.0642844439 2.4854430428    0.738  3.421  3.4896 -0.205    8  0.529  0.468   205.60   113.96    70.48    57.12    46.52  0 -6.61e-07      0.01 7.069e-01 2.832e-01 1.529e-03 7.929e-04 4.352e-03 -1.000 9.883e-03 -3.782 3.160 2.682 1.488 -0.770 -2.929 -5.700 -6.662 -7.024
0.01 -0.17553 9.90309 1.0642848015 2.4854431076    0.732  3.460  3.4841 -0.269    8  0.530  0.468   220.68    -1.00    -1.00    -1.00    -1.00  0 -7.92e-07      0.01 7.069e-01 2.832e-01 1.529e-03 7.929e-04 4.352e-03 -1.000 9.883e-03 -3.880 3.175 2.793 1.584 -0.729 -2.908 -5.815 -6.780 -7.152
0.01 -0.17553 9.90309 1.0642852783 2.4854431941    0.726  3.476  3.4818 -0.298    8  0.530  0.468   217.29    -1.00    -1.00    -1.00    -1.00  0 -8.66e-07      0.02 7.069e-01 2.832e-01 1.529e-03 7.929e-04 4.352e-03 -1.000 9.883e-03 -3.920 3.188 2.844 1.628 -0.708 -2.896 -5.860 -6.826 -7.203
0.01 -0.17553 9.90309 1.0642857552 2.4854432806    0.719  3.482  3.4809 -0.312    8  0.530  0.468   213.61    -1.00    -1.00    -1.00    -1.00  0 -9.15e-07      0.02 7.069e-01 2.832e-01 1.529e-03 7.929e-04 4.352e-03 -1.000 9.883e-03 -3.935 3.198 2.869 1.647 -0.698 -2.890 -5.878 -6.845 -7.224
0.01 -0.17553 9.90309 1.0642915964 2.4854443401    0.534 -9.999  4.0000  1.828    9  0.535  0.000     0.00     0.00     0.00     0.00     0.00 -1    -1e-30      0.00 7.069e-01 2.832e-01 1.529e-03 7.929e-04 4.352e-03 -1.000 9.883e-03 29.767 29.735 29.995 30.043 30.031 30.027 30.073 30.070 30.087
#isochrone terminated
