# File generated by CMD 3.7 (http://stev.oapd.inaf.it/cmd) on Thu Mar  2 17:05:21 CET 2023
# isochrones based on PARSEC release v1.2S +  COLIBRI S_37 + S_35 + PR16
# Basic references: Bressan et al. (2012), MNRAS, 427, 127 + Chen et al. (2014, 2015), MNRAS, 444, 2525 + MNRAS, 452, 1068 + Tang et al. (2014), MNRAS, 445, 4287 + Marigo et al. (2017), ApJ, 835, 77 + Pastorelli al. (2019), MNRAS, 485, 5666 + Pastorelli al. (2020), MNRAS, in press
# Thermal pulse cycles included 
# On RGB, assumed Reimers mass loss with efficiency eta=0.2
# LPV periods and growth rates added cf. Trabucchi et al. (2019)
# but fundamental-mode LPV periods are from Trabucchi et al. (2021)
# Photometric system: <i>UBVRIJHK</i> (cf. Maiz-Apellaniz 2006 + Bessell 1990)
# Using YBC version of bolometric corrections as in Chen et al. (2019)
# O-rich circumstellar dpmod60alox40 dust from Groenewegen (2006)
# C-rich circumstellar AMCSIC15 dust from Groenewegen (2006)
# IMF: Kroupa (2001, 2002) + Kroupa et al. (2013) canonical two-part-power law IMF corrected for unresolved binaries 
# Kind of output: isochrone tables
# Zini     MH   logAge Mini        int_IMF         Mass   logL    logTe  logg  label   McoreTP C_O  period0  period1  period2  period3  period4  pmode  Mloss  tau1m   X   Y   Xc  Xn  Xo  Cexcess  Z 	 mbolmag  Umag    Bmag    Vmag    Rmag    Imag    Jmag    Hmag    Kmag
0.02 0.14251 9.90309 0.0900000036 1.0816895926    0.090 -3.437  3.3545  5.199    1  0.000  0.545     0.00     0.00     0.00     0.00     0.00 -1 -3.86e-17      0.00 6.951e-01 2.849e-01 3.596e-03 9.702e-04 8.799e-03 -1.000 2.000e-02 13.363 22.395 19.939 18.140 16.046 13.823 11.269 10.661 10.353
0.02 0.14251 9.90309 0.1000000015 1.1711064122    0.100 -3.265  3.3780  5.167    1  0.000  0.545     0.00     0.00     0.00     0.00     0.00 -1 -5.64e-17      0.00 6.948e-01 2.852e-01 3.596e-03 9.702e-04 8.799e-03 -1.000 2.000e-02 12.932 21.903 19.482 17.694 15.610 13.392 10.840 10.233 9.921
0.02 0.14251 9.90309 0.1019649804 1.1873139933    0.102 -3.238  3.3814  5.162    1  0.000  0.545     0.00     0.00     0.00     0.00     0.00 -1 -5.98e-17      0.00 6.947e-01 2.853e-01 3.596e-03 9.702e-04 8.799e-03 -1.000 2.000e-02 12.865 21.827 19.411 17.624 15.543 13.325 10.773 10.166 9.854
0.02 0.14251 9.90309 0.1200000048 1.3193154741    0.120 -3.013  3.4095  5.120    1  0.000  0.545     0.00     0.00     0.00     0.00     0.00 -1 -9.69e-17      0.00 6.942e-01 2.858e-01 3.596e-03 9.702e-04 8.799e-03 -1.000 2.000e-02 12.304 21.188 18.817 17.043 14.975 12.764 10.213 9.608 9.292
0.02 0.14251 9.90309 0.1400000006 1.4384526719    0.140 -2.826  3.4313  5.087    1  0.000  0.545     0.00     0.00     0.00     0.00     0.00 -1 -1.43e-16      0.00 6.936e-01 2.864e-01 3.596e-03 9.702e-04 8.799e-03 -1.000 2.000e-02 11.836 19.896 17.788 16.076 14.183 12.094 9.777 9.173 8.856
0.02 0.14251 9.90309 0.1599999964 1.5372931554    0.160 -2.682  3.4460  5.060    1  0.000  0.545     0.00     0.00     0.00     0.00     0.00 -1 -1.93e-16      0.00 6.931e-01 2.869e-01 3.596e-03 9.702e-04 8.799e-03 -1.000 2.000e-02 11.475 18.817 16.912 15.267 13.526 11.551 9.449 8.844 8.533
0.02 0.14251 9.90309 0.2000000030 1.6938790862    0.200 -2.465  3.4648  5.015    1  0.000  0.545     0.00     0.00     0.00     0.00     0.00 -1    -3e-16      0.00 6.922e-01 2.878e-01 3.596e-03 9.702e-04 8.799e-03 -1.000 2.000e-02 10.932 17.439 15.763 14.181 12.622 10.807 8.950 8.343 8.041
0.02 0.14251 9.90309 0.2500000000 1.8403257998    0.250 -2.255  3.4811  4.968    1  0.000  0.545     0.00     0.00     0.00     0.00     0.00 -1 -4.58e-16      0.00 6.915e-01 2.885e-01 3.596e-03 9.702e-04 8.799e-03 -1.000 2.000e-02 10.408 16.305 14.782 13.249 11.826 10.144 8.463 7.853 7.564
0.02 0.14251 9.90309 0.3093049824 1.9711814738    0.309 -2.056  3.4950  4.917    1  0.000  0.545     0.00     0.00     0.00     0.00     0.00 -1  -6.9e-16      0.00 6.921e-01 2.879e-01 3.596e-03 9.703e-04 8.799e-03 -1.000 2.000e-02 9.911 15.372 13.948 12.445 11.117 9.553 7.999 7.384 7.107
0.02 0.14251 9.90309 0.3364608586 2.0206521658    0.336 -1.975  3.4998  4.891    1  0.000  0.545     0.00     0.00     0.00     0.00     0.00 -1 -8.22e-16      0.00 6.947e-01 2.853e-01 3.596e-03 9.702e-04 8.799e-03 -1.000 2.000e-02 9.708 15.028 13.637 12.150 10.853 9.323 7.807 7.189 6.917
0.02 0.14251 9.90309 0.3500000238 2.0434175133    0.350 -1.937  3.5020  4.879    1  0.000  0.545     0.00     0.00     0.00     0.00     0.00 -1 -8.94e-16      0.00 6.957e-01 2.843e-01 3.596e-03 9.702e-04 8.799e-03 -1.000 2.000e-02 9.611 14.872 13.494 12.013 10.730 9.215 7.716 7.096 6.826
0.02 0.14251 9.90309 0.4000000358 2.1185024810    0.400 -1.794  3.5134  4.839    1  0.000  0.545     0.00     0.00     0.00     0.00     0.00 -1 -1.22e-15      0.00 6.959e-01 2.841e-01 3.596e-03 9.702e-04 8.799e-03 -1.000 2.000e-02 9.254 14.244 12.914 11.460 10.239 8.802 7.385 6.757 6.498
0.02 0.14251 9.90309 0.4500000179 2.1822809362    0.450 -1.647  3.5257  4.793    1  0.000  0.545     0.00     0.00     0.00     0.00     0.00 -1  -1.7e-15      0.00 6.960e-01 2.840e-01 3.596e-03 9.702e-04 8.799e-03 -1.000 2.000e-02 8.888 13.630 12.331 10.904 9.743 8.384 7.050 6.409 6.162
0.02 0.14251 9.90309 0.5000000000 2.2374541529    0.500 -1.496  3.5398  4.744    1  0.000  0.545     0.00     0.00     0.00     0.00     0.00 -1 -2.41e-15      0.00 6.960e-01 2.840e-01 3.596e-03 9.702e-04 8.799e-03 -1.000 2.000e-02 8.509 13.023 11.735 10.338 9.236 7.957 6.706 6.051 5.815
0.02 0.14251 9.90309 0.5378953815 2.2733764943    0.538 -1.368  3.5536  4.702    1  0.000  0.545     0.00     0.00     0.00     0.00     0.00 -1 -3.28e-15      0.00 7.096e-01 2.713e-01 3.445e-03 9.296e-04 8.432e-03 -1.000 1.914e-02 8.189 12.525 11.223 9.843 8.791 7.597 6.421 5.754 5.530
0.02 0.14251 9.90309 0.5500000119 2.2836582633    0.550 -1.328  3.5579  4.690    1  0.000  0.545     0.00     0.00     0.00     0.00     0.00 -1  -3.6e-15      0.00 7.139e-01 2.672e-01 3.396e-03 9.164e-04 8.313e-03 -1.000 1.886e-02 8.091 12.378 11.068 9.690 8.654 7.488 6.335 5.663 5.443
0.02 0.14251 9.90309 0.5784352422 2.3058764253    0.578 -1.232  3.5714  4.669    1  0.000  0.545     0.00     0.00     0.00     0.00     0.00 -1 -4.49e-15      0.00 7.155e-01 2.657e-01 3.379e-03 9.119e-04 8.272e-03 -1.000 1.877e-02 7.849 11.993 10.650 9.274 8.279 7.213 6.132 5.448 5.242
0.02 0.14251 9.90309 0.6000000238 2.3211213258    0.600 -1.161  3.5812  4.654    1  0.000  0.545     0.00     0.00     0.00     0.00     0.00 -1 -5.27e-15      0.00 7.167e-01 2.646e-01 3.367e-03 9.087e-04 8.244e-03 -1.000 1.871e-02 7.673 11.723 10.356 8.987 8.018 7.019 5.983 5.291 5.098
0.02 0.14251 9.90309 0.6137585640 2.3302065852    0.614 -1.113  3.5893  4.648    1  0.000  0.545     0.00     0.00     0.00     0.00     0.00 -1 -5.87e-15      0.00 7.173e-01 2.640e-01 3.360e-03 9.068e-04 8.227e-03 -1.000 1.869e-02 7.552 11.527 10.138 8.776 7.827 6.885 5.884 5.186 5.005
0.02 0.14251 9.90309 0.6499999762 2.3520353107    0.650 -0.990  3.6099  4.633    1  0.000  0.544     0.00     0.00     0.00     0.00     0.00 -1 -7.69e-15      0.00 7.191e-01 2.623e-01 3.342e-03 9.020e-04 8.184e-03 -1.000 1.863e-02 7.245 11.031 9.590 8.266 7.366 6.552 5.626 4.926 4.776
0.02 0.14251 9.90309 0.7000000477 2.3779267258    0.700 -0.822  3.6401  4.618    1  0.000  0.544     0.00     0.00     0.00     0.00     0.00 -1 -1.11e-14      0.00 7.214e-01 2.601e-01 3.318e-03 8.958e-04 8.129e-03 -1.000 1.850e-02 6.826 10.219 8.791 7.566 6.744 6.110 5.283 4.609 4.501
0.02 0.14251 9.90309 0.7080146074 2.3816876941    0.708 -0.795  3.6453  4.617    1  0.000  0.543     0.00     0.00     0.00     0.00     0.00 -1 -1.18e-14      0.00 7.217e-01 2.598e-01 3.307e-03 8.946e-04 8.120e-03 -1.000 1.848e-02 6.758 10.049 8.654 7.451 6.646 6.038 5.230 4.568 4.465
0.02 0.14251 9.90309 0.7500000000 2.3998889087    0.750 -0.656  3.6715  4.607    1  0.000  0.537     0.00     0.00     0.00     0.00     0.00 -1 -1.59e-14      0.00 7.236e-01 2.580e-01 3.251e-03 8.885e-04 8.075e-03 -1.000 1.838e-02 6.411 9.117 7.962 6.885 6.176 5.672 4.959 4.376 4.290
0.02 0.14251 9.90309 0.7507789731 2.4002045493    0.751 -0.654  3.6718  4.607    1  0.000  0.537     0.00     0.00     0.00     0.00     0.00 -1  -1.6e-14      0.00 7.237e-01 2.580e-01 3.250e-03 8.884e-04 8.073e-03 -1.000 1.838e-02 6.405 9.103 7.952 6.876 6.169 5.666 4.954 4.372 4.287
0.02 0.14251 9.90309 0.7860519290 2.4137467752    0.786 -0.547  3.6875  4.582    1  0.000  0.537     0.00     0.00     0.00     0.00     0.00 -1 -2.06e-14      0.00 7.261e-01 2.557e-01 3.225e-03 8.815e-04 8.013e-03 -1.000 1.821e-02 6.137 8.487 7.501 6.500 5.855 5.392 4.736 4.204 4.127
0.02 0.14251 9.90309 0.8000000119 2.4187244405    0.800 -0.505  3.6936  4.572    1  0.000  0.537     0.00     0.00     0.00     0.00     0.00 -1 -2.27e-14      0.00 7.271e-01 2.548e-01 3.216e-03 8.789e-04 7.989e-03 -1.000 1.817e-02 6.032 8.255 7.332 6.358 5.736 5.286 4.651 4.138 4.063
0.02 0.14251 9.90309 0.8212572336 2.4259378440    0.821 -0.440  3.7026  4.555    1  0.000  0.537     0.00     0.00     0.00     0.00     0.00 -1 -2.65e-14      0.00 7.288e-01 2.532e-01 3.198e-03 8.743e-04 7.947e-03 -1.000 1.807e-02 5.871 7.907 7.080 6.146 5.557 5.126 4.521 4.035 3.964
0.02 0.14251 9.90309 0.8441202044 2.4332316763    0.843 -0.371  3.7121  4.536    1  0.000  0.536     0.00     0.00     0.00     0.00     0.00 -1 -3.13e-14      0.00 7.305e-01 2.515e-01 3.180e-03 8.694e-04 7.904e-03 -1.000 1.800e-02 5.698 7.552 6.821 5.926 5.369 4.956 4.382 3.924 3.857
0.02 0.14251 9.90309 0.8500000238 2.4350346840    0.849 -0.354  3.7145  4.531    1  0.000  0.536     0.00     0.00     0.00     0.00     0.00 -1 -3.27e-14      0.00 7.309e-01 2.511e-01 3.175e-03 8.682e-04 7.893e-03 -1.000 1.798e-02 5.654 7.464 6.757 5.871 5.322 4.913 4.347 3.895 3.829
0.02 0.14251 9.90309 0.8597000837 2.4379472445    0.859 -0.324  3.7182  4.521    1  0.000  0.536     0.00     0.00     0.00     0.00     0.00 -1 -3.51e-14      0.00 7.319e-01 2.502e-01 3.166e-03 8.656e-04 7.870e-03 -1.000 1.793e-02 5.581 7.320 6.651 5.781 5.243 4.841 4.287 3.845 3.781
0.02 0.14251 9.90309 0.8813195229 2.4441742527    0.881 -0.259  3.7264  4.499    1  0.000  0.536     0.00     0.00     0.00     0.00     0.00 -1 -4.14e-14      0.00 7.339e-01 2.483e-01 3.145e-03 8.600e-04 7.819e-03 -1.000 1.782e-02 5.416 7.011 6.422 5.583 5.070 4.681 4.153 3.733 3.672
0.02 0.14251 9.90309 0.8999999762 2.4492786016    0.899 -0.202  3.7331  4.478    1  0.000  0.536     0.00     0.00     0.00     0.00     0.00 -1 -4.79e-14      0.00 7.356e-01 2.466e-01 3.127e-03 8.552e-04 7.776e-03 -1.000 1.773e-02 5.274 6.753 6.227 5.415 4.922 4.544 4.037 3.635 3.577
0.02 0.14251 9.90309 0.9086454511 2.4515594017    0.908 -0.175  3.7360  4.467    1  0.000  0.536     0.00     0.00     0.00     0.00     0.00 -1 -5.12e-14      0.00 7.366e-01 2.457e-01 3.117e-03 8.524e-04 7.751e-03 -1.000 1.766e-02 5.208 6.637 6.139 5.339 4.853 4.481 3.983 3.587 3.531
0.02 0.14251 9.90309 0.9211483002 2.4547709054    0.920 -0.136  3.7401  4.451    1  0.000  0.536     0.00     0.00     0.00     0.00     0.00 -1 -5.67e-14      0.00 7.381e-01 2.444e-01 3.102e-03 8.484e-04 7.716e-03 -1.000 1.755e-02 5.111 6.472 6.011 5.227 4.754 4.388 3.903 3.517 3.462
0.02 0.14251 9.90309 0.9336539507 2.4578843810    0.933 -0.098  3.7440  4.434    1  0.000  0.536     0.00     0.00     0.00     0.00     0.00 -1 -6.28e-14      0.00 7.395e-01 2.430e-01 3.087e-03 8.444e-04 7.680e-03 -1.000 1.746e-02 5.014 6.307 5.886 5.119 4.657 4.298 3.823 3.447 3.394
0.02 0.14251 9.90309 0.9452993274 2.4606986565    0.944 -0.061  3.7475  4.416    1  0.000  0.536     0.00     0.00     0.00     0.00     0.00 -1 -6.92e-14      0.00 7.409e-01 2.417e-01 3.073e-03 8.407e-04 7.646e-03 -1.000 1.738e-02 4.923 6.155 5.770 5.017 4.566 4.212 3.748 3.379 3.328
0.02 0.14251 9.90309 0.9499999881 2.4618121868    0.949 -0.047  3.7488  4.409    1  0.000  0.536     0.00     0.00     0.00     0.00     0.00 -1  -7.2e-14      0.00 7.414e-01 2.412e-01 3.067e-03 8.391e-04 7.633e-03 -1.000 1.736e-02 4.887 6.095 5.724 4.976 4.529 4.178 3.717 3.351 3.301
0.02 0.14251 9.90309 0.9566251636 2.4633602636    0.956 -0.026  3.7506  4.399    1  0.000  0.536     0.00     0.00     0.00     0.00     0.00 -1 -7.62e-14      0.00 7.424e-01 2.403e-01 3.058e-03 8.365e-04 7.609e-03 -1.000 1.731e-02 4.834 6.013 5.659 4.919 4.477 4.128 3.673 3.311 3.262
0.02 0.14251 9.90309 0.9672597051 2.4657942738    0.967  0.008  3.7533  4.380    1  0.000  0.536     0.00     0.00     0.00     0.00     0.00 -1 -8.37e-14      0.00 7.439e-01 2.389e-01 3.042e-03 8.323e-04 7.571e-03 -1.000 1.723e-02 4.749 5.884 5.555 4.827 4.393 4.048 3.600 3.245 3.197
0.02 0.14251 9.90309 0.9775034785 2.4680813491    0.977  0.041  3.7558  4.362    1  0.000  0.536     0.00     0.00     0.00     0.00     0.00 -1 -9.17e-14      0.00 7.453e-01 2.375e-01 3.027e-03 8.283e-04 7.535e-03 -1.000 1.716e-02 4.668 5.763 5.457 4.739 4.312 3.971 3.529 3.180 3.133
0.02 0.14251 9.90309 0.9873287082 2.4702237789    0.987  0.072  3.7579  4.344    1  0.000  0.536     0.00     0.00     0.00     0.00     0.00 -1    -1e-13      0.00 7.467e-01 2.362e-01 3.013e-03 8.244e-04 7.501e-03 -1.000 1.709e-02 4.590 5.652 5.364 4.656 4.234 3.897 3.461 3.117 3.071
0.02 0.14251 9.90309 0.9974450469 2.4723790456    0.997  0.103  3.7598  4.324    1  0.000  0.535     0.00     0.00     0.00     0.00     0.00 -1  -1.1e-13      0.00 7.481e-01 2.349e-01 2.999e-03 8.207e-04 7.467e-03 -1.000 1.703e-02 4.512 5.544 5.273 4.572 4.156 3.822 3.392 3.051 3.006
0.02 0.14251 9.90309 1.0000000000 2.4729154477    1.000  0.111  3.7602  4.320    1  0.000  0.535     0.00     0.00     0.00     0.00     0.00 -1 -1.12e-13      0.00 7.484e-01 2.346e-01 2.995e-03 8.197e-04 7.459e-03 -1.000 1.701e-02 4.492 5.518 5.251 4.552 4.137 3.804 3.374 3.035 2.990
0.02 0.14251 9.90309 1.0010328293 2.4731313924    1.001  0.114  3.7604  4.317    1  0.000  0.535     0.00     0.00     0.00     0.00     0.00 -1 -1.13e-13      0.00 7.486e-01 2.344e-01 2.993e-03 8.192e-04 7.454e-03 -1.000 1.700e-02 4.484 5.507 5.242 4.544 4.129 3.796 3.367 3.028 2.983
0.02 0.14251 9.90309 1.0170844793 2.4764227603    1.016  0.167  3.7626  4.281    1  0.000  0.535     0.00     0.00     0.00     0.00     0.00 -1 -1.28e-13      0.00 7.508e-01 2.324e-01 2.972e-03 8.134e-04 7.402e-03 -1.000 1.682e-02 4.353 5.344 5.096 4.408 4.000 3.670 3.247 2.913 2.869
0.02 0.14251 9.90309 1.0297724009 2.4789410698    1.029  0.211  3.7644  4.249    1  0.000  0.535     0.00     0.00     0.00     0.00     0.00 -1 -1.44e-13      0.00 7.507e-01 2.325e-01 2.973e-03 8.139e-04 7.407e-03 -1.000 1.680e-02 4.243 5.209 4.974 4.294 3.891 3.564 3.145 2.815 2.772
0.02 0.14251 9.90309 1.0381275415 2.4805608033    1.037  0.241  3.7651  4.225    1  0.000  0.535     0.00     0.00     0.00     0.00     0.00 -1 -1.56e-13      0.00 7.502e-01 2.329e-01 2.979e-03 8.154e-04 7.421e-03 -1.000 1.687e-02 4.168 5.122 4.893 4.216 3.816 3.490 3.073 2.745 2.702
0.02 0.14251 9.90309 1.0494937897 2.4827167259    1.048  0.283  3.7657  4.190    1  0.000  0.535     0.00     0.00     0.00     0.00     0.00 -1 -1.75e-13      0.00 7.492e-01 2.338e-01 2.991e-03 8.187e-04 7.451e-03 -1.000 1.697e-02 4.063 5.009 4.784 4.110 3.711 3.387 2.971 2.644 2.602
0.02 0.14251 9.90309 1.0499999523 2.4828114860    1.049  0.285  3.7657  4.189    1  0.000  0.535     0.00     0.00     0.00     0.00     0.00 -1 -1.76e-13      0.00 7.492e-01 2.338e-01 2.991e-03 8.189e-04 7.453e-03 -1.000 1.697e-02 4.058 5.004 4.779 4.106 3.707 3.382 2.967 2.640 2.598
0.02 0.14251 9.90309 1.0503288507 2.4828730036    1.049  0.286  3.7657  4.188    1  0.000  0.535     0.00     0.00     0.00     0.00     0.00 -1 -1.76e-13      0.00 7.492e-01 2.339e-01 2.992e-03 8.190e-04 7.454e-03 -1.000 1.697e-02 4.055 5.000 4.776 4.102 3.704 3.379 2.964 2.637 2.595
0.02 0.14251 9.90309 1.0583862066 2.4843663416    1.057  0.317  3.7654  4.158    1  0.000  0.535     0.00     0.00     0.00     0.00     0.00 -1 -1.93e-13      0.00 7.483e-01 2.347e-01 3.005e-03 8.225e-04 7.486e-03 -1.000 1.704e-02 3.977 4.925 4.699 4.024 3.625 3.301 2.884 2.557 2.514
0.02 0.14251 9.90309 1.0666898489 2.4858782116    1.065  0.350  3.7646  4.126    1  0.000  0.535     0.00     0.00     0.00     0.00     0.00 -1 -2.12e-13      0.00 7.471e-01 2.358e-01 3.020e-03 8.267e-04 7.525e-03 -1.000 1.710e-02 3.895 4.851 4.621 3.943 3.543 3.217 2.799 2.469 2.426
0.02 0.14251 9.90309 1.0695980787 2.4864013432    1.068  0.362  3.7643  4.114    1  0.000  0.535     0.00     0.00     0.00     0.00     0.00 -1  -2.2e-13      0.00 7.466e-01 2.363e-01 3.027e-03 8.285e-04 7.542e-03 -1.000 1.714e-02 3.866 4.826 4.593 3.915 3.514 3.188 2.768 2.438 2.395
0.02 0.14251 9.90309 1.0768982172 2.4877001867    1.075  0.392  3.7621  4.078    2  0.000  0.535     0.00     0.00     0.00     0.00     0.00 -1 -2.42e-13      0.00 7.424e-01 2.401e-01 3.076e-03 8.420e-04 7.664e-03 -1.000 1.745e-02 3.791 4.779 4.532 3.845 3.439 3.109 2.683 2.348 2.304
0.02 0.14251 9.90309 1.0843697786 2.4890087262    1.083  0.421  3.7583  4.037    2  0.000  0.535     0.00     0.00     0.00     0.00     0.00 -1 -2.67e-13      0.00 7.371e-01 2.452e-01 3.136e-03 8.585e-04 7.814e-03 -1.000 1.778e-02 3.717 4.753 4.481 3.779 3.364 3.028 2.592 2.249 2.203
0.02 0.14251 9.90309 1.0919958353 2.4903231101    1.090  0.447  3.7508  3.984    2  0.000  0.536     0.00     0.00     0.00     0.00     0.00 -1 -2.96e-13      0.00 7.290e-01 2.528e-01 3.223e-03 8.818e-04 8.023e-03 -1.000 1.829e-02 3.654 4.797 4.468 3.735 3.302 2.953 2.495 2.134 2.085
0.02 0.14251 9.90309 1.0980287790 2.4913480525    1.096  0.455  3.7394  3.933    2  0.000  0.536     0.00     0.00     0.00     0.00     0.00 -1 -3.18e-13      0.00 7.204e-01 2.609e-01 3.310e-03 9.054e-04 8.234e-03 -1.000 1.875e-02 3.633 4.946 4.523 3.747 3.285 2.918 2.427 2.037 1.984
0.02 0.14251 9.90309 1.1000000238 2.4916801480    1.098  0.449  3.7325  3.911    2  0.000  0.536     0.00     0.00     0.00     0.00     0.00 -1 -3.21e-13      0.00 7.169e-01 2.641e-01 3.344e-03 9.144e-04 8.315e-03 -1.000 1.890e-02 3.646 5.063 4.586 3.783 3.304 2.926 2.413 2.005 1.949
0.02 0.14251 9.90309 1.1009948254 2.4918472230    1.099  0.447  3.7288  3.900    2  0.000  0.536     0.00     0.00     0.00     0.00     0.00 -1 -3.23e-13      0.00 7.152e-01 2.658e-01 3.361e-03 9.191e-04 8.356e-03 -1.000 1.898e-02 3.654 5.127 4.620 3.803 3.315 2.930 2.406 1.989 1.931
0.02 0.14251 9.90309 1.1028000116 2.4921495155    1.101  0.439  3.7200  3.873    2  0.000  0.537     0.00     0.00     0.00     0.00     0.00 -1 -3.25e-13      0.00 7.119e-01 2.689e-01 3.392e-03 9.274e-04 8.429e-03 -1.000 1.915e-02 3.673 5.288 4.708 3.855 3.344 2.945 2.391 1.951 1.890
0.02 0.14251 9.90309 1.1041579247 2.4923761597    1.102  0.438  3.7131  3.847    2  0.000  0.537     0.00     0.00     0.00     0.00     0.00 -1 -3.33e-13      0.00 7.096e-01 2.711e-01 3.413e-03 9.331e-04 8.478e-03 -1.000 1.925e-02 3.676 5.407 4.765 3.886 3.357 2.945 2.369 1.910 1.845
0.02 0.14251 9.90309 1.1057825089 2.4926464721    1.104  0.445  3.7052  3.809    2  0.000  0.537     0.00     0.00     0.00     0.00     0.00 -1 -3.51e-13      0.00 7.070e-01 2.736e-01 3.436e-03 9.391e-04 8.531e-03 -1.000 1.935e-02 3.658 5.528 4.813 3.904 3.353 2.927 2.324 1.842 1.774
0.02 0.14251 9.90309 1.1074073315 2.4929159120    1.106  0.467  3.6988  3.761    2  0.000  0.537     0.00     0.00     0.00     0.00     0.00 -1 -3.88e-13      0.00 7.044e-01 2.761e-01 3.455e-03 9.442e-04 8.576e-03 -1.000 1.951e-02 3.601 5.585 4.812 3.877 3.308 2.870 2.245 1.745 1.674
0.02 0.14251 9.90309 1.1085302830 2.4931015974    1.107  0.493  3.6955  3.723    2  0.000  0.537     0.00     0.00     0.00     0.00     0.00 -1  -4.3e-13      0.00 7.026e-01 2.778e-01 3.465e-03 9.472e-04 8.602e-03 -1.000 1.960e-02 3.537 5.581 4.779 3.830 3.251 2.807 2.170 1.660 1.588
0.02 0.14251 9.90309 1.1092349291 2.4932178932    1.107  0.513  3.6939  3.697    3  0.000  0.537     0.00     0.00     0.00     0.00     0.00 -1 -4.64e-13      0.00 7.013e-01 2.790e-01 3.469e-03 9.491e-04 8.616e-03 -1.000 1.961e-02 3.488 5.560 4.744 3.789 3.205 2.758 2.115 1.600 1.527
0.02 0.14251 9.90309 1.1107530594 2.4934678710    1.109  0.561  3.6911  3.638    3  0.000  0.535     0.00     0.00     0.00     0.00     0.00 -1  -5.5e-13      0.00 6.984e-01 2.820e-01 3.467e-03 9.570e-04 8.643e-03 -1.000 1.962e-02 3.367 5.486 4.647 3.681 3.091 2.638 1.985 1.462 1.387
0.02 0.14251 9.90309 1.1122335196 2.4937108904    1.110  0.616  3.6891  3.576    3  0.000  0.525     0.00     0.00     0.00     0.00     0.00 -1 -6.66e-13      0.00 6.948e-01 2.855e-01 3.415e-03 9.967e-04 8.665e-03 -1.000 1.971e-02 3.231 5.382 4.528 3.555 2.960 2.503 1.843 1.313 1.238
0.02 0.14251 9.90309 1.1135559082 2.4939273340    1.112  0.670  3.6875  3.516    3  0.000  0.504     0.00     0.00     0.00     0.00     0.00 -1 -8.06e-13      0.00 6.911e-01 2.892e-01 3.284e-03 1.134e-03 8.682e-03 -1.000 1.974e-02 3.095 5.269 4.406 3.427 2.829 2.369 1.703 1.168 1.093
0.02 0.14251 9.90309 1.1145273447 2.4940859588    1.113  0.713  3.6864  3.468    3  0.000  0.487     0.00     0.00     0.00     0.00     0.00 -1 -9.41e-13      0.00 6.886e-01 2.916e-01 3.177e-03 1.266e-03 8.690e-03 -1.000 1.982e-02 2.987 5.180 4.308 3.324 2.724 2.261 1.591 1.052 0.976
0.02 0.14251 9.90309 1.1156647205 2.4942712759    1.114  0.769  3.6849  3.408    3  0.000  0.469     0.00     0.00     0.00     0.00     0.00 -1 -1.14e-12      0.00 6.854e-01 2.947e-01 3.059e-03 1.416e-03 8.700e-03 -1.000 1.989e-02 2.848 5.070 4.186 3.193 2.590 2.123 1.448 0.906 0.829
0.02 0.14251 9.90309 1.1164830923 2.4944043479    1.115  0.812  3.6838  3.360    3  0.000  0.458     0.00     0.00     0.00     0.00     0.00 -1 -1.33e-12      0.00 6.832e-01 2.969e-01 2.991e-03 1.503e-03 8.706e-03 -1.000 1.984e-02 2.740 4.984 4.090 3.091 2.485 2.016 1.336 0.791 0.713
0.02 0.14251 9.90309 1.1171960831 2.4945201016    1.115  0.853  3.6826  3.315    3  0.000  0.452     0.00     0.00     0.00     0.00     0.00 -1 -1.54e-12      0.00 6.817e-01 2.984e-01 2.949e-03 1.557e-03 8.710e-03 -1.000 1.992e-02 2.638 4.905 4.000 2.995 2.386 1.914 1.230 0.682 0.603
0.02 0.14251 9.90309 1.1178644896 2.4946284629    1.116  0.894  3.6814  3.269    3  0.000  0.447     0.00     0.00     0.00     0.00     0.00 -1 -1.78e-12      0.00 6.804e-01 2.996e-01 2.918e-03 1.597e-03 8.713e-03 -1.000 1.991e-02 2.536 4.826 3.910 2.899 2.286 1.812 1.123 0.571 0.492
0.02 0.14251 9.90309 1.1184823513 2.4947284974    1.116  0.935  3.6800  3.223    3  0.000  0.443     0.00     0.00     0.00     0.00     0.00 -1 -2.06e-12      0.00 6.795e-01 3.006e-01 2.894e-03 1.628e-03 8.715e-03 -1.000 1.992e-02 2.433 4.750 3.821 2.803 2.187 1.710 1.016 0.460 0.381
0.02 0.14251 9.90309 1.1192358732 2.4948503240    1.117  0.989  3.6782  3.161    3  0.000  0.439     0.00     0.00     0.00     0.00     0.00 -1  -2.5e-12      0.00 6.783e-01 3.018e-01 2.868e-03 1.662e-03 8.718e-03 -1.000 1.991e-02 2.296 4.654 3.706 2.677 2.056 1.575 0.873 0.312 0.231
0.02 0.14251 9.90309 1.1198668480 2.4949521927    1.118  1.040  3.6763  3.103    3  0.000  0.437     0.00     0.00     0.00     0.00     0.00 -1    -3e-12      0.00 6.777e-01 3.024e-01 2.855e-03 1.679e-03 8.719e-03 -1.000 1.990e-02 2.170 4.568 3.600 2.561 1.935 1.450 0.741 0.174 0.092
0.02 0.14251 9.90309 1.1203346252 2.4950276285    1.118  1.081  3.6747  3.056    3  0.000  0.435     0.00     0.00     0.00     0.00     0.00 -1 -3.49e-12      0.00 6.774e-01 3.027e-01 2.848e-03 1.687e-03 8.720e-03 -1.000 1.991e-02 2.067 4.500 3.515 2.468 1.837 1.348 0.633 0.061 -0.022
0.02 0.14251 9.90309 1.1208761930 2.4951148737    1.119  1.133  3.6726  2.996    3  0.000  0.435     0.00     0.00     0.00     0.00     0.00 -1  -4.2e-12      0.00 6.771e-01 3.030e-01 2.842e-03 1.695e-03 8.720e-03 -1.000 1.993e-02 1.937 4.415 3.408 2.351 1.714 1.220 0.497 -0.082 -0.166
0.02 0.14251 9.90309 1.1213471889 2.4951906711    1.119  1.183  3.6704  2.938    3  0.000  0.434     0.00     0.00     0.00     0.00     0.00 -1 -5.03e-12      0.00 6.769e-01 3.031e-01 2.839e-03 1.699e-03 8.721e-03 -1.000 1.994e-02 1.813 4.337 3.307 2.239 1.596 1.098 0.366 -0.219 -0.304
0.02 0.14251 9.90309 1.1217952967 2.4952627172    1.119  1.235  3.6681  2.877    3  0.000  0.434     0.00     0.00     0.00     0.00     0.00 -1 -6.08e-12      0.00 6.769e-01 3.031e-01 2.838e-03 1.700e-03 8.721e-03 -1.000 1.994e-02 1.683 4.258 3.204 2.124 1.474 0.970 0.229 -0.363 -0.449
0.02 0.14251 9.90309 1.1221877337 2.4953257583    1.120  1.285  3.6657  2.817    3  0.000  0.434     0.00     0.00     0.00     0.00     0.00 -1  -7.3e-12      0.00 6.769e-01 3.031e-01 2.837e-03 1.701e-03 8.721e-03 -1.000 1.994e-02 1.558 4.185 3.105 2.014 1.357 0.848 0.097 -0.502 -0.590
0.02 0.14251 9.90309 1.1225341558 2.4953813654    1.120  1.333  3.6634  2.759    3  0.000  0.434     0.00     0.00     0.00     0.00     0.00 -1 -8.72e-12      0.00 6.769e-01 3.032e-01 2.837e-03 1.702e-03 8.721e-03 -1.000 1.995e-02 1.437 4.117 3.011 1.909 1.245 0.729 -0.030 -0.637 -0.727
0.02 0.14251 9.90309 1.1228666306 2.4954346966    1.120  1.384  3.6608  2.699    3  0.000  0.434     0.00     0.00     0.00     0.00     0.00 -1 -1.05e-11      0.00 6.769e-01 3.032e-01 2.836e-03 1.702e-03 8.721e-03 -1.000 1.995e-02 1.311 4.047 2.914 1.799 1.128 0.606 -0.163 -0.777 -0.869
0.02 0.14251 9.90309 1.1231641769 2.4954823943    1.120  1.432  3.6583  2.641    3  0.000  0.434     0.00     0.00     0.00     0.00     0.00 -1 -1.25e-11      0.00 6.769e-01 3.032e-01 2.836e-03 1.703e-03 8.722e-03 -1.000 1.995e-02 1.190 3.984 2.823 1.696 1.017 0.489 -0.291 -0.912 -1.006
0.02 0.14251 9.90309 1.1234520674 2.4955285164    1.121  1.479  3.6558  2.584    3  0.000  0.434     0.00     0.00     0.00     0.00     0.00 -1 -1.49e-11      0.00 6.769e-01 3.032e-01 2.836e-03 1.703e-03 8.722e-03 -1.000 1.995e-02 1.073 3.925 2.735 1.596 0.909 0.375 -0.415 -1.044 -1.140
0.02 0.14251 9.90309 1.1238363981 2.4955900467    1.121  1.527  3.6533  2.526    3  0.000  0.433     0.00     0.00     0.00     0.00     0.00 -1 -1.78e-11      0.00 6.769e-01 3.032e-01 2.835e-03 1.704e-03 8.722e-03 -1.000 1.995e-02 0.954 3.865 2.646 1.494 0.800 0.259 -0.540 -1.178 -1.276
0.02 0.14251 9.90309 1.1238893270 2.4955985166    1.121  1.530  3.6531  2.522    3  0.000  0.433     0.00     0.00     0.00     0.00     0.00 -1 -1.81e-11      0.00 6.769e-01 3.032e-01 2.835e-03 1.704e-03 8.722e-03 -1.000 1.995e-02 0.944 3.860 2.639 1.486 0.791 0.250 -0.550 -1.188 -1.286
0.02 0.14251 9.90309 1.1241706610 2.4956435218    1.121  1.484  3.6562  2.580    3  0.000  0.433     0.00     0.00     0.00     0.00     0.00 -1 -1.55e-11      0.00 6.769e-01 3.032e-01 2.835e-03 1.705e-03 8.722e-03 -1.000 1.995e-02 1.059 3.902 2.717 1.579 0.894 0.361 -0.427 -1.056 -1.151
0.02 0.14251 9.90309 1.1242941618 2.4956632702    1.121  1.454  3.6581  2.619    3  0.000  0.433     0.00     0.00     0.00     0.00     0.00 -1 -1.38e-11      0.00 6.769e-01 3.032e-01 2.835e-03 1.705e-03 8.722e-03 -1.000 1.995e-02 1.136 3.933 2.770 1.642 0.963 0.435 -0.346 -0.968 -1.062
0.02 0.14251 9.90309 1.1243803501 2.4956770491    1.121  1.473  3.6571  2.595    3  0.000  0.433     0.00     0.00     0.00     0.00     0.00 -1 -1.46e-11      0.00 6.769e-01 3.032e-01 2.834e-03 1.705e-03 8.722e-03 -1.000 1.995e-02 1.088 3.910 2.735 1.602 0.919 0.389 -0.396 -1.021 -1.116
0.02 0.14251 9.90309 1.1246181726 2.4957150573    1.121  1.522  3.6543  2.535    3  0.000  0.433     0.00     0.00     0.00     0.00     0.00 -1 -1.74e-11      0.00 6.769e-01 3.032e-01 2.834e-03 1.705e-03 8.722e-03 -1.000 1.995e-02 0.965 3.852 2.645 1.498 0.807 0.269 -0.526 -1.160 -1.257
0.02 0.14251 9.90309 1.1248501539 2.4957521141    1.121  1.571  3.6515  2.475    3  0.000  0.433     0.00     0.00     0.00     0.00     0.00 -1 -2.09e-11      0.00 6.768e-01 3.032e-01 2.834e-03 1.706e-03 8.722e-03 -1.000 1.995e-02 0.842 3.802 2.558 1.395 0.695 0.150 -0.657 -1.299 -1.398
0.02 0.14251 9.90309 1.1250638962 2.4957862418    1.122  1.620  3.6487  2.415    3  0.000  0.433     0.00     0.00     0.00     0.00     0.00 -1  -2.5e-11      0.00 6.768e-01 3.032e-01 2.834e-03 1.706e-03 8.722e-03 -1.000 1.995e-02 0.721 3.767 2.478 1.296 0.584 0.031 -0.787 -1.437 -1.538
0.02 0.14251 9.90309 1.1252549887 2.4958167405    1.122  1.667  3.6459  2.357    3  0.000  0.433     0.00     0.00     0.00     0.00     0.00 -1 -2.98e-11      0.00 6.768e-01 3.032e-01 2.833e-03 1.706e-03 8.722e-03 -1.000 1.995e-02 0.604 3.737 2.403 1.201 0.479 -0.082 -0.911 -1.570 -1.673
0.02 0.14251 9.90309 1.1254349947 2.4958454588    1.122  1.714  3.6430  2.297    3  0.000  0.433     0.00     0.00     0.00     0.00     0.00 -1 -3.56e-11      0.00 6.768e-01 3.032e-01 2.833e-03 1.707e-03 8.722e-03 -1.000 1.995e-02 0.484 3.708 2.327 1.105 0.372 -0.199 -1.040 -1.706 -1.812
0.02 0.14251 9.90309 1.1255960464 2.4958711443    1.122  1.761  3.6401  2.239    3  0.000  0.433     0.00     0.00     0.00     0.00     0.00 -1 -4.24e-11      0.00 6.768e-01 3.032e-01 2.833e-03 1.707e-03 8.722e-03 -1.000 1.995e-02 0.367 3.681 2.254 1.012 0.267 -0.312 -1.164 -1.839 -1.947
0.02 0.14251 9.90309 1.1257444620 2.4958948069    1.122  1.808  3.6371  2.180    3  0.000  0.433     0.00     0.00     0.00     0.00     0.00 -1 -5.05e-11      0.00 6.768e-01 3.032e-01 2.833e-03 1.707e-03 8.722e-03 -1.000 1.995e-02 0.250 3.658 2.184 0.921 0.166 -0.424 -1.289 -1.972 -2.083
0.02 0.14251 9.90309 1.1258782148 2.4959161257    1.122  1.854  3.6342  2.123    3  0.000  0.433     0.00     0.00     0.00     0.00     0.00 -1 -5.99e-11      0.00 6.768e-01 3.032e-01 2.833e-03 1.708e-03 8.722e-03 -1.000 1.995e-02 0.136 3.637 2.116 0.833 0.066 -0.534 -1.411 -2.102 -2.216
0.02 0.14251 9.90309 1.1260018349 2.4959358242    1.121  1.899  3.6312  2.065    3  0.000  0.433     0.00     0.00     0.00     0.00     0.00 -1 -7.12e-11      0.00 6.768e-01 3.032e-01 2.832e-03 1.708e-03 8.722e-03 -1.000 1.995e-02 0.022 3.617 2.048 0.746 -0.033 -0.643 -1.533 -2.233 -2.349
0.02 0.14251 9.90309 1.1261153221 2.4959539037    1.121  1.945  3.6282  2.007    3  0.000  0.433     0.00     0.00     0.00     0.00     0.00 -1 -8.47e-11      0.00 6.768e-01 3.032e-01 2.832e-03 1.708e-03 8.722e-03 -1.000 1.995e-02 -0.093 3.601 1.984 0.661 -0.129 -0.753 -1.655 -2.364 -2.483
0.02 0.14251 9.90309 1.1262162924 2.4959699856    1.121  1.990  3.6252  1.951    3  0.000  0.433     0.00     0.00     0.00     0.00     0.00 -1    -1e-10      0.00 6.768e-01 3.032e-01 2.832e-03 1.708e-03 8.722e-03 -1.000 1.995e-02 -0.204 3.557 1.920 0.576 -0.222 -0.857 -1.772 -2.485 -2.609
0.02 0.14251 9.90309 1.1263098717 2.4959848874    1.121  2.034  3.6221  1.894    3  0.000  0.433     0.00     0.00     0.00     0.00     0.00 -1 -1.19e-10      0.00 6.768e-01 3.032e-01 2.832e-03 1.708e-03 8.722e-03 -1.000 1.995e-02 -0.316 3.509 1.857 0.490 -0.314 -0.961 -1.890 -2.606 -2.736
0.02 0.14251 9.90309 1.1263943911 2.4959983440    1.121  2.078  3.6190  1.837    3  0.000  0.433     0.00     0.00     0.00     0.00     0.00 -1  -1.4e-10      0.00 6.768e-01 3.032e-01 2.832e-03 1.708e-03 8.722e-03 -1.000 1.995e-02 -0.426 3.458 1.793 0.406 -0.404 -1.062 -2.005 -2.725 -2.861
0.02 0.14251 9.90309 1.1264728308 2.4960108305    1.121  2.122  3.6159  1.781    3  0.000  0.433     0.00     0.00     0.00     0.00     0.00 -1 -1.66e-10      0.00 6.768e-01 3.032e-01 2.832e-03 1.709e-03 8.722e-03 -1.000 1.995e-02 -0.536 3.404 1.730 0.324 -0.492 -1.163 -2.121 -2.845 -2.987
0.02 0.14251 9.90309 1.1265438795 2.4960221388    1.120  2.166  3.6127  1.725    3  0.000  0.433     0.00     0.00     0.00     0.00     0.00 -1 -1.95e-10      0.00 6.768e-01 3.032e-01 2.832e-03 1.709e-03 8.723e-03 -1.000 1.995e-02 -0.644 3.351 1.670 0.245 -0.578 -1.262 -2.235 -2.962 -3.111
0.02 0.14251 9.90309 1.1266083717 2.4960324022    1.120  2.208  3.6097  1.670    3  0.000  0.433     0.00     0.00     0.00     0.00     0.00 -1 -2.29e-10      0.00 6.768e-01 3.032e-01 2.832e-03 1.709e-03 8.723e-03 -1.000 1.995e-02 -0.751 3.297 1.608 0.168 -0.663 -1.358 -2.346 -3.078 -3.233
0.02 0.14251 9.90309 1.1266679764 2.4960418865    1.120  2.251  3.6065  1.615    3  0.000  0.433     0.00     0.00     0.00     0.00     0.00 -1  -2.7e-10      0.00 6.768e-01 3.032e-01 2.832e-03 1.709e-03 8.723e-03 -1.000 1.995e-02 -0.856 3.240 1.550 0.095 -0.743 -1.453 -2.457 -3.193 -3.356
0.02 0.14251 9.90309 1.1267234087 2.4960507058    1.119  2.293  3.6033  1.559    3  0.000  0.433     0.00     0.00     0.00     0.00     0.00 -1 -3.18e-10      0.00 6.768e-01 3.032e-01 2.831e-03 1.709e-03 8.723e-03 -1.000 1.995e-02 -0.963 3.183 1.491 0.022 -0.824 -1.547 -2.569 -3.310 -3.480
0.02 0.14251 9.90309 1.1267728806 2.4960585760    1.119  2.334  3.6002  1.505    3  0.000  0.433     0.00     0.00     0.00     0.00     0.00 -1 -3.71e-10      0.00 6.768e-01 3.032e-01 2.831e-03 1.709e-03 8.723e-03 -1.000 1.995e-02 -1.065 3.127 1.434 -0.048 -0.902 -1.638 -2.676 -3.422 -3.599
0.02 0.14251 9.90309 1.1268187761 2.4960658766    1.118  2.375  3.5969  1.451    3  0.000  0.433     0.00     0.00     0.00     0.00     0.00 -1 -4.35e-10      0.00 6.768e-01 3.032e-01 2.831e-03 1.709e-03 8.723e-03 -1.000 1.995e-02 -1.167 3.114 1.392 -0.103 -0.972 -1.731 -2.787 -3.539 -3.722
0.02 0.14251 9.90309 1.1268618107 2.4960727215    1.118  2.416  3.5936  1.397    3  0.000  0.433     0.00     0.00     0.00     0.00     0.00 -1 -5.09e-10      0.00 6.768e-01 3.032e-01 2.831e-03 1.709e-03 8.723e-03 -1.000 1.995e-02 -1.270 3.106 1.350 -0.158 -1.041 -1.824 -2.898 -3.659 -3.847
0.02 0.14251 9.90309 1.1268993616 2.4960786936    1.117  2.455  3.5905  1.346    3  0.000  0.433     0.00     0.00     0.00     0.00     0.00 -1 -5.91e-10      0.00 6.768e-01 3.032e-01 2.831e-03 1.709e-03 8.723e-03 -1.000 1.995e-02 -1.366 3.100 1.312 -0.208 -1.106 -1.912 -3.002 -3.771 -3.963
0.02 0.14251 9.90309 1.1269351244 2.4960843810    1.117  2.494  3.5872  1.293    3  0.000  0.433     0.00     0.00     0.00     0.00     0.00 -1 -6.89e-10      0.00 6.768e-01 3.032e-01 2.831e-03 1.709e-03 8.723e-03 -1.000 1.995e-02 -1.465 3.092 1.280 -0.249 -1.163 -1.999 -3.109 -3.886 -4.084
0.02 0.14251 9.90309 1.1269690990 2.4960897835    1.116  2.534  3.5838  1.239    3  0.000  0.433    12.99     9.33     6.52     5.01     4.07  4 -8.05e-10      0.00 6.768e-01 3.032e-01 2.831e-03 1.709e-03 8.723e-03 -1.000 1.995e-02 -1.565 3.084 1.250 -0.290 -1.220 -2.089 -3.219 -4.004 -4.207
0.02 0.14251 9.90309 1.1269987822 2.4960945034    1.116  2.572  3.5806  1.188    3  0.000  0.433    14.42    10.22     7.11     5.48     4.45  4 -9.32e-10      0.00 6.768e-01 3.032e-01 2.831e-03 1.709e-03 8.723e-03 -1.000 1.995e-02 -1.659 3.077 1.221 -0.328 -1.274 -2.172 -3.321 -4.114 -4.322
0.02 0.14251 9.90309 1.1270262003 2.4960988628    1.115  2.609  3.5773  1.138    3  0.000  0.433    16.02    11.20     7.76     5.99     4.86  4 -1.08e-09      0.00 6.768e-01 3.032e-01 2.831e-03 1.710e-03 8.723e-03 -1.000 1.995e-02 -1.752 3.069 1.204 -0.349 -1.314 -2.251 -3.423 -4.223 -4.436
0.02 0.14251 9.90309 1.1270524263 2.4961030325    1.114  2.646  3.5738  1.086    3  0.000  0.433    17.83    12.29     8.48     6.55     5.33  3 -1.25e-09      0.00 6.768e-01 3.032e-01 2.831e-03 1.710e-03 8.723e-03 -1.000 1.995e-02 -1.846 3.060 1.189 -0.366 -1.352 -2.331 -3.527 -4.335 -4.554
0.02 0.14251 9.90309 1.1270763874 2.4961068419    1.113  2.683  3.5705  1.035    3  0.000  0.433    19.78    13.47     9.25     7.16     5.82  3 -1.44e-09      0.00 6.768e-01 3.032e-01 2.831e-03 1.710e-03 8.723e-03 -1.000 1.995e-02 -1.938 3.052 1.174 -0.384 -1.390 -2.410 -3.629 -4.444 -4.668
0.02 0.14251 9.90309 1.1271035671 2.4961111628    1.112  2.728  3.5663  0.974    3  0.000  0.433    22.47    15.05    10.29     7.97     6.48  3 -1.72e-09      0.00 6.768e-01 3.032e-01 2.831e-03 1.710e-03 8.723e-03 -1.000 1.995e-02 -2.049 3.043 1.175 -0.380 -1.417 -2.498 -3.753 -4.576 -4.807
0.02 0.14251 9.90309 1.1271282434 2.4961150854    1.111  2.771  3.5620  0.913    3  0.000  0.433    25.49    16.80    11.43     8.87     7.21  3 -2.04e-09      0.00 6.768e-01 3.032e-01 2.831e-03 1.710e-03 8.723e-03 -1.000 1.995e-02 -2.158 3.038 1.184 -0.367 -1.437 -2.583 -3.875 -4.706 -4.943
0.02 0.14251 9.90309 1.1271511316 2.4961187237    1.110  2.814  3.5577  0.852    3  0.000  0.433    28.89    18.74    12.69     9.86     8.02  3 -2.42e-09      0.00 6.768e-01 3.032e-01 2.831e-03 1.710e-03 8.723e-03 -1.000 1.995e-02 -2.265 3.034 1.205 -0.336 -1.446 -2.661 -3.996 -4.835 -5.079
0.02 0.14251 9.90309 1.1271719933 2.4961220396    1.108  2.856  3.5535  0.793    3  0.000  0.433    32.65    20.85    14.05    10.94     8.90  3 -2.86e-09      0.00 6.768e-01 3.032e-01 2.831e-03 1.710e-03 8.723e-03 -1.000 1.995e-02 -2.369 3.028 1.236 -0.294 -1.446 -2.732 -4.113 -4.960 -5.212
0.02 0.14251 9.90309 1.1271913052 2.4961251092    1.107  2.897  3.5491  0.734    3  0.000  0.433    36.90    23.20    15.55    12.13     9.87  2 -3.38e-09      0.00 6.768e-01 3.032e-01 2.831e-03 1.710e-03 8.723e-03 -1.000 1.995e-02 -2.472 3.025 1.277 -0.239 -1.438 -2.799 -4.230 -5.085 -5.344
0.02 0.14251 9.90309 1.1272088289 2.4961278943    1.105  2.937  3.5448  0.676    3  0.000  0.433    41.57    25.74    17.18    13.42    10.92  2 -3.98e-09      0.00 6.768e-01 3.032e-01 2.831e-03 1.710e-03 8.723e-03 -1.000 1.996e-02 -2.572 3.021 1.336 -0.161 -1.415 -2.852 -4.344 -5.206 -5.472
0.02 0.14251 9.90309 1.1272253990 2.4961305279    1.103  2.977  3.5405  0.618    3  0.000  0.433    46.87    28.58    18.98    14.85    12.09  2 -4.68e-09      0.00 6.768e-01 3.033e-01 2.831e-03 1.710e-03 8.723e-03 -1.000 1.995e-02 -2.672 3.018 1.397 -0.080 -1.390 -2.904 -4.459 -5.327 -5.601
0.02 0.14251 9.90309 1.1272404194 2.4961329150    1.101  3.015  3.5363  0.562    3  0.000  0.433    52.56    31.58    20.88    16.36    13.33  2 -5.47e-09      0.00 6.768e-01 3.033e-01 2.831e-03 1.710e-03 8.723e-03 -1.000 1.996e-02 -2.767 3.014 1.476 0.022 -1.352 -2.936 -4.568 -5.442 -5.723
0.02 0.14251 9.90309 1.1272546053 2.4961351695    1.099  3.053  3.5320  0.506    3  0.000  0.433    59.07    34.96    23.01    18.06    14.71  2 -6.41e-09      0.00 6.768e-01 3.033e-01 2.831e-03 1.710e-03 8.723e-03 -1.000 1.996e-02 -2.863 3.013 1.563 0.135 -1.308 -2.966 -4.678 -5.558 -5.848
0.02 0.14251 9.90309 1.1272675991 2.4961372344    1.097  3.090  3.5277  0.451    3  0.000  0.433    66.15    38.58    25.28    19.87    16.19  2 -7.47e-09      0.00 6.768e-01 3.033e-01 2.831e-03 1.710e-03 8.723e-03 -1.000 1.996e-02 -2.955 3.012 1.670 0.270 -1.250 -2.977 -4.785 -5.670 -5.968
0.02 0.14251 9.90309 1.1272796392 2.4961391478    1.094  3.126  3.5235  0.397    3  0.000  0.433    73.91    42.49    27.72    21.82    17.78  2 -8.68e-09      0.00 6.768e-01 3.033e-01 2.831e-03 1.710e-03 8.723e-03 -1.000 1.996e-02 -3.045 3.013 1.790 0.421 -1.182 -2.972 -4.889 -5.778 -6.086
0.02 0.14251 9.90309 1.1272908449 2.4961409285    1.091  3.161  3.5192  0.344    3  0.000  0.433    82.54    46.78    30.38    23.96    19.53  2 -1.01e-08      0.00 6.768e-01 3.033e-01 2.831e-03 1.710e-03 8.723e-03 -1.000 1.996e-02 -3.133 3.017 1.923 0.588 -1.104 -2.958 -4.992 -5.886 -6.202
0.02 0.14251 9.90309 1.1273013353 2.4961425955    1.088  3.196  3.5149  0.290    3  0.000  0.433    92.14    51.48    33.29    26.29    21.43  2 -1.17e-08      0.00 6.768e-01 3.033e-01 2.831e-03 1.710e-03 8.723e-03 -1.000 1.996e-02 -3.220 3.023 2.087 0.801 -0.994 -2.908 -5.092 -5.991 -6.317
0.02 0.14251 9.90309 1.1273111105 2.4961441488    1.085  3.230  3.5107  0.239    3  0.000  0.433   102.50    56.47    36.36    28.76    23.45  2 -1.35e-08      0.00 6.768e-01 3.033e-01 2.831e-03 1.710e-03 8.723e-03 -1.000 1.996e-02 -3.304 3.032 2.255 1.019 -0.882 -2.855 -5.189 -6.093 -6.428
0.02 0.14251 9.90309 1.1273201704 2.4961455884    1.082  3.262  3.5063  0.187    3  0.000  0.433   114.01    61.95    39.72    31.46    25.66  1 -1.55e-08      0.00 6.768e-01 3.033e-01 2.831e-03 1.710e-03 8.723e-03 -1.000 1.996e-02 -3.386 3.033 2.389 1.191 -0.793 -2.811 -5.285 -6.193 -6.536
0.02 0.14251 9.90309 1.1273287535 2.4961469522    1.078  3.294  3.5021  0.137    3  0.000  0.433   126.43    67.76    43.27    34.32    28.00  1 -1.79e-08      0.00 6.768e-01 3.033e-01 2.831e-03 1.710e-03 8.723e-03 -1.000 1.996e-02 -3.466 3.034 2.519 1.357 -0.707 -2.765 -5.377 -6.291 -6.641
0.02 0.14251 9.90309 1.1273367405 2.4961482213    1.074  3.325  3.4980  0.088    3  0.000  0.433   139.93    73.99    47.06    37.38    30.50  1 -2.05e-08      0.00 6.768e-01 3.033e-01 2.831e-03 1.710e-03 8.723e-03 -1.000 1.996e-02 -3.543 3.037 2.650 1.515 -0.620 -2.712 -5.466 -6.385 -6.744
0.02 0.14251 9.90309 1.1273443699 2.4961494336    1.070  3.356  3.4938  0.039    3  0.000  0.433   154.84    80.78    51.16    40.70    33.21  1 -2.35e-08      0.00 6.768e-01 3.033e-01 2.831e-03 1.710e-03 8.723e-03 -1.000 1.996e-02 -3.620 3.043 2.778 1.661 -0.536 -2.654 -5.553 -6.479 -6.846
0.02 0.14251 9.90309 1.1273517609 2.4961506079    1.065  3.385  3.4898 -0.009    3  0.000  0.433   170.86    87.96    55.49    44.21    36.08  1 -2.68e-08      0.00 6.768e-01 3.033e-01 2.831e-03 1.710e-03 8.723e-03 -1.000 1.996e-02 -3.694 3.049 2.901 1.798 -0.456 -2.598 -5.638 -6.570 -6.945
0.02 0.14251 9.90309 1.1273571253 2.4961514603    1.061  3.405  3.4870 -0.041    3  0.000  0.433   182.53    93.12    58.60    46.72    38.14  1 -2.95e-08      0.00 6.768e-01 3.033e-01 2.831e-03 1.710e-03 8.723e-03 -1.000 1.996e-02 -3.743 3.047 2.946 1.825 -0.442 -2.589 -5.694 -6.630 -7.009
0.02 0.14251 9.90309 1.1273571253 2.4961514603    1.061  1.682  3.6615  2.380    4  0.000  0.449     0.00     0.00     0.00     0.00     0.00 -1    -1e-30      0.00 6.786e-01 3.015e-01 2.932e-03 1.576e-03 8.704e-03 -1.000 1.984e-02 0.565 3.307 2.169 1.040 0.378 -0.141 -0.911 -1.516 -1.609
0.02 0.14251 9.90309 1.1274862289 2.4961719704    1.061  1.692  3.6608  2.367    4  0.000  0.449     0.00     0.00     0.00     0.00     0.00 -1    -1e-30      0.00 6.786e-01 3.016e-01 2.932e-03 1.577e-03 8.704e-03 -1.000 1.984e-02 0.540 3.302 2.153 1.020 0.356 -0.165 -0.938 -1.546 -1.639
0.02 0.14251 9.90309 1.1276110411 2.4961917937    1.061  1.695  3.6607  2.363    4  0.000  0.449     0.00     0.00     0.00     0.00     0.00 -1    -1e-30      0.00 6.786e-01 3.016e-01 2.932e-03 1.577e-03 8.704e-03 -1.000 1.984e-02 0.532 3.297 2.147 1.013 0.348 -0.173 -0.946 -1.554 -1.648
0.02 0.14251 9.90309 1.1277360916 2.4962116498    1.061  1.694  3.6610  2.366    4  0.000  0.449     0.00     0.00     0.00     0.00     0.00 -1    -1e-30      0.00 6.786e-01 3.016e-01 2.932e-03 1.577e-03 8.704e-03 -1.000 1.985e-02 0.535 3.292 2.146 1.014 0.350 -0.170 -0.942 -1.549 -1.642
0.02 0.14251 9.90309 1.1278611422 2.4962315008    1.061  1.691  3.6615  2.370    4  0.000  0.449     0.00     0.00     0.00     0.00     0.00 -1    -1e-30      0.00 6.786e-01 3.016e-01 2.932e-03 1.577e-03 8.704e-03 -1.000 1.985e-02 0.542 3.287 2.147 1.017 0.355 -0.164 -0.934 -1.540 -1.633
0.02 0.14251 9.90309 1.1279881001 2.4962516494    1.061  1.688  3.6620  2.375    4  0.000  0.449     0.00     0.00     0.00     0.00     0.00 -1    -1e-30      0.00 6.786e-01 3.016e-01 2.931e-03 1.578e-03 8.704e-03 -1.000 1.985e-02 0.549 3.282 2.149 1.021 0.361 -0.157 -0.925 -1.530 -1.622
0.02 0.14251 9.90309 1.1281148195 2.4962717550    1.062  1.686  3.6625  2.380    4  0.000  0.449     0.00     0.00     0.00     0.00     0.00 -1    -1e-30      0.00 6.786e-01 3.016e-01 2.931e-03 1.578e-03 8.704e-03 -1.000 1.985e-02 0.556 3.277 2.150 1.025 0.367 -0.150 -0.917 -1.519 -1.612
0.02 0.14251 9.90309 1.1282417774 2.4962918932    1.062  1.683  3.6629  2.385    4  0.000  0.449     0.00     0.00     0.00     0.00     0.00 -1    -1e-30      0.00 6.786e-01 3.016e-01 2.931e-03 1.578e-03 8.704e-03 -1.000 1.985e-02 0.563 3.272 2.151 1.029 0.372 -0.143 -0.908 -1.510 -1.602
0.02 0.14251 9.90309 1.1283662319 2.4963116293    1.062  1.680  3.6634  2.389    4  0.000  0.449     0.00     0.00     0.00     0.00     0.00 -1    -1e-30      0.00 6.786e-01 3.016e-01 2.931e-03 1.579e-03 8.704e-03 -1.000 1.985e-02 0.570 3.268 2.152 1.033 0.377 -0.137 -0.900 -1.500 -1.592
0.02 0.14251 9.90309 1.1284880638 2.4963309446    1.062  1.678  3.6638  2.394    4  0.000  0.449     0.00     0.00     0.00     0.00     0.00 -1    -1e-30      0.00 6.786e-01 3.016e-01 2.931e-03 1.579e-03 8.704e-03 -1.000 1.985e-02 0.576 3.263 2.153 1.036 0.382 -0.132 -0.893 -1.492 -1.583
0.02 0.14251 9.90309 1.1286178827 2.4963515209    1.062  1.675  3.6642  2.397    4  0.000  0.449     0.00     0.00     0.00     0.00     0.00 -1    -1e-30      0.00 6.786e-01 3.016e-01 2.930e-03 1.579e-03 8.704e-03 -1.000 1.985e-02 0.581 3.258 2.154 1.039 0.386 -0.127 -0.886 -1.484 -1.575
0.02 0.14251 9.90309 1.1287461519 2.4963718462    1.062  1.674  3.6645  2.401    4  0.000  0.449     0.00     0.00     0.00     0.00     0.00 -1    -1e-30      0.00 6.786e-01 3.016e-01 2.930e-03 1.579e-03 8.704e-03 -1.000 1.985e-02 0.586 3.254 2.154 1.041 0.390 -0.122 -0.881 -1.478 -1.569
0.02 0.14251 9.90309 1.1288751364 2.4963922795    1.063  1.672  3.6649  2.404    4  0.000  0.449     0.00     0.00     0.00     0.00     0.00 -1    -1e-30      0.00 6.786e-01 3.016e-01 2.930e-03 1.580e-03 8.704e-03 -1.000 1.985e-02 0.590 3.250 2.154 1.043 0.393 -0.119 -0.876 -1.472 -1.562
0.02 0.14251 9.90309 1.1290048361 2.4964128207    1.063  1.671  3.6652  2.406    4  0.000  0.449     0.00     0.00     0.00     0.00     0.00 -1    -1e-30      0.00 6.786e-01 3.016e-01 2.930e-03 1.580e-03 8.704e-03 -1.000 1.985e-02 0.593 3.245 2.154 1.044 0.395 -0.116 -0.872 -1.466 -1.557
0.02 0.14251 9.90309 1.1290336847 2.4964173889    1.063  1.670  3.6652  2.407    4  0.000  0.449     0.00     0.00     0.00     0.00     0.00 -1    -1e-30      0.00 6.786e-01 3.016e-01 2.930e-03 1.580e-03 8.704e-03 -1.000 1.985e-02 0.594 3.244 2.153 1.044 0.396 -0.115 -0.871 -1.465 -1.556
0.02 0.14251 9.90309 1.1291317940 2.4964329224    1.063  1.670  3.6654  2.409    4  0.000  0.449     0.00     0.00     0.00     0.00     0.00 -1    -1e-30      0.00 6.786e-01 3.016e-01 2.930e-03 1.580e-03 8.704e-03 -1.000 1.985e-02 0.596 3.241 2.153 1.045 0.397 -0.113 -0.868 -1.462 -1.553
0.02 0.14251 9.90309 1.1292545795 2.4964523585    1.063  1.669  3.6657  2.410    4  0.000  0.449     0.00     0.00     0.00     0.00     0.00 -1    -1e-30      0.00 6.785e-01 3.016e-01 2.929e-03 1.581e-03 8.704e-03 -1.000 1.985e-02 0.598 3.238 2.152 1.045 0.398 -0.111 -0.865 -1.459 -1.549
0.02 0.14251 9.90309 1.1293845177 2.4964729216    1.063  1.668  3.6659  2.412    4  0.000  0.449     0.00     0.00     0.00     0.00     0.00 -1    -1e-30      0.00 6.785e-01 3.016e-01 2.929e-03 1.581e-03 8.705e-03 -1.000 1.985e-02 0.600 3.234 2.152 1.046 0.399 -0.110 -0.863 -1.456 -1.546
0.02 0.14251 9.90309 1.1295129061 2.4964932341    1.063  1.668  3.6660  2.413    4  0.000  0.449     0.00     0.00     0.00     0.00     0.00 -1    -1e-30      0.00 6.785e-01 3.016e-01 2.929e-03 1.581e-03 8.705e-03 -1.000 1.985e-02 0.600 3.231 2.150 1.045 0.399 -0.109 -0.862 -1.454 -1.544
0.02 0.14251 9.90309 1.1296422482 2.4965136920    1.063  1.668  3.6661  2.413    4  0.000  0.449     0.00     0.00     0.00     0.00     0.00 -1    -1e-30      0.00 6.785e-01 3.016e-01 2.929e-03 1.581e-03 8.705e-03 -1.000 1.985e-02 0.600 3.228 2.149 1.044 0.399 -0.110 -0.862 -1.454 -1.544
0.02 0.14251 9.90309 1.1297644377 2.4965330137    1.064  1.669  3.6662  2.413    4  0.000  0.449     0.00     0.00     0.00     0.00     0.00 -1    -1e-30      0.00 6.785e-01 3.016e-01 2.928e-03 1.582e-03 8.705e-03 -1.000 1.985e-02 0.599 3.226 2.147 1.042 0.397 -0.111 -0.863 -1.455 -1.545
0.02 0.14251 9.90309 1.1298859119 2.4965522176    1.064  1.669  3.6662  2.412    4  0.000  0.449     0.00     0.00     0.00     0.00     0.00 -1    -1e-30      0.00 6.785e-01 3.016e-01 2.928e-03 1.582e-03 8.705e-03 -1.000 1.985e-02 0.596 3.223 2.144 1.040 0.395 -0.113 -0.865 -1.457 -1.547
0.02 0.14251 9.90309 1.1299214363 2.4965578327    1.064  1.670  3.6662  2.412    4  0.000  0.449     0.00     0.00     0.00     0.00     0.00 -1    -1e-30      0.00 6.785e-01 3.016e-01 2.928e-03 1.582e-03 8.705e-03 -1.000 1.986e-02 0.596 3.222 2.144 1.039 0.394 -0.114 -0.866 -1.458 -1.548
0.02 0.14251 9.90309 1.1300438643 2.4965771811    1.064  1.671  3.6661  2.410    4  0.000  0.448     0.00     0.00     0.00     0.00     0.00 -1    -1e-30      0.00 6.785e-01 3.016e-01 2.928e-03 1.582e-03 8.705e-03 -1.000 1.986e-02 0.592 3.220 2.141 1.036 0.390 -0.118 -0.871 -1.462 -1.552
0.02 0.14251 9.90309 1.1301597357 2.4965954889    1.064  1.673  3.6660  2.408    4  0.000  0.448     0.00     0.00     0.00     0.00     0.00 -1    -1e-30      0.00 6.785e-01 3.016e-01 2.928e-03 1.583e-03 8.705e-03 -1.000 1.986e-02 0.587 3.219 2.137 1.031 0.386 -0.123 -0.876 -1.468 -1.558
0.02 0.14251 9.90309 1.1302785873 2.4966142631    1.064  1.676  3.6658  2.404    4  0.000  0.448     0.00     0.00     0.00     0.00     0.00 -1    -1e-30      0.00 6.785e-01 3.016e-01 2.928e-03 1.583e-03 8.705e-03 -1.000 1.986e-02 0.580 3.217 2.133 1.026 0.380 -0.129 -0.883 -1.475 -1.565
0.02 0.14251 9.90309 1.1303930283 2.4966323362    1.064  1.679  3.6656  2.400    4  0.000  0.448     0.00     0.00     0.00     0.00     0.00 -1    -1e-30      0.00 6.785e-01 3.016e-01 2.927e-03 1.583e-03 8.705e-03 -1.000 1.986e-02 0.572 3.216 2.128 1.020 0.373 -0.137 -0.891 -1.485 -1.575
0.02 0.14251 9.90309 1.1305080652 2.4966504993    1.064  1.683  3.6653  2.395    4  0.000  0.448     0.00     0.00     0.00     0.00     0.00 -1    -1e-30      0.00 6.785e-01 3.016e-01 2.927e-03 1.583e-03 8.705e-03 -1.000 1.986e-02 0.562 3.215 2.122 1.012 0.364 -0.147 -0.902 -1.496 -1.587
0.02 0.14251 9.90309 1.1306227446 2.4966686016    1.065  1.688  3.6649  2.389    4  0.000  0.448     0.00     0.00     0.00     0.00     0.00 -1    -1e-30      0.00 6.785e-01 3.016e-01 2.927e-03 1.584e-03 8.705e-03 -1.000 1.986e-02 0.550 3.214 2.116 1.003 0.353 -0.158 -0.916 -1.511 -1.602
0.02 0.14251 9.90309 1.1307375431 2.4966867185    1.065  1.694  3.6644  2.381    4  0.000  0.448     0.00     0.00     0.00     0.00     0.00 -1    -1e-30      0.00 6.785e-01 3.016e-01 2.927e-03 1.584e-03 8.705e-03 -1.000 1.986e-02 0.536 3.212 2.108 0.992 0.340 -0.172 -0.931 -1.528 -1.619
0.02 0.14251 9.90309 1.1308542490 2.4967051322    1.065  1.700  3.6638  2.372    4  0.000  0.448     0.00     0.00     0.00     0.00     0.00 -1    -1e-30      0.00 6.785e-01 3.016e-01 2.927e-03 1.584e-03 8.705e-03 -1.000 1.986e-02 0.519 3.211 2.098 0.979 0.325 -0.189 -0.950 -1.549 -1.640
0.02 0.14251 9.90309 1.1309700012 2.4967233910    1.065  1.709  3.6631  2.361    4  0.000  0.448     0.00     0.00     0.00     0.00     0.00 -1    -1e-30      0.00 6.785e-01 3.016e-01 2.926e-03 1.584e-03 8.705e-03 -1.000 1.986e-02 0.498 3.210 2.087 0.963 0.306 -0.209 -0.973 -1.574 -1.666
0.02 0.14251 9.90309 1.1310833693 2.4967412695    1.065  1.720  3.6621  2.346    4  0.000  0.448     0.00     0.00     0.00     0.00     0.00 -1    -1e-30      0.00 6.785e-01 3.016e-01 2.926e-03 1.585e-03 8.705e-03 -1.000 1.986e-02 0.470 3.209 2.072 0.942 0.282 -0.236 -1.004 -1.607 -1.700
0.02 0.14251 9.90309 1.1311718225 2.4967552161    1.065  1.707  3.6634  2.364    4  0.000  0.448     0.00     0.00     0.00     0.00     0.00 -1    -1e-30      0.00 6.785e-01 3.016e-01 2.926e-03 1.585e-03 8.705e-03 -1.000 1.986e-02 0.502 3.206 2.087 0.965 0.309 -0.205 -0.968 -1.568 -1.660
0.02 0.14251 9.90309 1.1312818527 2.4967725612    1.065  1.727  3.6615  2.337    4  0.000  0.448     0.00     0.00     0.00     0.00     0.00 -1    -1e-30      0.00 6.785e-01 3.017e-01 2.926e-03 1.585e-03 8.705e-03 -1.000 1.986e-02 0.453 3.206 2.061 0.928 0.266 -0.253 -1.023 -1.628 -1.721
0.02 0.14251 9.90309 1.1313976049 2.4967908042    1.066  1.760  3.6585  2.291    4  0.000  0.448     0.00     0.00     0.00     0.00     0.00 -1    -1e-30      0.00 6.785e-01 3.017e-01 2.926e-03 1.585e-03 8.706e-03 -1.000 1.986e-02 0.369 3.206 2.017 0.865 0.192 -0.334 -1.116 -1.729 -1.825
0.02 0.14251 9.90309 1.1314620972 2.4968009665    1.066  1.794  3.6555  2.246    4  0.000  0.448     0.00     0.00     0.00     0.00     0.00 -1    -1e-30      0.00 6.785e-01 3.017e-01 2.926e-03 1.585e-03 8.706e-03 -1.000 1.986e-02 0.285 3.208 1.975 0.804 0.120 -0.414 -1.208 -1.831 -1.928
0.02 0.14251 9.90309 1.1314986944 2.4968067327    1.066  1.828  3.6524  2.199    4  0.000  0.448     0.00     0.00     0.00     0.00     0.00 -1    -1e-30      0.00 6.785e-01 3.017e-01 2.926e-03 1.586e-03 8.706e-03 -1.000 1.986e-02 0.199 3.210 1.931 0.741 0.045 -0.497 -1.303 -1.935 -2.034
0.02 0.14251 9.90309 1.1315199137 2.4968100758    1.066  1.864  3.6493  2.151    4  0.000  0.448     0.00     0.00     0.00     0.00     0.00 -1    -1e-30      0.00 6.785e-01 3.017e-01 2.926e-03 1.586e-03 8.706e-03 -1.000 1.986e-02 0.110 3.212 1.886 0.675 -0.032 -0.583 -1.401 -2.042 -2.144
0.02 0.14251 9.90309 1.1315327883 2.4968121041    1.066  1.902  3.6459  2.099    4  0.000  0.448     0.00     0.00     0.00     0.00     0.00 -1    -1e-30      0.00 6.785e-01 3.017e-01 2.926e-03 1.586e-03 8.706e-03 -1.000 1.986e-02 0.014 3.217 1.839 0.607 -0.114 -0.674 -1.506 -2.157 -2.262
0.02 0.14251 9.90309 1.1315400600 2.4968132497    1.066  1.940  3.6427  2.049    4  0.000  0.448     0.00     0.00     0.00     0.00     0.00 -1    -1e-30      0.00 6.785e-01 3.017e-01 2.926e-03 1.586e-03 8.706e-03 -1.000 1.986e-02 -0.079 3.221 1.793 0.540 -0.194 -0.763 -1.608 -2.268 -2.375
0.02 0.14251 9.90309 1.1315445900 2.4968139633    1.066  1.976  3.6395  2.000    4  0.000  0.448     0.00     0.00     0.00     0.00     0.00 -1    -1e-30      0.00 6.785e-01 3.017e-01 2.926e-03 1.586e-03 8.706e-03 -1.000 1.986e-02 -0.170 3.225 1.749 0.475 -0.271 -0.850 -1.707 -2.377 -2.487
0.02 0.14251 9.90309 1.1315475702 2.4968144328    1.066  2.013  3.6364  1.950    4  0.000  0.448     0.00     0.00     0.00     0.00     0.00 -1    -1e-30      0.00 6.785e-01 3.017e-01 2.926e-03 1.586e-03 8.706e-03 -1.000 1.986e-02 -0.262 3.209 1.706 0.409 -0.347 -0.935 -1.805 -2.480 -2.595
0.02 0.14251 9.90309 1.1315495968 2.4968147521    1.066  2.045  3.6336  1.907    4  0.000  0.448     0.00     0.00     0.00     0.00     0.00 -1    -1e-30      0.00 6.785e-01 3.017e-01 2.926e-03 1.586e-03 8.706e-03 -1.000 1.986e-02 -0.343 3.191 1.667 0.350 -0.413 -1.009 -1.892 -2.570 -2.689
0.02 0.14251 9.90309 1.1315500736 2.4968148272    1.066  2.055  3.6328  1.893    4  0.000  0.448     0.00     0.00     0.00     0.00     0.00 -1    -1e-30      0.00 6.785e-01 3.017e-01 2.926e-03 1.586e-03 8.706e-03 -1.000 1.986e-02 -0.368 3.185 1.654 0.331 -0.434 -1.033 -1.919 -2.599 -2.719
0.02 0.14251 9.90309 1.1315501928 2.4968148460    1.066  2.056  3.6327  1.893    7  0.000  0.448     0.00     0.00     0.00     0.00     0.00 -1    -1e-30      0.00 6.785e-01 3.017e-01 2.926e-03 1.586e-03 8.706e-03 -1.000 1.986e-02 -0.370 3.185 1.653 0.330 -0.436 -1.034 -1.921 -2.600 -2.721
0.02 0.14251 9.90309 1.1315504313 2.4968148835    1.066  2.063  3.6322  1.884    7  0.000  0.448     0.00     0.00     0.00     0.00     0.00 -1    -1e-30      0.00 6.785e-01 3.017e-01 2.926e-03 1.586e-03 8.706e-03 -1.000 1.986e-02 -0.387 3.181 1.645 0.317 -0.450 -1.050 -1.939 -2.619 -2.741
0.02 0.14251 9.90309 1.1315522194 2.4968151652    1.066  2.099  3.6291  1.835    7  0.000  0.448     0.00     0.00     0.00     0.00     0.00 -1    -1e-30      0.00 6.785e-01 3.017e-01 2.926e-03 1.586e-03 8.706e-03 -1.000 1.986e-02 -0.478 3.157 1.599 0.250 -0.524 -1.134 -2.036 -2.721 -2.848
0.02 0.14251 9.90309 1.1315542459 2.4968154845    1.066  2.136  3.6260  1.785    7  0.000  0.448     0.00     0.00     0.00     0.00     0.00 -1    -1e-30      0.00 6.785e-01 3.017e-01 2.926e-03 1.586e-03 8.706e-03 -1.000 1.986e-02 -0.571 3.129 1.553 0.184 -0.598 -1.219 -2.135 -2.825 -2.957
0.02 0.14251 9.90309 1.1315591335 2.4968162545    1.066  2.152  3.6247  1.764    7  0.000  0.448     0.00     0.00     0.00     0.00     0.00 -1    -1e-30      0.00 6.785e-01 3.017e-01 2.926e-03 1.586e-03 8.706e-03 -1.000 1.986e-02 -0.611 3.115 1.532 0.155 -0.630 -1.255 -2.177 -2.868 -3.004
0.02 0.14251 9.90309 1.1315687895 2.4968177756    1.066  2.113  3.6281  1.817    7  0.000  0.448     0.00     0.00     0.00     0.00     0.00 -1    -1e-30      0.00 6.785e-01 3.017e-01 2.926e-03 1.586e-03 8.706e-03 -1.000 1.986e-02 -0.511 3.145 1.581 0.226 -0.551 -1.165 -2.072 -2.758 -2.887
0.02 0.14251 9.90309 1.1316041946 2.4968233528    1.066  2.099  3.6292  1.835    7  0.000  0.448     0.00     0.00     0.00     0.00     0.00 -1    -1e-30      0.00 6.785e-01 3.017e-01 2.925e-03 1.586e-03 8.706e-03 -1.000 1.986e-02 -0.478 3.154 1.598 0.249 -0.525 -1.134 -2.036 -2.721 -2.848
0.02 0.14251 9.90309 1.1316995621 2.4968383735    1.066  2.127  3.6268  1.798    7  0.000  0.448     0.00     0.00     0.00     0.00     0.00 -1    -1e-30      0.00 6.785e-01 3.017e-01 2.925e-03 1.586e-03 8.706e-03 -1.000 1.986e-02 -0.547 3.136 1.565 0.201 -0.579 -1.197 -2.109 -2.798 -2.929
0.02 0.14251 9.90309 1.1317600012 2.4968478913    1.066  2.173  3.6229  1.736    7  0.000  0.448     0.00     0.00     0.00     0.00     0.00 -1    -1e-30      0.00 6.785e-01 3.017e-01 2.925e-03 1.586e-03 8.706e-03 -1.000 1.986e-02 -0.662 3.101 1.507 0.119 -0.670 -1.302 -2.232 -2.926 -3.065
0.02 0.14251 9.90309 1.1318056583 2.4968550806    1.066  2.217  3.6191  1.677    7  0.000  0.448     0.00     0.00     0.00     0.00     0.00 -1    -1e-30      0.00 6.785e-01 3.017e-01 2.925e-03 1.586e-03 8.706e-03 -1.000 1.986e-02 -0.772 3.064 1.452 0.042 -0.756 -1.401 -2.349 -3.049 -3.195
0.02 0.14251 9.90309 1.1318434477 2.4968610304    1.066  2.260  3.6153  1.619    7  0.000  0.448     0.00     0.00     0.00     0.00     0.00 -1    -1e-30      0.00 6.785e-01 3.017e-01 2.925e-03 1.586e-03 8.706e-03 -1.000 1.986e-02 -0.881 3.024 1.397 -0.032 -0.838 -1.499 -2.464 -3.170 -3.323
0.02 0.14251 9.90309 1.1318752766 2.4968660415    1.066  2.303  3.6117  1.562    7  0.000  0.448     0.00     0.00     0.00     0.00     0.00 -1    -1e-30      0.00 6.785e-01 3.017e-01 2.925e-03 1.586e-03 8.706e-03 -1.000 1.986e-02 -0.987 2.984 1.343 -0.104 -0.919 -1.593 -2.576 -3.288 -3.450
0.02 0.14251 9.90309 1.1319023371 2.4968703016    1.066  2.344  3.6081  1.506    7  0.000  0.448     0.00     0.00     0.00     0.00     0.00 -1    -1e-30      0.00 6.785e-01 3.017e-01 2.925e-03 1.586e-03 8.706e-03 -1.000 1.986e-02 -1.090 2.941 1.292 -0.171 -0.996 -1.684 -2.686 -3.404 -3.573
0.02 0.14251 9.90309 1.1319259405 2.4968740172    1.066  2.385  3.6045  1.451    7  0.000  0.448     0.00     0.00     0.00     0.00     0.00 -1    -1e-30      0.00 6.785e-01 3.017e-01 2.925e-03 1.587e-03 8.706e-03 -1.000 1.986e-02 -1.192 2.940 1.250 -0.230 -1.069 -1.777 -2.796 -3.523 -3.698
0.02 0.14251 9.90309 1.1319466829 2.4968772823    1.066  2.426  3.6009  1.396    7  0.000  0.448     0.00     0.00     0.00     0.00     0.00 -1    -1e-30      0.00 6.785e-01 3.017e-01 2.925e-03 1.587e-03 8.706e-03 -1.000 1.986e-02 -1.294 2.948 1.212 -0.287 -1.141 -1.869 -2.906 -3.643 -3.823
0.02 0.14251 9.90309 1.1319652796 2.4968802095    1.066  2.466  3.5973  1.342    7  0.000  0.448     0.00     0.00     0.00     0.00     0.00 -1    -1e-30      0.00 6.785e-01 3.017e-01 2.925e-03 1.587e-03 8.706e-03 -1.000 1.986e-02 -1.394 2.950 1.177 -0.336 -1.206 -1.959 -3.015 -3.761 -3.947
0.02 0.14251 9.90309 1.1319822073 2.4968828740    1.066  2.505  3.5937  1.288    7  0.000  0.448    11.56     8.44     5.92     4.55     3.70  4    -1e-30      0.00 6.785e-01 3.017e-01 2.925e-03 1.587e-03 8.706e-03 -1.000 1.986e-02 -1.493 2.952 1.144 -0.382 -1.268 -2.048 -3.123 -3.879 -4.069
0.02 0.14251 9.90309 1.1319979429 2.4968853507    1.066  2.545  3.5901  1.234    7  0.000  0.448    12.92     9.30     6.49     5.00     4.06  4    -1e-30      0.00 6.785e-01 3.017e-01 2.924e-03 1.587e-03 8.706e-03 -1.000 1.986e-02 -1.591 2.956 1.114 -0.428 -1.330 -2.136 -3.231 -3.996 -4.192
0.02 0.14251 9.90309 1.1320127249 2.4968876772    1.066  2.583  3.5864  1.180    7  0.000  0.448    14.44    10.24     7.12     5.49     4.46  3    -1e-30      0.00 6.785e-01 3.017e-01 2.923e-03 1.587e-03 8.706e-03 -1.000 1.986e-02 -1.688 2.957 1.091 -0.459 -1.380 -2.220 -3.336 -4.111 -4.312
0.02 0.14251 9.90309 1.1320267916 2.4968898911    1.066  2.622  3.5827  1.127    7  0.000  0.447    16.13    11.28     7.81     6.03     4.90  3    -1e-30      0.00 6.785e-01 3.017e-01 2.920e-03 1.589e-03 8.706e-03 -1.000 1.986e-02 -1.784 2.958 1.069 -0.492 -1.430 -2.305 -3.443 -4.226 -4.433
0.02 0.14251 9.90309 1.1320400238 2.4968919736    1.066  2.661  3.5789  1.073    7  0.000  0.447    18.06    12.45     8.57     6.64     5.39  3    -1e-30      0.00 6.785e-01 3.017e-01 2.916e-03 1.593e-03 8.706e-03 -1.000 1.986e-02 -1.882 2.959 1.052 -0.517 -1.475 -2.389 -3.550 -4.343 -4.556
0.02 0.14251 9.90309 1.1320521832 2.4968938872    1.066  2.698  3.5752  1.020    7  0.000  0.446    20.13    13.68     9.39     7.27     5.91  3    -1e-30      0.00 6.785e-01 3.017e-01 2.909e-03 1.600e-03 8.706e-03 -1.000 1.986e-02 -1.976 2.956 1.043 -0.528 -1.509 -2.467 -3.654 -4.455 -4.674
0.02 0.14251 9.90309 1.1320641041 2.4968957633    1.066  2.737  3.5713  0.966    7  0.000  0.445    22.53    15.09    10.31     8.00     6.50  3    -1e-30      0.00 6.785e-01 3.017e-01 2.903e-03 1.607e-03 8.706e-03 -1.000 1.986e-02 -2.072 2.958 1.039 -0.537 -1.541 -2.547 -3.762 -4.572 -4.796
0.02 0.14251 9.90309 1.1320754290 2.4968975455    1.066  2.781  3.5667  0.904    7  0.000  0.444    25.64    16.88    11.47     8.92     7.25  3    -1e-30      0.00 6.785e-01 3.017e-01 2.896e-03 1.615e-03 8.706e-03 -1.000 1.986e-02 -2.181 2.959 1.050 -0.523 -1.561 -2.633 -3.885 -4.704 -4.936
0.02 0.14251 9.90309 1.1320842505 2.4968989337    1.066  2.831  3.5613  0.832    7  0.000  0.442    29.75    19.22    12.99    10.11     8.23  3    -1e-30      0.00 6.785e-01 3.017e-01 2.889e-03 1.625e-03 8.706e-03 -1.000 1.986e-02 -2.307 2.961 1.070 -0.496 -1.575 -2.729 -4.028 -4.857 -5.098
0.02 0.14251 9.90309 1.1320898533 2.4968998154    1.066  2.876  3.5563  0.767    7  0.000  0.442    34.10    21.64    14.54    11.35     9.23  2    -1e-30      0.00 6.785e-01 3.017e-01 2.883e-03 1.632e-03 8.706e-03 -1.000 1.986e-02 -2.421 2.962 1.110 -0.443 -1.570 -2.807 -4.157 -4.996 -5.245
0.02 0.14251 9.90309 1.1320941448 2.4969004907    1.066  2.917  3.5517  0.708    7  0.000  0.441    38.53    24.07    16.10    12.58    10.23  2    -1e-30      0.00 6.785e-01 3.017e-01 2.879e-03 1.637e-03 8.706e-03 -1.000 1.986e-02 -2.522 2.963 1.155 -0.385 -1.558 -2.873 -4.272 -5.120 -5.376
0.02 0.14251 9.90309 1.1320979595 2.4969010910    1.066  2.956  3.5472  0.651    7  0.000  0.440    43.36    26.68    17.76    13.90    11.31  2    -1e-30      0.00 6.785e-01 3.017e-01 2.876e-03 1.641e-03 8.706e-03 -1.000 1.983e-02 -2.619 2.964 1.213 -0.308 -1.534 -2.927 -4.384 -5.240 -5.504
0.02 0.14251 9.90309 1.1321014166 2.4969016350    1.066  2.994  3.5427  0.594    7  0.000  0.440    48.78    29.55    19.58    15.35    12.50  2    -1e-30      0.00 6.785e-01 3.017e-01 2.873e-03 1.644e-03 8.706e-03 -1.000 1.983e-02 -2.716 2.967 1.286 -0.214 -1.498 -2.973 -4.496 -5.358 -5.630
0.02 0.14251 9.90309 1.1321047544 2.4969021602    1.066  3.031  3.5382  0.540    7  0.000  0.440    54.63    32.61    21.52    16.89    13.75  2    -1e-30      0.00 6.785e-01 3.017e-01 2.872e-03 1.646e-03 8.706e-03 -1.000 1.983e-02 -2.807 2.969 1.366 -0.110 -1.456 -3.008 -4.602 -5.472 -5.751
0.02 0.14251 9.90309 1.1321079731 2.4969026667    1.066  3.067  3.5338  0.486    7  0.000  0.440    61.11    35.96    23.62    18.57    15.12  2    -1e-30      0.00 6.785e-01 3.017e-01 2.871e-03 1.647e-03 8.706e-03 -1.000 1.983e-02 -2.898 2.973 1.466 0.016 -1.401 -3.029 -4.707 -5.583 -5.871
0.02 0.14251 9.90309 1.1321109533 2.4969031357    1.066  3.099  3.5297  0.438    7  0.000  0.440    67.55    39.23    25.67    20.20    16.46  2    -1e-30      0.00 6.785e-01 3.017e-01 2.871e-03 1.647e-03 8.706e-03 -1.000 1.983e-02 -2.978 2.979 1.563 0.138 -1.346 -3.045 -4.802 -5.682 -5.978
0.02 0.14251 9.90309 1.1321145296 2.4969036984    1.066  3.134  3.5253  0.386    7  0.000  0.440    75.25    43.09    28.08    22.13    18.03  2    -1e-30      0.00 6.785e-01 3.017e-01 2.871e-03 1.647e-03 8.706e-03 -1.000 1.983e-02 -3.064 2.984 1.695 0.303 -1.268 -3.032 -4.903 -5.788 -6.093
0.02 0.14251 9.90309 1.1321183443 2.4969042987    1.066  3.167  3.5209  0.334    7  0.000  0.440    83.75    47.30    30.69    24.22    19.74  2    -1e-30      0.00 6.785e-01 3.017e-01 2.871e-03 1.647e-03 8.706e-03 -1.000 1.983e-02 -3.148 2.991 1.833 0.474 -1.186 -3.017 -5.002 -5.892 -6.206
0.02 0.14251 9.90309 1.1321222782 2.4969049177    1.066  3.199  3.5168  0.286    7  0.000  0.440    92.65    51.65    33.38    26.38    21.50  2    -1e-30      0.00 6.785e-01 3.017e-01 2.871e-03 1.647e-03 8.706e-03 -1.000 1.983e-02 -3.229 2.998 1.984 0.669 -1.086 -2.975 -5.095 -5.991 -6.313
0.02 0.14251 9.90309 1.1321257353 2.4969054617    1.066  3.230  3.5125  0.238    7  0.000  0.440   102.35    56.32    36.26    28.69    23.39  1    -1e-30      0.00 6.785e-01 3.017e-01 2.871e-03 1.647e-03 8.706e-03 -1.000 1.983e-02 -3.306 3.009 2.153 0.889 -0.969 -2.918 -5.186 -6.087 -6.418
0.02 0.14251 9.90309 1.1321266890 2.4969056117    1.066  3.196  3.5173  0.291    7  0.000  0.440    91.67    51.17    33.08    26.14    21.31  2    -1e-30      0.00 6.785e-01 3.017e-01 2.871e-03 1.647e-03 8.706e-03 -1.000 1.983e-02 -3.221 2.995 1.961 0.641 -1.102 -2.984 -5.086 -5.981 -6.302
0.02 0.14251 9.90309 1.1321268082 2.4969056305    1.066  3.183  3.5191  0.311    7  0.000  0.440    87.79    49.28    31.92    25.21    20.54  2    -1e-30      0.00 6.785e-01 3.017e-01 2.871e-03 1.647e-03 8.706e-03 -1.000 1.983e-02 -3.187 2.992 1.891 0.549 -1.150 -3.008 -5.047 -5.939 -6.257
0.02 0.14251 9.90309 1.1321269274 2.4969056492    1.066  3.175  3.5202  0.324    7  0.000  0.440    85.58    48.20    31.24    24.67    20.10  2    -1e-30      0.00 6.785e-01 3.017e-01 2.871e-03 1.647e-03 8.706e-03 -1.000 1.983e-02 -3.167 2.990 1.852 0.498 -1.177 -3.019 -5.023 -5.914 -6.230
0.02 0.14251 9.90309 1.1321271658 2.4969056868    1.066  3.184  3.5190  0.310    7  0.000  0.440    88.10    49.44    32.01    25.28    20.61  2    -1e-30      0.00 6.785e-01 3.017e-01 2.871e-03 1.647e-03 8.706e-03 -1.000 1.983e-02 -3.190 2.992 1.897 0.556 -1.147 -3.006 -5.050 -5.943 -6.261
0.02 0.14251 9.90309 1.1321272850 2.4969057055    1.066  3.210  3.5154  0.269    7  0.000  0.440    95.85    53.20    34.33    27.14    22.13  2    -1e-30      0.00 6.785e-01 3.017e-01 2.871e-03 1.647e-03 8.706e-03 -1.000 1.983e-02 -3.256 3.000 2.037 0.738 -1.050 -2.959 -5.127 -6.024 -6.349
0.02 0.14251 9.90309 1.1321275234 2.4969057430    1.066  3.242  3.5109  0.219    7  0.000  0.440   106.35    58.23    37.43    29.63    24.16  1    -1e-30      0.00 6.785e-01 3.017e-01 2.871e-03 1.647e-03 8.706e-03 -1.000 1.983e-02 -3.336 3.014 2.221 0.977 -0.922 -2.894 -5.221 -6.124 -6.459
0.02 0.14251 9.90309 1.1321276426 2.4969057618    1.066  3.276  3.5061  0.167    7  0.000  0.440   118.57    64.02    40.97    32.48    26.49  1    -1e-30      0.00 6.785e-01 3.017e-01 2.871e-03 1.647e-03 8.706e-03 -1.000 1.983e-02 -3.419 3.019 2.376 1.175 -0.816 -2.838 -5.319 -6.227 -6.571
0.02 0.14251 9.90309 1.1321280003 2.4969058181    1.066  3.310  3.5012  0.113    7  0.000  0.440   132.62    70.57    44.97    35.70    29.12  1    -1e-30      0.00 6.785e-01 3.017e-01 2.871e-03 1.647e-03 8.706e-03 -1.000 1.983e-02 -3.504 3.025 2.539 1.382 -0.703 -2.772 -5.418 -6.333 -6.686
0.02 0.14251 9.90309 1.1321283579 2.4969058743    1.066  3.343  3.4962  0.060    7  0.000  0.440   148.01    77.64    49.26    39.17    31.96  1    -1e-30      0.00 6.785e-01 3.017e-01 2.871e-03 1.647e-03 8.706e-03 -1.000 1.983e-02 -3.587 3.036 2.701 1.572 -0.591 -2.695 -5.514 -6.436 -6.798
0.02 0.14251 9.90309 1.1321288347 2.4969059494    1.066  3.374  3.4913  0.009    7  0.523  0.440   164.64    85.18    53.82    42.85    34.97  1    -1e-30      0.00 6.785e-01 3.017e-01 2.871e-03 1.647e-03 8.706e-03 -1.000 1.983e-02 -3.666 3.047 2.857 1.750 -0.484 -2.617 -5.606 -6.536 -6.908
0.02 0.14251 9.90309 1.1321295500 2.4969060619    0.971  3.400  3.4757 -0.119    8  0.521  0.461   199.30   104.85    65.50    52.49    42.83  1 -2.11e-07      0.00 6.785e-01 3.017e-01 3.016e-03 1.649e-03 8.726e-03 -1.000 1.982e-02 -3.729 3.216 3.290 2.100 -0.200 -2.364 -5.707 -6.657 -7.052
0.02 0.14251 9.90309 1.1321295500 2.4969060619    0.971  3.121  3.5162  0.321    8  0.521  0.461    84.49    47.32    30.64    24.27    19.76  1 -6.96e-08      0.00 6.785e-01 3.017e-01 3.016e-03 1.649e-03 8.726e-03 -1.000 1.982e-02 -3.033 3.171 2.194 0.897 -0.866 -2.761 -4.901 -5.799 -6.121
0.02 0.14251 9.90309 1.1321296692 2.4969060807    0.970  3.000  3.5335  0.511    8  0.521  0.461    56.77    33.55    22.06    17.38    14.15  2 -4.22e-08      0.00 6.785e-01 3.017e-01 3.016e-03 1.649e-03 8.726e-03 -1.000 1.982e-02 -2.730 3.124 1.637 0.197 -1.223 -2.856 -4.540 -5.418 -5.705
0.02 0.14251 9.90309 1.1321297884 2.4969060994    0.970  2.836  3.5569  0.769    8  0.522  0.461    33.11    21.05    14.13    11.06     8.99  2  -2.1e-08      0.00 6.785e-01 3.017e-01 3.016e-03 1.649e-03 8.726e-03 -1.000 1.982e-02 -2.319 3.053 1.192 -0.365 -1.485 -2.711 -4.054 -4.892 -5.139
0.02 0.14251 9.90309 1.1321299076 2.4969061182    0.969  2.863  3.5527  0.724    8  0.522  0.461    36.36    22.82    15.27    11.96     9.73  2 -2.37e-08      0.00 6.785e-01 3.017e-01 3.016e-03 1.649e-03 8.726e-03 -1.000 1.982e-02 -2.388 3.072 1.255 -0.288 -1.450 -2.748 -4.136 -4.982 -5.236
0.02 0.14251 9.90309 1.1321301460 2.4969061557    0.968  2.992  3.5339  0.520    8  0.522  0.461    55.70    33.00    21.71    17.11    13.92  2 -4.11e-08      0.00 6.785e-01 3.017e-01 3.016e-03 1.649e-03 8.726e-03 -1.000 1.982e-02 -2.710 3.133 1.637 0.195 -1.218 -2.842 -4.518 -5.395 -5.682
0.02 0.14251 9.90309 1.1321305037 2.4969062120    0.966  3.152  3.5105  0.265    8  0.522  0.461    94.77    52.24    33.67    26.71    21.76  1 -7.98e-08      0.00 6.785e-01 3.017e-01 3.016e-03 1.649e-03 8.726e-03 -1.000 1.982e-02 -3.110 3.204 2.439 1.212 -0.686 -2.659 -4.995 -5.900 -6.234
0.02 0.14251 9.90309 1.1321307421 2.4969062495    0.964  3.283  3.4912  0.056    8  0.522  0.461   146.78    76.24    48.30    38.54    31.42  1 -1.36e-07      0.00 6.785e-01 3.017e-01 3.016e-03 1.649e-03 8.726e-03 -1.000 1.982e-02 -3.438 3.235 3.050 1.954 -0.270 -2.400 -5.377 -6.309 -6.678
0.02 0.14251 9.90309 1.1321312189 2.4969063245    0.962  3.367  3.4787 -0.079    8  0.522  0.461   186.63    97.19    60.91    48.77    39.78  1  -1.9e-07      0.00 6.785e-01 3.017e-01 3.016e-03 1.649e-03 8.726e-03 -1.000 1.982e-02 -3.647 3.241 3.278 2.111 -0.177 -2.333 -5.618 -6.565 -6.955
0.02 0.14251 9.90309 1.1321315765 2.4969063808    0.960  3.409  3.4720 -0.149    8  0.523  0.461   207.73   110.34    68.75    55.15    45.01  1 -2.25e-07      0.00 6.785e-01 3.017e-01 3.016e-03 1.649e-03 8.726e-03 -1.000 1.982e-02 -3.753 3.243 3.367 2.152 -0.157 -2.328 -5.740 -6.694 -7.094
0.02 0.14251 9.90309 1.1321320534 2.4969064558    0.958  3.428  3.4686 -0.182    8  0.523  0.461   218.31   117.05    72.73    58.41    47.67  1 -2.44e-07      0.00 6.785e-01 3.017e-01 3.016e-03 1.649e-03 8.726e-03 -1.000 1.982e-02 -3.800 3.250 3.412 2.174 -0.145 -2.323 -5.794 -6.752 -7.156
0.02 0.14251 9.90309 1.1321326494 2.4969065496    0.955  3.437  3.4665 -0.201    8  0.523  0.461   224.56   121.08    75.11    60.36    49.26  1 -2.54e-07      0.00 6.785e-01 3.017e-01 3.016e-03 1.649e-03 8.726e-03 -1.000 1.982e-02 -3.823 3.256 3.440 2.189 -0.135 -2.318 -5.822 -6.782 -7.189
0.02 0.14251 9.90309 1.1321326494 2.4969065496    0.954  3.219  3.4978  0.142    8  0.523  0.461   122.49    65.13    41.55    33.08    26.96  1 -1.08e-07      0.00 6.785e-01 3.017e-01 3.016e-03 1.649e-03 8.726e-03 -1.000 1.982e-02 -3.278 3.256 2.881 1.759 -0.365 -2.453 -5.201 -6.122 -6.478
0.02 0.14251 9.90309 1.1321327686 2.4969065684    0.954  3.044  3.5230  0.418    8  0.523  0.461    68.66    39.50    25.77    20.37    16.58  2 -5.27e-08      0.00 6.785e-01 3.017e-01 3.016e-03 1.649e-03 8.726e-03 -1.000 1.982e-02 -2.839 3.208 2.013 0.654 -0.957 -2.753 -4.684 -5.575 -5.882
0.02 0.14251 9.90309 1.1321328878 2.4969065871    0.953  2.879  3.5466  0.677    8  0.523  0.461    39.96    24.75    16.49    12.95    10.52  2 -2.65e-08      0.00 6.785e-01 3.017e-01 3.016e-03 1.649e-03 8.726e-03 -1.000 1.982e-02 -2.427 3.144 1.421 -0.090 -1.322 -2.727 -4.194 -5.052 -5.316
0.02 0.14251 9.90309 1.1321331263 2.4969066246    0.952  2.906  3.5426  0.633    8  0.523  0.461    43.77    26.77    17.77    13.97    11.36  2 -2.98e-08      0.00 6.785e-01 3.017e-01 3.016e-03 1.649e-03 8.726e-03 -1.000 1.982e-02 -2.495 3.158 1.500 0.010 -1.274 -2.750 -4.275 -5.139 -5.410
0.02 0.14251 9.90309 1.1321333647 2.4969066622    0.950  3.033  3.5241  0.432    8  0.523  0.461    66.65    38.49    25.14    19.87    16.17  2 -5.09e-08      0.00 6.785e-01 3.017e-01 3.016e-03 1.649e-03 8.726e-03 -1.000 1.982e-02 -2.812 3.211 1.984 0.617 -0.972 -2.751 -4.653 -5.542 -5.848
0.02 0.14251 9.90309 1.1321336031 2.4969066997    0.949  3.190  3.5012  0.181    8  0.524  0.461   112.54    60.50    38.72    30.80    25.10  1 -9.74e-08      0.00 6.785e-01 3.017e-01 3.016e-03 1.649e-03 8.726e-03 -1.000 1.982e-02 -3.206 3.263 2.788 1.646 -0.423 -2.486 -5.119 -6.036 -6.385
0.02 0.14251 9.90309 1.1321340799 2.4969067747    0.946  3.319  3.4822 -0.024    8  0.524  0.461   170.64    87.71    55.20    44.16    36.01  1 -1.64e-07      0.00 6.785e-01 3.017e-01 3.016e-03 1.649e-03 8.726e-03 -1.000 1.982e-02 -3.528 3.284 3.268 2.130 -0.140 -2.288 -5.490 -6.434 -6.817
0.02 0.14251 9.90309 1.1321344376 2.4969068310    0.944  3.401  3.4700 -0.156    8  0.524  0.461   208.55   111.19    69.23    55.58    45.35  1 -2.27e-07      0.00 6.785e-01 3.017e-01 3.016e-03 1.649e-03 8.726e-03 -1.000 1.982e-02 -3.732 3.282 3.432 2.207 -0.105 -2.278 -5.723 -6.679 -7.081
0.02 0.14251 9.90309 1.1321349144 2.4969069060    0.941  3.442  3.4636 -0.224    8  0.524  0.461   231.13   125.59    77.76    62.55    51.05  1 -2.68e-07      0.00 6.785e-01 3.017e-01 3.016e-03 1.649e-03 8.726e-03 -1.000 1.982e-02 -3.834 3.281 3.495 2.230 -0.102 -2.292 -5.839 -6.802 -7.213
0.02 0.14251 9.90309 1.1321355104 2.4969069998    0.938  3.459  3.4606 -0.254    8  0.525  0.461   241.88   132.59    81.89    65.93    53.82  1 -2.89e-07      0.00 6.785e-01 3.017e-01 3.016e-03 1.649e-03 8.726e-03 -1.000 1.982e-02 -3.877 3.280 3.525 2.243 -0.097 -2.295 -5.889 -6.854 -7.268
0.02 0.14251 9.90309 1.1321361065 2.4969070936    0.934  3.467  3.4589 -0.271    8  0.525  0.461   247.69   136.44    84.15    67.79    55.34  1 -3.01e-07      0.00 6.785e-01 3.017e-01 3.016e-03 1.649e-03 8.726e-03 -1.000 1.982e-02 -3.897 3.277 3.539 2.252 -0.093 -2.297 -5.912 -6.878 -7.294
0.02 0.14251 9.90309 1.1321361065 2.4969070936    0.934  3.255  3.4897  0.064    8  0.525  0.461   143.68    74.56    47.25    37.73    30.75  1 -1.32e-07      0.00 6.785e-01 3.017e-01 3.016e-03 1.649e-03 8.726e-03 -1.000 1.982e-02 -3.368 3.309 3.168 2.081 -0.156 -2.291 -5.311 -6.246 -6.617
0.02 0.14251 9.90309 1.1321362257 2.4969071123    0.933  3.081  3.5152  0.340    8  0.525  0.461    80.50    45.24    29.32    23.24    18.92  1 -6.54e-08      0.00 6.785e-01 3.017e-01 3.016e-03 1.649e-03 8.726e-03 -1.000 1.982e-02 -2.932 3.266 2.335 1.059 -0.723 -2.629 -4.802 -5.703 -6.026
0.02 0.14251 9.90309 1.1321363449 2.4969071311    0.932  2.916  3.5391  0.600    8  0.525  0.461    46.71    28.28    18.72    14.74    11.99  2 -3.32e-08      0.00 6.785e-01 3.017e-01 3.016e-03 1.649e-03 8.726e-03 -1.000 1.982e-02 -2.521 3.199 1.603 0.134 -1.196 -2.733 -4.312 -5.182 -5.459
0.02 0.14251 9.90309 1.1321365833 2.4969071686    0.931  2.943  3.5351  0.556    8  0.525  0.461    51.20    30.61    20.19    15.91    12.94  2 -3.73e-08      0.00 6.785e-01 3.017e-01 3.016e-03 1.649e-03 8.726e-03 -1.000 1.982e-02 -2.589 3.212 1.705 0.261 -1.133 -2.738 -4.393 -5.269 -5.553
0.02 0.14251 9.90309 1.1321368217 2.4969072061    0.929  3.069  3.5166  0.355    8  0.526  0.461    77.86    43.94    28.51    22.59    18.39  2 -6.32e-08      0.00 6.785e-01 3.017e-01 3.016e-03 1.649e-03 8.726e-03 -1.000 1.982e-02 -2.902 3.267 2.286 0.992 -0.756 -2.643 -4.768 -5.667 -5.987
0.02 0.14251 9.90309 1.1321371794 2.4969072624    0.926  3.225  3.4935  0.106    8  0.526  0.461   131.22    68.89    43.81    34.95    28.48  1 -1.19e-07      0.00 6.785e-01 3.017e-01 3.016e-03 1.649e-03 8.726e-03 -1.000 1.982e-02 -3.291 3.313 3.064 1.964 -0.221 -2.334 -5.225 -6.153 -6.517
0.02 0.14251 9.90309 1.1321375370 2.4969073187    0.924  3.352  3.4744 -0.099    8  0.526  0.461   189.59    99.75    62.38    50.04    40.81  1 -1.99e-07      0.00 6.785e-01 3.017e-01 3.016e-03 1.649e-03 8.726e-03 -1.000 1.982e-02 -3.611 3.319 3.414 2.225 -0.071 -2.234 -5.592 -6.543 -6.937
0.02 0.14251 9.90309 1.1321380138 2.4969073937    0.921  3.433  3.4622 -0.231    8  0.527  0.461   231.69   126.43    78.22    62.98    51.39  1 -2.75e-07      0.00 6.785e-01 3.017e-01 3.016e-03 1.649e-03 8.726e-03 -1.000 1.982e-02 -3.813 3.315 3.545 2.274 -0.060 -2.254 -5.821 -6.785 -7.197
0.02 0.14251 9.90309 1.1321384907 2.4969074687    0.917  3.474  3.4557 -0.299    8  0.527  0.461   257.00   142.96    87.95    70.95    57.91  1 -3.25e-07      0.00 6.785e-01 3.017e-01 3.016e-03 1.649e-03 8.726e-03 -1.000 1.982e-02 -3.915 3.276 3.567 2.283 -0.074 -2.290 -5.937 -6.904 -7.322
0.02 0.14251 9.90309 1.1321390867 2.4969075625    0.913  3.492  3.4526 -0.331    8  0.527  0.461   269.36   151.21    92.78    74.92    61.16  1 -3.52e-07      0.01 6.785e-01 3.017e-01 3.016e-03 1.649e-03 8.726e-03 -1.000 1.982e-02 -3.959 3.275 3.593 2.302 -0.072 -2.301 -5.987 -6.956 -7.377
0.02 0.14251 9.90309 1.1321396828 2.4969076563    0.909  3.500  3.4508 -0.349    8  0.528  0.461   276.37   155.99    95.57    77.22    63.04  1 -3.68e-07      0.01 6.785e-01 3.017e-01 3.016e-03 1.649e-03 8.726e-03 -1.000 1.982e-02 -3.981 3.285 3.619 2.321 -0.063 -2.300 -6.011 -6.982 -7.406
0.02 0.14251 9.90309 1.1321396828 2.4969076563    0.908  3.297  3.4811 -0.025    8  0.528  0.461   168.09    86.83    54.62    43.75    35.67  1 -1.68e-07      0.00 6.785e-01 3.017e-01 3.016e-03 1.649e-03 8.726e-03 -1.000 1.982e-02 -3.473 3.347 3.352 2.209 -0.063 -2.212 -5.437 -6.383 -6.768
0.02 0.14251 9.90309 1.1321398020 2.4969076751    0.907  3.123  3.5069  0.252    8  0.528  0.461    96.27    52.64    33.87    26.93    21.93  1 -8.45e-08      0.00 6.785e-01 3.017e-01 3.016e-03 1.649e-03 8.726e-03 -1.000 1.982e-02 -3.038 3.319 2.672 1.484 -0.478 -2.485 -4.934 -5.845 -6.184
0.02 0.14251 9.90309 1.1321399212 2.4969076938    0.906  2.959  3.5314  0.514    8  0.528  0.461    55.56    32.79    21.55    17.02    13.84  2 -4.32e-08      0.00 6.785e-01 3.017e-01 3.016e-03 1.649e-03 8.726e-03 -1.000 1.982e-02 -2.628 3.249 1.820 0.400 -1.052 -2.720 -4.444 -5.325 -5.616
0.02 0.14251 9.90309 1.1321401596 2.4969077313    0.904  2.986  3.5273  0.470    8  0.528  0.461    60.91    35.48    23.24    18.37    14.94  2 -4.86e-08      0.00 6.785e-01 3.017e-01 3.016e-03 1.649e-03 8.726e-03 -1.000 1.982e-02 -2.694 3.264 1.946 0.555 -0.971 -2.704 -4.524 -5.411 -5.709
0.02 0.14251 9.90309 1.1321403980 2.4969077688    0.902  3.108  3.5087  0.271    8  0.528  0.461    92.38    50.78    32.71    26.01    21.17  1  -8.1e-08      0.00 6.785e-01 3.017e-01 3.016e-03 1.649e-03 8.726e-03 -1.000 1.982e-02 -3.001 3.325 2.627 1.424 -0.506 -2.496 -4.892 -5.800 -6.136
0.02 0.14251 9.90309 1.1321407557 2.4969078251    0.899  3.261  3.4854  0.024    8  0.529  0.461   155.15    79.30    50.07    40.07    32.66  1  -1.5e-07      0.00 6.785e-01 3.017e-01 3.016e-03 1.649e-03 8.726e-03 -1.000 1.982e-02 -3.383 3.361 3.292 2.179 -0.074 -2.216 -5.336 -6.276 -6.654
0.02 0.14251 9.90309 1.1321412325 2.4969079001    0.895  3.386  3.4662 -0.179    8  0.529  0.461   212.00   114.43    71.06    57.19    46.65  1 -2.47e-07      0.00 6.785e-01 3.017e-01 3.016e-03 1.649e-03 8.726e-03 -1.000 1.982e-02 -3.695 3.364 3.553 2.309 -0.011 -2.193 -5.694 -6.654 -7.060
0.02 0.14251 9.90309 1.1321417093 2.4969079752    0.891  3.465  3.4538 -0.310    8  0.529  0.461   258.55   144.68    88.90    71.81    58.60  1 -3.38e-07      0.01 6.785e-01 3.017e-01 3.016e-03 1.649e-03 8.726e-03 -1.000 1.982e-02 -3.892 3.311 3.620 2.336 -0.028 -2.251 -5.917 -6.885 -7.304
0.02 0.14251 9.90309 1.1321421862 2.4969080502    0.886  3.504  3.4473 -0.377    8  0.530  0.461   286.34   163.31    99.79    80.76    65.93  0 -3.99e-07      0.01 6.785e-01 3.017e-01 3.016e-03 1.649e-03 8.726e-03 -1.000 1.982e-02 -3.990 3.338 3.697 2.395 -0.015 -2.271 -6.027 -6.999 -7.428
0.02 0.14251 9.90309 1.1321427822 2.4969081440    0.881  3.520  3.4442 -0.409    8  0.530  0.461   299.72   172.50   105.13    85.17    69.53  0 -4.31e-07      0.01 6.785e-01 3.017e-01 3.016e-03 1.649e-03 8.726e-03 -1.000 1.982e-02 -4.031 3.359 3.739 2.433 -0.003 -2.276 -6.074 -7.047 -7.481
0.02 0.14251 9.90309 1.1321434975 2.4969082565    0.875  3.528  3.4425 -0.426    8  0.531  0.461   305.06    -1.00    -1.00    -1.00    -1.00  0 -4.51e-07      0.01 6.785e-01 3.017e-01 3.016e-03 1.649e-03 8.726e-03 -1.000 1.982e-02 -4.050 3.366 3.758 2.453 0.004 -2.278 -6.095 -7.070 -7.505
0.02 0.14251 9.90309 1.1321434975 2.4969082565    0.875  3.334  3.4723 -0.113    8  0.531  0.461   189.91   100.92    63.00    50.65    41.30  1 -2.15e-07      0.00 6.785e-01 3.017e-01 3.016e-03 1.649e-03 8.726e-03 -1.000 1.982e-02 -3.565 3.393 3.516 2.314 0.013 -2.155 -5.551 -6.504 -6.902
0.02 0.14251 9.90309 1.1321436167 2.4969082753    0.874  3.162  3.4987  0.164    8  0.531  0.461   115.01    61.10    39.01    31.13    25.35  1  -1.1e-07      0.00 6.785e-01 3.017e-01 3.016e-03 1.649e-03 8.726e-03 -1.000 1.982e-02 -3.134 3.372 2.972 1.849 -0.259 -2.340 -5.054 -5.975 -6.329
0.02 0.14251 9.90309 1.1321437359 2.4969082940    0.872  2.997  3.5239  0.428    8  0.531  0.461    65.92    37.88    24.71    19.58    15.93  2  -5.7e-08      0.00 6.785e-01 3.017e-01 3.016e-03 1.649e-03 8.726e-03 -1.000 1.982e-02 -2.723 3.305 2.085 0.720 -0.874 -2.657 -4.566 -5.456 -5.761
0.02 0.14251 9.90309 1.1321439743 2.4969083316    0.869  3.023  3.5197  0.384    8  0.531  0.461    72.34    41.01    26.66    21.15    17.21  1  -6.4e-08      0.00 6.785e-01 3.017e-01 3.016e-03 1.649e-03 8.726e-03 -1.000 1.982e-02 -2.789 3.324 2.231 0.900 -0.778 -2.624 -4.645 -5.540 -5.854
0.02 0.14251 9.90309 1.1321443319 2.4969083878    0.865  3.144  3.5007  0.186    8  0.532  0.461   109.63    58.57    37.46    29.89    24.33  1 -1.05e-07      0.00 6.785e-01 3.017e-01 3.016e-03 1.649e-03 8.726e-03 -1.000 1.982e-02 -3.089 3.379 2.918 1.782 -0.293 -2.358 -5.003 -5.921 -6.271
0.02 0.14251 9.90309 1.1321446896 2.4969084441    0.860  3.293  3.4772 -0.059    8  0.532  0.461   173.81    91.20    57.17    45.92    37.43  1 -1.92e-07      0.00 6.785e-01 3.017e-01 3.016e-03 1.649e-03 8.726e-03 -1.000 1.982e-02 -3.462 3.415 3.475 2.308 0.023 -2.133 -5.436 -6.385 -6.776
0.02 0.14251 9.90309 1.1321451664 2.4969085191    0.855  3.415  3.4577 -0.262    8  0.532  0.461   236.71   131.30    80.96    65.40    53.34  1 -3.13e-07      0.00 6.785e-01 3.017e-01 3.016e-03 1.649e-03 8.726e-03 -1.000 1.982e-02 -3.766 3.402 3.676 2.395 0.047 -2.161 -5.784 -6.750 -7.166
0.02 0.14251 9.90309 1.1321456432 2.4969085942    0.849  3.491  3.4451 -0.392    8  0.533  0.461   288.27   165.76   101.12    81.99    66.91  0 -4.26e-07      0.01 6.785e-01 3.017e-01 3.016e-03 1.649e-03 8.726e-03 -1.000 1.982e-02 -3.958 3.407 3.781 2.479 0.052 -2.215 -5.998 -6.971 -7.403
0.02 0.14251 9.90309 1.1321462393 2.4969086879    0.842  3.529  3.4386 -0.459    8  0.533  0.461   284.15    -1.00    -1.00    -1.00    -1.00  0 -5.03e-07      0.01 6.785e-01 3.017e-01 3.016e-03 1.649e-03 8.726e-03 -1.000 1.982e-02 -4.052 3.418 3.835 2.538 0.058 -2.246 -6.104 -7.079 -7.519
0.02 0.14251 9.90309 1.1321468353 2.4969087817    0.834  3.544  3.4356 -0.490    8  0.534  0.461   279.40    -1.00    -1.00    -1.00    -1.00  0 -5.46e-07      0.01 6.785e-01 3.017e-01 3.016e-03 1.649e-03 8.726e-03 -1.000 1.982e-02 -4.090 3.428 3.861 2.570 0.064 -2.257 -6.146 -7.122 -7.566
0.02 0.14251 9.90309 1.1321475506 2.4969088943    0.825  3.551  3.4342 -0.507    8  0.535  0.461   274.22    -1.00    -1.00    -1.00    -1.00  0 -5.99e-07      0.01 6.785e-01 3.017e-01 3.016e-03 1.649e-03 8.726e-03 -1.000 1.982e-02 -4.107 3.445 3.883 2.593 0.072 -2.258 -6.163 -7.141 -7.587
0.02 0.14251 9.90309 1.1321475506 2.4969088943    0.825  3.367  3.4636 -0.207    8  0.535  0.461   214.74   117.80    72.93    58.90    48.01  1 -2.91e-07      0.00 6.785e-01 3.017e-01 3.016e-03 1.649e-03 8.726e-03 -1.000 1.982e-02 -3.649 3.456 3.671 2.409 0.080 -2.110 -5.653 -6.616 -7.026
0.02 0.14251 9.90309 1.1321476698 2.4969089130    0.822  3.197  3.4908  0.071    8  0.535  0.461   138.66    71.20    45.09    36.14    29.43  1 -1.52e-07      0.00 6.785e-01 3.017e-01 3.016e-03 1.649e-03 8.726e-03 -1.000 1.982e-02 -3.223 3.441 3.272 2.182 -0.044 -2.175 -5.163 -6.095 -6.465
0.02 0.14251 9.90309 1.1321477890 2.4969089318    0.819  3.033  3.5169  0.338    8  0.535  0.461    78.87    43.92    28.42    22.63    18.40  1 -7.99e-08      0.00 6.785e-01 3.017e-01 3.016e-03 1.649e-03 8.726e-03 -1.000 1.982e-02 -2.813 3.368 2.366 1.063 -0.681 -2.564 -4.678 -5.576 -5.896
0.02 0.14251 9.90309 1.1321480274 2.4969089693    0.814  3.059  3.5123  0.291    8  0.535  0.461    87.06    47.76    30.79    24.55    19.96  1 -9.04e-08      0.00 6.785e-01 3.017e-01 3.016e-03 1.649e-03 8.726e-03 -1.000 1.982e-02 -2.878 3.395 2.564 1.317 -0.537 -2.484 -4.758 -5.661 -5.991
0.02 0.14251 9.90309 1.1321483850 2.4969090256    0.808  3.177  3.4925  0.090    8  0.536  0.461   132.89    68.50    43.43    34.82    28.35  1 -1.48e-07      0.00 6.785e-01 3.017e-01 3.016e-03 1.649e-03 8.726e-03 -1.000 1.982e-02 -3.174 3.457 3.235 2.137 -0.063 -2.183 -5.109 -6.039 -6.405
0.02 0.14251 9.90309 1.1321487427 2.4969090818    0.800  3.324  3.4679 -0.159    8  0.536  0.461   197.26   107.16    66.58    53.75    43.80  1 -2.67e-07      0.00 6.785e-01 3.017e-01 3.016e-03 1.649e-03 8.726e-03 -1.000 1.982e-02 -3.539 3.495 3.666 2.433 0.118 -2.060 -5.534 -6.492 -6.896
0.02 0.14251 9.90309 1.1321492195 2.4969091569    0.791  3.443  3.4473 -0.366    8  0.536  0.461   253.90    -1.00    -1.00    -1.00    -1.00  0 -4.34e-07      0.01 6.785e-01 3.017e-01 3.016e-03 1.649e-03 8.726e-03 -1.000 1.982e-02 -3.838 3.478 3.836 2.539 0.131 -2.123 -5.873 -6.846 -7.273
0.02 0.14251 9.90309 1.1321496964 2.4969092319    0.781  3.519  3.4340 -0.500    8  0.537  0.461   247.89    -1.00    -1.00    -1.00    -1.00  0 -5.95e-07      0.01 6.785e-01 3.017e-01 3.016e-03 1.649e-03 8.726e-03 -1.000 1.982e-02 -4.027 3.521 3.961 2.674 0.152 -2.178 -6.084 -7.061 -7.507
0.02 0.14251 9.90309 1.1321502924 2.4969093257    0.769  3.557  3.4270 -0.573    8  0.538  0.461   241.23    -1.00    -1.00    -1.00    -1.00  0 -8.18e-07      0.03 6.785e-01 3.017e-01 3.016e-03 1.649e-03 8.726e-03 -1.000 1.982e-02 -4.121 3.572 4.038 2.772 0.173 -2.201 -6.183 -7.164 -7.621
0.02 0.14251 9.90309 1.1321510077 2.4969094382    0.756  3.573  3.4240 -0.608    8  0.538  0.461   233.96    -1.00    -1.00    -1.00    -1.00  0 -1.02e-06      0.04 6.785e-01 3.017e-01 3.016e-03 1.649e-03 8.726e-03 -1.000 1.982e-02 -4.162 3.642 4.104 2.840 0.198 -2.199 -6.218 -7.204 -7.669
0.02 0.14251 9.90309 1.1321517229 2.4969095508    0.742  3.580  3.4229 -0.629    8  0.539  0.461   226.16    -1.00    -1.00    -1.00    -1.00  0 -1.17e-06      0.05 6.785e-01 3.017e-01 3.016e-03 1.649e-03 8.726e-03 -1.000 1.982e-02 -4.181 3.688 4.142 2.872 0.209 -2.198 -6.234 -7.222 -7.692
0.02 0.14251 9.90309 1.1321517229 2.4969095508    0.741  3.409  3.4530 -0.337    8  0.539  0.461   225.49    -1.00    -1.00    -1.00    -1.00  0 -4.68e-07      0.01 6.785e-01 3.017e-01 3.016e-03 1.649e-03 8.726e-03 -1.000 1.982e-02 -3.752 3.516 3.823 2.521 0.143 -2.087 -5.775 -6.745 -7.169
0.02 0.14251 9.90309 1.1321518421 2.4969095695    0.737  3.240  3.4829 -0.051    8  0.539  0.461   162.13    86.31    54.05    43.63    35.51  1 -2.52e-07      0.00 6.785e-01 3.017e-01 3.016e-03 1.649e-03 8.726e-03 -1.000 1.982e-02 -3.330 3.516 3.481 2.336 0.059 -2.093 -5.289 -6.231 -6.617
0.02 0.14251 9.90309 1.1321519613 2.4969095883    0.730  3.076  3.5126  0.228    8  0.539  0.461    97.68    52.04    33.33    26.71    21.72  1 -1.37e-07      0.00 6.785e-01 3.017e-01 3.016e-03 1.649e-03 8.726e-03 -1.000 1.982e-02 -2.921 3.409 2.545 1.276 -0.583 -2.533 -4.799 -5.700 -6.033
0.02 0.14251 9.90309 1.1321521997 2.4969096258    0.721  3.102  3.5092  0.183    8  0.539  0.461   107.19    56.22    35.88    28.80    23.41  1 -1.59e-07      0.00 6.785e-01 3.017e-01 3.016e-03 1.649e-03 8.726e-03 -1.000 1.982e-02 -2.985 3.422 2.678 1.444 -0.495 -2.489 -4.874 -5.778 -6.118
0.02 0.14251 9.90309 1.1321525574 2.4969096821    0.710  3.217  3.4900 -0.016    8  0.540  0.461   151.49    80.21    50.36    40.66    33.08  1 -2.63e-07      0.00 6.785e-01 3.017e-01 3.016e-03 1.649e-03 8.726e-03 -1.000 1.982e-02 -3.272 3.497 3.336 2.228 -0.031 -2.175 -5.213 -6.146 -6.522
0.02 0.14251 9.90309 1.1321529150 2.4969097383    0.696  3.359  3.4660 -0.262    8  0.540  0.461   201.41    -1.00    -1.00    -1.00    -1.00  0 -4.82e-07      0.01 6.785e-01 3.017e-01 3.016e-03 1.649e-03 8.726e-03 -1.000 1.982e-02 -3.627 3.554 3.726 2.447 0.102 -2.090 -5.623 -6.585 -7.000
0.02 0.14251 9.90309 1.1321533918 2.4969098134    0.680  3.475  3.4473 -0.464    8  0.541  0.461   192.99    -1.00    -1.00    -1.00    -1.00  0 -8.06e-07      0.03 6.785e-01 3.017e-01 3.016e-03 1.649e-03 8.726e-03 -1.000 1.982e-02 -3.917 3.627 3.944 2.584 0.134 -2.139 -5.941 -6.921 -7.366
0.02 0.14251 9.90309 1.1321538687 2.4969098884    0.661  3.548  3.4378 -0.586    8  0.541  0.461   183.67    -1.00    -1.00    -1.00    -1.00  0 -1.17e-06      0.05 6.785e-01 3.017e-01 3.016e-03 1.649e-03 8.726e-03 -1.000 1.982e-02 -4.100 3.699 4.045 2.668 0.123 -2.208 -6.129 -7.119 -7.582
0.02 0.14251 9.90309 1.1321544647 2.4969099822    0.641  3.584  3.4375 -0.637    8  0.542  0.461   173.60    -1.00    -1.00    -1.00    -1.00  0  -1.8e-06      0.10 6.785e-01 3.017e-01 3.016e-03 1.649e-03 8.726e-03 -1.000 1.982e-02 -4.191 3.919 4.169 2.719 0.121 -2.230 -6.187 -7.195 -7.680
0.02 0.14251 9.90309 1.1321551800 2.4969100947    0.619  3.599  3.4443 -0.641    8  0.543  0.461   162.96    -1.00    -1.00    -1.00    -1.00  0 -2.25e-06      0.25 6.785e-01 3.017e-01 3.016e-03 1.649e-03 8.726e-03 -1.000 1.982e-02 -4.228 4.659 4.573 2.927 0.242 -2.123 -6.106 -7.161 -7.699
0.02 0.14251 9.90309 1.1321558952 2.4969102072    0.595  3.606  3.4563 -0.617    8  0.544  0.461   151.92    -1.00    -1.00    -1.00    -1.00  0 -2.57e-06      0.30 6.785e-01 3.017e-01 3.016e-03 1.649e-03 8.726e-03 -1.000 1.982e-02 -4.246 4.794 4.513 2.811 0.144 -2.185 -6.069 -7.129 -7.678
0.02 0.14251 9.90309 1.1321575642 2.4969104698    0.544 -9.999  4.0000  1.766    9  0.544  0.000     0.00     0.00     0.00     0.00     0.00 -1    -1e-30      0.00 6.785e-01 3.017e-01 3.016e-03 1.649e-03 8.726e-03 -1.000 1.982e-02 29.767 29.708 29.973 30.024 30.012 30.010 30.061 30.060 30.078
#isochrone terminated
